[
    {
        "player": "Anders Lee",
        "team": "NYI",
        "opponent": "CBJ",
        "propType": "sog",
        "line": 2.5,
        "ppLine": "PP1",
        "avg": 2.65,
        "hit": false,
        "diffAvg": 0.06,
        "diffAbs": 0.16,
        "lastAvg": 2.09,
        "diff": -0.16,
        "avgMin": 17,
        "proj": 2.1,
        "lastAvgMin": 16.62,
        "oppOver": 0,
        "teamOver": 0,
        "gameLine": "-240",
        "+/-": "+2",
        "L5_+/-": -3.0,
        "prevMatchup": "2022-12-29 2.0 sog, 2022-11-25 2.0 sog, 2022-11-12 2.0 sog",
        "winLossSplits": "2.87 - 2.25",
        "awayHome": "A",
        "playedYesterday": "N",
        "awayHomeSplits": "2.78 - 2.53",
        "savesAboveExp": "-",
        "gsaa": "-",
        "corsi": "49.0% (57.7) // 50.8% (57.0) // 49.5% (55.5) // 47.3% (52.5)",
        "fenwick": "48.9% (42.1) // 52.3% (42.4) // 49.2% (40.0) // 50.9% (41.0)",
        "shots": "49.3% (30.2) // 52.4% (30.5) // 51.2% (30.7) // 52.1% (31.0)",
        "scoring": "49.6% (30.2) // 51.6% (28.8) // 49.6% (28.2) // 45.0% (24.5)",
        "corsiAgainst": "51.0% (60.1) // 49.2% (55.2) // 50.5% (56.5) // 52.7% (58.5)",
        "fenwickAgainst": "51.1% (44.0) // 47.7% (38.6) // 50.8% (41.2) // 49.1% (39.5)",
        "shotsAgainst": "50.7% (31.0) // 47.6% (27.8) // 48.8% (29.2) // 47.9% (28.5)",
        "scoringAgainst": "50.4% (30.7) // 48.4% (27.0) // 50.4% (28.8) // 55.0% (30.0)",
        "oppCorsi": "46.1% (55.8) // 47.0% (60.1) // 50.8% (66.1) // 48.5% (61.1)",
        "oppFenwick": "46.0% (41.6) // 47.1% (45.7) // 50.3% (49.1) // 47.1% (44.0)",
        "oppShots": "45.9% (29.6) // 48.0% (33.7) // 51.6% (38.3) // 49.4% (37.2)",
        "oppScoring": "45.3% (27.2) // 45.6% (31.3) // 48.6% (35.2) // 48.9% (32.3)",
        "oppCorsiAgainst": "53.9% (65.2) // 53.0% (67.9) // 49.2% (64.1) // 51.5% (65.0)",
        "oppFenwickAgainst": "54.0% (48.7) // 52.9% (51.2) // 49.7% (48.5) // 52.9% (49.4)",
        "oppShotsAgainst": "54.1% (34.9) // 52.0% (36.4) // 48.4% (36.0) // 50.6% (38.1)",
        "oppScoringAgainst": "54.7% (32.9) // 54.4% (37.4) // 51.4% (37.1) // 51.1% (33.7)",
        "savesPerGame": 28.7,
        "savesPerGameLast1": 25.0,
        "savesPerGameLast3": 24.7,
        "savesPerGameLast5": 25.6,
        "savesPer60": 28.7,
        "savesPer60Last1": 24.9,
        "savesPer60Last3": 24.6,
        "savesPer60Last5": 25.4,
        "shotsPerGame": 30.5,
        "shotsPerGameLast5": 28.2,
        "shotsAgainstPerGame": 31.3,
        "shotsAgainstPerGameLast5": 28.8,
        "oppSavesAgainstPer60": 27.2,
        "oppSavesAgainstPer60Last1": 31.9,
        "oppSavesAgainstPer60Last3": 35.4,
        "oppSavesAgainstPer60Last5": 35.3,
        "oppShotsAgainstPerGame": 35.2,
        "oppShotsAgainstPerGameLast5": 36.8,
        "savesProj": 24.9,
        "savesProjLast5": 28.6,
        "savesProjLast3": 27.5,
        "oppSavesAgainstProj": 27.5,
        "oppSavesAgainstProjLast5": 32.4,
        "oppSavesAgainstProjLast3": 32.2,
        "totalOver": 51,
        "totalOverLast5": 40,
        "totalOverLast15": 53,
        "lastTotalOver": 33,
        "last5": "5,3,1,2,0,3,3,6,6,0",
        "overOdds": "-125",
        "underOdds": "-105",
        "overUnder": "-125 / -105"
    },
    {
        "player": "Anders Lee",
        "team": "NYI",
        "opponent": "CBJ",
        "propType": "pts",
        "line": 0.5,
        "ppLine": "PP1",
        "avg": 0.67,
        "hit": false,
        "diffAvg": 0.34,
        "diffAbs": 0.2,
        "lastAvg": 0.61,
        "diff": 0.22,
        "avgMin": 17,
        "proj": 0.6,
        "lastAvgMin": 16.62,
        "oppOver": 0,
        "teamOver": 0,
        "gameLine": "-240",
        "+/-": "+2",
        "L5_+/-": -3.0,
        "prevMatchup": "2022-12-29 0.0 pts, 2022-11-25 0.0 pts, 2022-11-12 1.0 pts",
        "winLossSplits": "0.9 - 0.4",
        "awayHome": "A",
        "playedYesterday": "N",
        "awayHomeSplits": "0.58 - 0.75",
        "savesAboveExp": "-",
        "gsaa": "-",
        "corsi": "49.0% (57.7) // 50.8% (57.0) // 49.5% (55.5) // 47.3% (52.5)",
        "fenwick": "48.9% (42.1) // 52.3% (42.4) // 49.2% (40.0) // 50.9% (41.0)",
        "shots": "49.3% (30.2) // 52.4% (30.5) // 51.2% (30.7) // 52.1% (31.0)",
        "scoring": "49.6% (30.2) // 51.6% (28.8) // 49.6% (28.2) // 45.0% (24.5)",
        "corsiAgainst": "51.0% (60.1) // 49.2% (55.2) // 50.5% (56.5) // 52.7% (58.5)",
        "fenwickAgainst": "51.1% (44.0) // 47.7% (38.6) // 50.8% (41.2) // 49.1% (39.5)",
        "shotsAgainst": "50.7% (31.0) // 47.6% (27.8) // 48.8% (29.2) // 47.9% (28.5)",
        "scoringAgainst": "50.4% (30.7) // 48.4% (27.0) // 50.4% (28.8) // 55.0% (30.0)",
        "oppCorsi": "46.1% (55.8) // 47.0% (60.1) // 50.8% (66.1) // 48.5% (61.1)",
        "oppFenwick": "46.0% (41.6) // 47.1% (45.7) // 50.3% (49.1) // 47.1% (44.0)",
        "oppShots": "45.9% (29.6) // 48.0% (33.7) // 51.6% (38.3) // 49.4% (37.2)",
        "oppScoring": "45.3% (27.2) // 45.6% (31.3) // 48.6% (35.2) // 48.9% (32.3)",
        "oppCorsiAgainst": "53.9% (65.2) // 53.0% (67.9) // 49.2% (64.1) // 51.5% (65.0)",
        "oppFenwickAgainst": "54.0% (48.7) // 52.9% (51.2) // 49.7% (48.5) // 52.9% (49.4)",
        "oppShotsAgainst": "54.1% (34.9) // 52.0% (36.4) // 48.4% (36.0) // 50.6% (38.1)",
        "oppScoringAgainst": "54.7% (32.9) // 54.4% (37.4) // 51.4% (37.1) // 51.1% (33.7)",
        "savesPerGame": 28.7,
        "savesPerGameLast1": 25.0,
        "savesPerGameLast3": 24.7,
        "savesPerGameLast5": 25.6,
        "savesPer60": 28.7,
        "savesPer60Last1": 24.9,
        "savesPer60Last3": 24.6,
        "savesPer60Last5": 25.4,
        "shotsPerGame": 30.5,
        "shotsPerGameLast5": 28.2,
        "shotsAgainstPerGame": 31.3,
        "shotsAgainstPerGameLast5": 28.8,
        "oppSavesAgainstPer60": 27.2,
        "oppSavesAgainstPer60Last1": 31.9,
        "oppSavesAgainstPer60Last3": 35.4,
        "oppSavesAgainstPer60Last5": 35.3,
        "oppShotsAgainstPerGame": 35.2,
        "oppShotsAgainstPerGameLast5": 36.8,
        "savesProj": 24.9,
        "savesProjLast5": 28.6,
        "savesProjLast3": 27.5,
        "oppSavesAgainstProj": 27.5,
        "oppSavesAgainstProjLast5": 32.4,
        "oppSavesAgainstProjLast3": 32.2,
        "totalOver": 50,
        "totalOverLast5": 20,
        "totalOverLast15": 40,
        "lastTotalOver": 44,
        "last5": "2,0,0,0,0,2,0,2,0,0",
        "overOdds": "-135",
        "underOdds": "+105",
        "overUnder": "-135 / +105"
    },
    {
        "player": "Anders Lee",
        "team": "NYI",
        "opponent": "CBJ",
        "propType": "ast",
        "line": 0.5,
        "ppLine": "PP1",
        "avg": 0.29,
        "hit": false,
        "diffAvg": -0.42,
        "diffAbs": 0.6,
        "lastAvg": 0.24,
        "diff": -0.52,
        "avgMin": 17,
        "proj": 0.2,
        "lastAvgMin": 16.62,
        "oppOver": 0,
        "teamOver": 0,
        "gameLine": "-240",
        "+/-": "+2",
        "L5_+/-": -3.0,
        "prevMatchup": "2022-12-29 0.0 ast, 2022-11-25 0.0 ast, 2022-11-12 1.0 ast",
        "winLossSplits": "0.38 - 0.19",
        "awayHome": "A",
        "playedYesterday": "N",
        "awayHomeSplits": "0.19 - 0.39",
        "savesAboveExp": "-",
        "gsaa": "-",
        "corsi": "49.0% (57.7) // 50.8% (57.0) // 49.5% (55.5) // 47.3% (52.5)",
        "fenwick": "48.9% (42.1) // 52.3% (42.4) // 49.2% (40.0) // 50.9% (41.0)",
        "shots": "49.3% (30.2) // 52.4% (30.5) // 51.2% (30.7) // 52.1% (31.0)",
        "scoring": "49.6% (30.2) // 51.6% (28.8) // 49.6% (28.2) // 45.0% (24.5)",
        "corsiAgainst": "51.0% (60.1) // 49.2% (55.2) // 50.5% (56.5) // 52.7% (58.5)",
        "fenwickAgainst": "51.1% (44.0) // 47.7% (38.6) // 50.8% (41.2) // 49.1% (39.5)",
        "shotsAgainst": "50.7% (31.0) // 47.6% (27.8) // 48.8% (29.2) // 47.9% (28.5)",
        "scoringAgainst": "50.4% (30.7) // 48.4% (27.0) // 50.4% (28.8) // 55.0% (30.0)",
        "oppCorsi": "46.1% (55.8) // 47.0% (60.1) // 50.8% (66.1) // 48.5% (61.1)",
        "oppFenwick": "46.0% (41.6) // 47.1% (45.7) // 50.3% (49.1) // 47.1% (44.0)",
        "oppShots": "45.9% (29.6) // 48.0% (33.7) // 51.6% (38.3) // 49.4% (37.2)",
        "oppScoring": "45.3% (27.2) // 45.6% (31.3) // 48.6% (35.2) // 48.9% (32.3)",
        "oppCorsiAgainst": "53.9% (65.2) // 53.0% (67.9) // 49.2% (64.1) // 51.5% (65.0)",
        "oppFenwickAgainst": "54.0% (48.7) // 52.9% (51.2) // 49.7% (48.5) // 52.9% (49.4)",
        "oppShotsAgainst": "54.1% (34.9) // 52.0% (36.4) // 48.4% (36.0) // 50.6% (38.1)",
        "oppScoringAgainst": "54.7% (32.9) // 54.4% (37.4) // 51.4% (37.1) // 51.1% (33.7)",
        "savesPerGame": 28.7,
        "savesPerGameLast1": 25.0,
        "savesPerGameLast3": 24.7,
        "savesPerGameLast5": 25.6,
        "savesPer60": 28.7,
        "savesPer60Last1": 24.9,
        "savesPer60Last3": 24.6,
        "savesPer60Last5": 25.4,
        "shotsPerGame": 30.5,
        "shotsPerGameLast5": 28.2,
        "shotsAgainstPerGame": 31.3,
        "shotsAgainstPerGameLast5": 28.8,
        "oppSavesAgainstPer60": 27.2,
        "oppSavesAgainstPer60Last1": 31.9,
        "oppSavesAgainstPer60Last3": 35.4,
        "oppSavesAgainstPer60Last5": 35.3,
        "oppShotsAgainstPerGame": 35.2,
        "oppShotsAgainstPerGameLast5": 36.8,
        "savesProj": 24.9,
        "savesProjLast5": 28.6,
        "savesProjLast3": 27.5,
        "oppSavesAgainstProj": 27.5,
        "oppSavesAgainstProjLast5": 32.4,
        "oppSavesAgainstProjLast3": 32.2,
        "totalOver": 25,
        "totalOverLast5": 20,
        "totalOverLast15": 20,
        "lastTotalOver": 19,
        "last5": "1,0,0,0,0,0,0,0,0,0",
        "overOdds": "+185",
        "underOdds": "-230",
        "overUnder": "+185 / -230"
    },
    {
        "player": "Anders Lee",
        "team": "NYI",
        "opponent": "CBJ",
        "propType": "g",
        "line": 0.5,
        "ppLine": "PP1",
        "avg": 0.38,
        "hit": false,
        "diffAvg": -0.24,
        "diffAbs": 0.2,
        "lastAvg": 0.37,
        "diff": -0.26,
        "avgMin": 17,
        "proj": 0.4,
        "lastAvgMin": 16.62,
        "oppOver": 0,
        "teamOver": 0,
        "gameLine": "-240",
        "+/-": "+2",
        "L5_+/-": -3.0,
        "prevMatchup": "2022-12-29 0.0 g, 2022-11-25 0.0 g, 2022-11-12 0.0 g",
        "winLossSplits": "0.52 - 0.21",
        "awayHome": "A",
        "playedYesterday": "N",
        "awayHomeSplits": "0.39 - 0.36",
        "savesAboveExp": "-",
        "gsaa": "-",
        "corsi": "49.0% (57.7) // 50.8% (57.0) // 49.5% (55.5) // 47.3% (52.5)",
        "fenwick": "48.9% (42.1) // 52.3% (42.4) // 49.2% (40.0) // 50.9% (41.0)",
        "shots": "49.3% (30.2) // 52.4% (30.5) // 51.2% (30.7) // 52.1% (31.0)",
        "scoring": "49.6% (30.2) // 51.6% (28.8) // 49.6% (28.2) // 45.0% (24.5)",
        "corsiAgainst": "51.0% (60.1) // 49.2% (55.2) // 50.5% (56.5) // 52.7% (58.5)",
        "fenwickAgainst": "51.1% (44.0) // 47.7% (38.6) // 50.8% (41.2) // 49.1% (39.5)",
        "shotsAgainst": "50.7% (31.0) // 47.6% (27.8) // 48.8% (29.2) // 47.9% (28.5)",
        "scoringAgainst": "50.4% (30.7) // 48.4% (27.0) // 50.4% (28.8) // 55.0% (30.0)",
        "oppCorsi": "46.1% (55.8) // 47.0% (60.1) // 50.8% (66.1) // 48.5% (61.1)",
        "oppFenwick": "46.0% (41.6) // 47.1% (45.7) // 50.3% (49.1) // 47.1% (44.0)",
        "oppShots": "45.9% (29.6) // 48.0% (33.7) // 51.6% (38.3) // 49.4% (37.2)",
        "oppScoring": "45.3% (27.2) // 45.6% (31.3) // 48.6% (35.2) // 48.9% (32.3)",
        "oppCorsiAgainst": "53.9% (65.2) // 53.0% (67.9) // 49.2% (64.1) // 51.5% (65.0)",
        "oppFenwickAgainst": "54.0% (48.7) // 52.9% (51.2) // 49.7% (48.5) // 52.9% (49.4)",
        "oppShotsAgainst": "54.1% (34.9) // 52.0% (36.4) // 48.4% (36.0) // 50.6% (38.1)",
        "oppScoringAgainst": "54.7% (32.9) // 54.4% (37.4) // 51.4% (37.1) // 51.1% (33.7)",
        "savesPerGame": 28.7,
        "savesPerGameLast1": 25.0,
        "savesPerGameLast3": 24.7,
        "savesPerGameLast5": 25.6,
        "savesPer60": 28.7,
        "savesPer60Last1": 24.9,
        "savesPer60Last3": 24.6,
        "savesPer60Last5": 25.4,
        "shotsPerGame": 30.5,
        "shotsPerGameLast5": 28.2,
        "shotsAgainstPerGame": 31.3,
        "shotsAgainstPerGameLast5": 28.8,
        "oppSavesAgainstPer60": 27.2,
        "oppSavesAgainstPer60Last1": 31.9,
        "oppSavesAgainstPer60Last3": 35.4,
        "oppSavesAgainstPer60Last5": 35.3,
        "oppShotsAgainstPerGame": 35.2,
        "oppShotsAgainstPerGameLast5": 36.8,
        "savesProj": 24.9,
        "savesProjLast5": 28.6,
        "savesProjLast3": 27.5,
        "oppSavesAgainstProj": 27.5,
        "oppSavesAgainstProjLast5": 32.4,
        "oppSavesAgainstProjLast3": 32.2,
        "totalOver": 29,
        "totalOverLast5": 20,
        "totalOverLast15": 27,
        "lastTotalOver": 31,
        "last5": "1,0,0,0,0,2,0,2,0,0",
        "overOdds": "+160",
        "underOdds": "0",
        "overUnder": "+160 / 0"
    },
    {
        "player": "Bo Horvat",
        "team": "NYI",
        "opponent": "CBJ",
        "propType": "sog",
        "line": 2.5,
        "ppLine": "PP1",
        "avg": 2.95,
        "hit": false,
        "diffAvg": 0.18,
        "diffAbs": 1.0,
        "lastAvg": 0,
        "diff": 0,
        "avgMin": 21,
        "proj": 0.0,
        "lastAvgMin": 0,
        "oppOver": 0,
        "teamOver": 0,
        "gameLine": "-240",
        "+/-": -1,
        "L5_+/-": -4.0,
        "prevMatchup": "",
        "winLossSplits": "2.8 - 2.98",
        "awayHome": "A",
        "playedYesterday": "N",
        "awayHomeSplits": "3.5 - 2.4",
        "savesAboveExp": "-",
        "gsaa": "-",
        "corsi": "49.0% (57.7) // 50.8% (57.0) // 49.5% (55.5) // 47.3% (52.5)",
        "fenwick": "48.9% (42.1) // 52.3% (42.4) // 49.2% (40.0) // 50.9% (41.0)",
        "shots": "49.3% (30.2) // 52.4% (30.5) // 51.2% (30.7) // 52.1% (31.0)",
        "scoring": "49.6% (30.2) // 51.6% (28.8) // 49.6% (28.2) // 45.0% (24.5)",
        "corsiAgainst": "51.0% (60.1) // 49.2% (55.2) // 50.5% (56.5) // 52.7% (58.5)",
        "fenwickAgainst": "51.1% (44.0) // 47.7% (38.6) // 50.8% (41.2) // 49.1% (39.5)",
        "shotsAgainst": "50.7% (31.0) // 47.6% (27.8) // 48.8% (29.2) // 47.9% (28.5)",
        "scoringAgainst": "50.4% (30.7) // 48.4% (27.0) // 50.4% (28.8) // 55.0% (30.0)",
        "oppCorsi": "46.1% (55.8) // 47.0% (60.1) // 50.8% (66.1) // 48.5% (61.1)",
        "oppFenwick": "46.0% (41.6) // 47.1% (45.7) // 50.3% (49.1) // 47.1% (44.0)",
        "oppShots": "45.9% (29.6) // 48.0% (33.7) // 51.6% (38.3) // 49.4% (37.2)",
        "oppScoring": "45.3% (27.2) // 45.6% (31.3) // 48.6% (35.2) // 48.9% (32.3)",
        "oppCorsiAgainst": "53.9% (65.2) // 53.0% (67.9) // 49.2% (64.1) // 51.5% (65.0)",
        "oppFenwickAgainst": "54.0% (48.7) // 52.9% (51.2) // 49.7% (48.5) // 52.9% (49.4)",
        "oppShotsAgainst": "54.1% (34.9) // 52.0% (36.4) // 48.4% (36.0) // 50.6% (38.1)",
        "oppScoringAgainst": "54.7% (32.9) // 54.4% (37.4) // 51.4% (37.1) // 51.1% (33.7)",
        "savesPerGame": 28.7,
        "savesPerGameLast1": 25.0,
        "savesPerGameLast3": 24.7,
        "savesPerGameLast5": 25.6,
        "savesPer60": 28.7,
        "savesPer60Last1": 24.9,
        "savesPer60Last3": 24.6,
        "savesPer60Last5": 25.4,
        "shotsPerGame": 30.5,
        "shotsPerGameLast5": 28.2,
        "shotsAgainstPerGame": 31.3,
        "shotsAgainstPerGameLast5": 28.8,
        "oppSavesAgainstPer60": 27.2,
        "oppSavesAgainstPer60Last1": 31.9,
        "oppSavesAgainstPer60Last3": 35.4,
        "oppSavesAgainstPer60Last5": 35.3,
        "oppShotsAgainstPerGame": 35.2,
        "oppShotsAgainstPerGameLast5": 36.8,
        "savesProj": 24.9,
        "savesProjLast5": 28.6,
        "savesProjLast3": 27.5,
        "oppSavesAgainstProj": 27.5,
        "oppSavesAgainstProjLast5": 32.4,
        "oppSavesAgainstProjLast3": 32.2,
        "totalOver": 60,
        "totalOverLast5": 80,
        "totalOverLast15": 53,
        "lastTotalOver": 0,
        "last5": "3,5,3,2,3,3,2,3,7,3",
        "overOdds": "-145",
        "underOdds": "+115",
        "overUnder": "-145 / +115"
    },
    {
        "player": "Bo Horvat",
        "team": "NYI",
        "opponent": "CBJ",
        "propType": "pts",
        "line": 0.5,
        "ppLine": "PP1",
        "avg": 0.45,
        "hit": false,
        "diffAvg": -0.1,
        "diffAbs": 1.0,
        "lastAvg": 0,
        "diff": 0,
        "avgMin": 21,
        "proj": 0.0,
        "lastAvgMin": 0,
        "oppOver": 0,
        "teamOver": 0,
        "gameLine": "-240",
        "+/-": -1,
        "L5_+/-": -4.0,
        "prevMatchup": "",
        "winLossSplits": "0.53 - 0.36",
        "awayHome": "A",
        "playedYesterday": "N",
        "awayHomeSplits": "0.5 - 0.4",
        "savesAboveExp": "-",
        "gsaa": "-",
        "corsi": "49.0% (57.7) // 50.8% (57.0) // 49.5% (55.5) // 47.3% (52.5)",
        "fenwick": "48.9% (42.1) // 52.3% (42.4) // 49.2% (40.0) // 50.9% (41.0)",
        "shots": "49.3% (30.2) // 52.4% (30.5) // 51.2% (30.7) // 52.1% (31.0)",
        "scoring": "49.6% (30.2) // 51.6% (28.8) // 49.6% (28.2) // 45.0% (24.5)",
        "corsiAgainst": "51.0% (60.1) // 49.2% (55.2) // 50.5% (56.5) // 52.7% (58.5)",
        "fenwickAgainst": "51.1% (44.0) // 47.7% (38.6) // 50.8% (41.2) // 49.1% (39.5)",
        "shotsAgainst": "50.7% (31.0) // 47.6% (27.8) // 48.8% (29.2) // 47.9% (28.5)",
        "scoringAgainst": "50.4% (30.7) // 48.4% (27.0) // 50.4% (28.8) // 55.0% (30.0)",
        "oppCorsi": "46.1% (55.8) // 47.0% (60.1) // 50.8% (66.1) // 48.5% (61.1)",
        "oppFenwick": "46.0% (41.6) // 47.1% (45.7) // 50.3% (49.1) // 47.1% (44.0)",
        "oppShots": "45.9% (29.6) // 48.0% (33.7) // 51.6% (38.3) // 49.4% (37.2)",
        "oppScoring": "45.3% (27.2) // 45.6% (31.3) // 48.6% (35.2) // 48.9% (32.3)",
        "oppCorsiAgainst": "53.9% (65.2) // 53.0% (67.9) // 49.2% (64.1) // 51.5% (65.0)",
        "oppFenwickAgainst": "54.0% (48.7) // 52.9% (51.2) // 49.7% (48.5) // 52.9% (49.4)",
        "oppShotsAgainst": "54.1% (34.9) // 52.0% (36.4) // 48.4% (36.0) // 50.6% (38.1)",
        "oppScoringAgainst": "54.7% (32.9) // 54.4% (37.4) // 51.4% (37.1) // 51.1% (33.7)",
        "savesPerGame": 28.7,
        "savesPerGameLast1": 25.0,
        "savesPerGameLast3": 24.7,
        "savesPerGameLast5": 25.6,
        "savesPer60": 28.7,
        "savesPer60Last1": 24.9,
        "savesPer60Last3": 24.6,
        "savesPer60Last5": 25.4,
        "shotsPerGame": 30.5,
        "shotsPerGameLast5": 28.2,
        "shotsAgainstPerGame": 31.3,
        "shotsAgainstPerGameLast5": 28.8,
        "oppSavesAgainstPer60": 27.2,
        "oppSavesAgainstPer60Last1": 31.9,
        "oppSavesAgainstPer60Last3": 35.4,
        "oppSavesAgainstPer60Last5": 35.3,
        "oppShotsAgainstPerGame": 35.2,
        "oppShotsAgainstPerGameLast5": 36.8,
        "savesProj": 24.9,
        "savesProjLast5": 28.6,
        "savesProjLast3": 27.5,
        "oppSavesAgainstProj": 27.5,
        "oppSavesAgainstProjLast5": 32.4,
        "oppSavesAgainstProjLast3": 32.2,
        "totalOver": 35,
        "totalOverLast5": 0,
        "totalOverLast15": 27,
        "lastTotalOver": 0,
        "last5": "0,0,0,0,0,1,0,0,0,1",
        "overOdds": "-185",
        "underOdds": "+150",
        "overUnder": "-185 / +150"
    },
    {
        "player": "Bo Horvat",
        "team": "NYI",
        "opponent": "CBJ",
        "propType": "ast",
        "line": 0.5,
        "ppLine": "PP1",
        "avg": 0.2,
        "hit": false,
        "diffAvg": -0.6,
        "diffAbs": 1.0,
        "lastAvg": 0,
        "diff": 0,
        "avgMin": 21,
        "proj": 0.0,
        "lastAvgMin": 0,
        "oppOver": 0,
        "teamOver": 0,
        "gameLine": "-240",
        "+/-": -1,
        "L5_+/-": -4.0,
        "prevMatchup": "",
        "winLossSplits": "0.25 - 0.12",
        "awayHome": "A",
        "playedYesterday": "N",
        "awayHomeSplits": "0.2 - 0.2",
        "savesAboveExp": "-",
        "gsaa": "-",
        "corsi": "49.0% (57.7) // 50.8% (57.0) // 49.5% (55.5) // 47.3% (52.5)",
        "fenwick": "48.9% (42.1) // 52.3% (42.4) // 49.2% (40.0) // 50.9% (41.0)",
        "shots": "49.3% (30.2) // 52.4% (30.5) // 51.2% (30.7) // 52.1% (31.0)",
        "scoring": "49.6% (30.2) // 51.6% (28.8) // 49.6% (28.2) // 45.0% (24.5)",
        "corsiAgainst": "51.0% (60.1) // 49.2% (55.2) // 50.5% (56.5) // 52.7% (58.5)",
        "fenwickAgainst": "51.1% (44.0) // 47.7% (38.6) // 50.8% (41.2) // 49.1% (39.5)",
        "shotsAgainst": "50.7% (31.0) // 47.6% (27.8) // 48.8% (29.2) // 47.9% (28.5)",
        "scoringAgainst": "50.4% (30.7) // 48.4% (27.0) // 50.4% (28.8) // 55.0% (30.0)",
        "oppCorsi": "46.1% (55.8) // 47.0% (60.1) // 50.8% (66.1) // 48.5% (61.1)",
        "oppFenwick": "46.0% (41.6) // 47.1% (45.7) // 50.3% (49.1) // 47.1% (44.0)",
        "oppShots": "45.9% (29.6) // 48.0% (33.7) // 51.6% (38.3) // 49.4% (37.2)",
        "oppScoring": "45.3% (27.2) // 45.6% (31.3) // 48.6% (35.2) // 48.9% (32.3)",
        "oppCorsiAgainst": "53.9% (65.2) // 53.0% (67.9) // 49.2% (64.1) // 51.5% (65.0)",
        "oppFenwickAgainst": "54.0% (48.7) // 52.9% (51.2) // 49.7% (48.5) // 52.9% (49.4)",
        "oppShotsAgainst": "54.1% (34.9) // 52.0% (36.4) // 48.4% (36.0) // 50.6% (38.1)",
        "oppScoringAgainst": "54.7% (32.9) // 54.4% (37.4) // 51.4% (37.1) // 51.1% (33.7)",
        "savesPerGame": 28.7,
        "savesPerGameLast1": 25.0,
        "savesPerGameLast3": 24.7,
        "savesPerGameLast5": 25.6,
        "savesPer60": 28.7,
        "savesPer60Last1": 24.9,
        "savesPer60Last3": 24.6,
        "savesPer60Last5": 25.4,
        "shotsPerGame": 30.5,
        "shotsPerGameLast5": 28.2,
        "shotsAgainstPerGame": 31.3,
        "shotsAgainstPerGameLast5": 28.8,
        "oppSavesAgainstPer60": 27.2,
        "oppSavesAgainstPer60Last1": 31.9,
        "oppSavesAgainstPer60Last3": 35.4,
        "oppSavesAgainstPer60Last5": 35.3,
        "oppShotsAgainstPerGame": 35.2,
        "oppShotsAgainstPerGameLast5": 36.8,
        "savesProj": 24.9,
        "savesProjLast5": 28.6,
        "savesProjLast3": 27.5,
        "oppSavesAgainstProj": 27.5,
        "oppSavesAgainstProjLast5": 32.4,
        "oppSavesAgainstProjLast3": 32.2,
        "totalOver": 20,
        "totalOverLast5": 0,
        "totalOverLast15": 20,
        "lastTotalOver": 0,
        "last5": "0,0,0,0,0,1,0,0,0,0",
        "overOdds": "+130",
        "underOdds": "-160",
        "overUnder": "+130 / -160"
    },
    {
        "player": "Bo Horvat",
        "team": "NYI",
        "opponent": "CBJ",
        "propType": "g",
        "line": 0.5,
        "ppLine": "PP1",
        "avg": 0.25,
        "hit": false,
        "diffAvg": -0.5,
        "diffAbs": 1.0,
        "lastAvg": 0,
        "diff": 0,
        "avgMin": 21,
        "proj": 0.0,
        "lastAvgMin": 0,
        "oppOver": 0,
        "teamOver": 0,
        "gameLine": "-240",
        "+/-": -1,
        "L5_+/-": -4.0,
        "prevMatchup": "",
        "winLossSplits": "0.28 - 0.24",
        "awayHome": "A",
        "playedYesterday": "N",
        "awayHomeSplits": "0.3 - 0.2",
        "savesAboveExp": "-",
        "gsaa": "-",
        "corsi": "49.0% (57.7) // 50.8% (57.0) // 49.5% (55.5) // 47.3% (52.5)",
        "fenwick": "48.9% (42.1) // 52.3% (42.4) // 49.2% (40.0) // 50.9% (41.0)",
        "shots": "49.3% (30.2) // 52.4% (30.5) // 51.2% (30.7) // 52.1% (31.0)",
        "scoring": "49.6% (30.2) // 51.6% (28.8) // 49.6% (28.2) // 45.0% (24.5)",
        "corsiAgainst": "51.0% (60.1) // 49.2% (55.2) // 50.5% (56.5) // 52.7% (58.5)",
        "fenwickAgainst": "51.1% (44.0) // 47.7% (38.6) // 50.8% (41.2) // 49.1% (39.5)",
        "shotsAgainst": "50.7% (31.0) // 47.6% (27.8) // 48.8% (29.2) // 47.9% (28.5)",
        "scoringAgainst": "50.4% (30.7) // 48.4% (27.0) // 50.4% (28.8) // 55.0% (30.0)",
        "oppCorsi": "46.1% (55.8) // 47.0% (60.1) // 50.8% (66.1) // 48.5% (61.1)",
        "oppFenwick": "46.0% (41.6) // 47.1% (45.7) // 50.3% (49.1) // 47.1% (44.0)",
        "oppShots": "45.9% (29.6) // 48.0% (33.7) // 51.6% (38.3) // 49.4% (37.2)",
        "oppScoring": "45.3% (27.2) // 45.6% (31.3) // 48.6% (35.2) // 48.9% (32.3)",
        "oppCorsiAgainst": "53.9% (65.2) // 53.0% (67.9) // 49.2% (64.1) // 51.5% (65.0)",
        "oppFenwickAgainst": "54.0% (48.7) // 52.9% (51.2) // 49.7% (48.5) // 52.9% (49.4)",
        "oppShotsAgainst": "54.1% (34.9) // 52.0% (36.4) // 48.4% (36.0) // 50.6% (38.1)",
        "oppScoringAgainst": "54.7% (32.9) // 54.4% (37.4) // 51.4% (37.1) // 51.1% (33.7)",
        "savesPerGame": 28.7,
        "savesPerGameLast1": 25.0,
        "savesPerGameLast3": 24.7,
        "savesPerGameLast5": 25.6,
        "savesPer60": 28.7,
        "savesPer60Last1": 24.9,
        "savesPer60Last3": 24.6,
        "savesPer60Last5": 25.4,
        "shotsPerGame": 30.5,
        "shotsPerGameLast5": 28.2,
        "shotsAgainstPerGame": 31.3,
        "shotsAgainstPerGameLast5": 28.8,
        "oppSavesAgainstPer60": 27.2,
        "oppSavesAgainstPer60Last1": 31.9,
        "oppSavesAgainstPer60Last3": 35.4,
        "oppSavesAgainstPer60Last5": 35.3,
        "oppShotsAgainstPerGame": 35.2,
        "oppShotsAgainstPerGameLast5": 36.8,
        "savesProj": 24.9,
        "savesProjLast5": 28.6,
        "savesProjLast3": 27.5,
        "oppSavesAgainstProj": 27.5,
        "oppSavesAgainstProjLast5": 32.4,
        "oppSavesAgainstProjLast3": 32.2,
        "totalOver": 25,
        "totalOverLast5": 0,
        "totalOverLast15": 13,
        "lastTotalOver": 0,
        "last5": "0,0,0,0,0,0,0,0,0,1",
        "overOdds": "+105",
        "underOdds": "0",
        "overUnder": "+105 / 0"
    },
    {
        "player": "Boone Jenner",
        "team": "CBJ",
        "opponent": "NYI",
        "propType": "sog",
        "line": 3.5,
        "ppLine": "PP1",
        "avg": 3.34,
        "hit": false,
        "diffAvg": -0.05,
        "diffAbs": 0.23,
        "lastAvg": 2.71,
        "diff": -0.23,
        "avgMin": 20,
        "proj": 2.7,
        "lastAvgMin": 20.45,
        "oppOver": 0,
        "teamOver": 0,
        "gameLine": "+200",
        "+/-": -23,
        "L5_+/-": -12.0,
        "prevMatchup": "2022-11-25 3.0 sog, 2022-11-12 4.0 sog",
        "winLossSplits": "3.4 - 3.21",
        "awayHome": "H",
        "playedYesterday": "N",
        "awayHomeSplits": "3.24 - 3.43",
        "savesAboveExp": 0.704,
        "gsaa": 32.07,
        "corsi": "46.1% (55.8) // 47.0% (60.1) // 50.8% (66.1) // 48.5% (61.1)",
        "fenwick": "46.0% (41.6) // 47.1% (45.7) // 50.3% (49.1) // 47.1% (44.0)",
        "shots": "45.9% (29.6) // 48.0% (33.7) // 51.6% (38.3) // 49.4% (37.2)",
        "scoring": "45.3% (27.2) // 45.6% (31.3) // 48.6% (35.2) // 48.9% (32.3)",
        "corsiAgainst": "53.9% (65.2) // 53.0% (67.9) // 49.2% (64.1) // 51.5% (65.0)",
        "fenwickAgainst": "54.0% (48.7) // 52.9% (51.2) // 49.7% (48.5) // 52.9% (49.4)",
        "shotsAgainst": "54.1% (34.9) // 52.0% (36.4) // 48.4% (36.0) // 50.6% (38.1)",
        "scoringAgainst": "54.7% (32.9) // 54.4% (37.4) // 51.4% (37.1) // 51.1% (33.7)",
        "oppCorsi": "49.0% (57.7) // 50.8% (57.0) // 49.5% (55.5) // 47.3% (52.5)",
        "oppFenwick": "48.9% (42.1) // 52.3% (42.4) // 49.2% (40.0) // 50.9% (41.0)",
        "oppShots": "49.3% (30.2) // 52.4% (30.5) // 51.2% (30.7) // 52.1% (31.0)",
        "oppScoring": "49.6% (30.2) // 51.6% (28.8) // 49.6% (28.2) // 45.0% (24.5)",
        "oppCorsiAgainst": "51.0% (60.1) // 49.2% (55.2) // 50.5% (56.5) // 52.7% (58.5)",
        "oppFenwickAgainst": "51.1% (44.0) // 47.7% (38.6) // 50.8% (41.2) // 49.1% (39.5)",
        "oppShotsAgainst": "50.7% (31.0) // 47.6% (27.8) // 48.8% (29.2) // 47.9% (28.5)",
        "oppScoringAgainst": "50.4% (30.7) // 48.4% (27.0) // 50.4% (28.8) // 55.0% (30.0)",
        "savesPerGame": 31.4,
        "savesPerGameLast1": 31.0,
        "savesPerGameLast3": 32.0,
        "savesPerGameLast5": 31.0,
        "savesPer60": 31.3,
        "savesPer60Last1": 32.1,
        "savesPer60Last3": 32.0,
        "savesPer60Last5": 31.4,
        "shotsPerGame": 29.9,
        "shotsPerGameLast5": 39.2,
        "shotsAgainstPerGame": 35.2,
        "shotsAgainstPerGameLast5": 36.8,
        "oppSavesAgainstPer60": 27.5,
        "oppSavesAgainstPer60Last1": 22.0,
        "oppSavesAgainstPer60Last3": 26.0,
        "oppSavesAgainstPer60Last5": 24.2,
        "oppShotsAgainstPerGame": 31.3,
        "oppShotsAgainstPerGameLast5": 28.8,
        "savesProj": 30.0,
        "savesProjLast5": 26.7,
        "savesProjLast3": 29.0,
        "oppSavesAgainstProj": 30.5,
        "oppSavesAgainstProjLast5": 26.9,
        "oppSavesAgainstProjLast3": 30.0,
        "totalOver": 44,
        "totalOverLast5": 60,
        "totalOverLast15": 53,
        "lastTotalOver": 29,
        "last5": "3,1,6,4,6,6,2,2,4,3",
        "overOdds": "+130",
        "underOdds": "-160",
        "overUnder": "+130 / -160"
    },
    {
        "player": "Boone Jenner",
        "team": "CBJ",
        "opponent": "NYI",
        "propType": "pts",
        "line": 0.5,
        "ppLine": "PP1",
        "avg": 0.69,
        "hit": false,
        "diffAvg": 0.38,
        "diffAbs": 0.4,
        "lastAvg": 0.75,
        "diff": 0.5,
        "avgMin": 20,
        "proj": 0.7,
        "lastAvgMin": 20.45,
        "oppOver": 0,
        "teamOver": 0,
        "gameLine": "+200",
        "+/-": -23,
        "L5_+/-": -12.0,
        "prevMatchup": "2022-11-25 0.0 pts, 2022-11-12 0.0 pts",
        "winLossSplits": "1.17 - 0.43",
        "awayHome": "H",
        "playedYesterday": "N",
        "awayHomeSplits": "0.55 - 0.83",
        "savesAboveExp": 0.704,
        "gsaa": 32.07,
        "corsi": "46.1% (55.8) // 47.0% (60.1) // 50.8% (66.1) // 48.5% (61.1)",
        "fenwick": "46.0% (41.6) // 47.1% (45.7) // 50.3% (49.1) // 47.1% (44.0)",
        "shots": "45.9% (29.6) // 48.0% (33.7) // 51.6% (38.3) // 49.4% (37.2)",
        "scoring": "45.3% (27.2) // 45.6% (31.3) // 48.6% (35.2) // 48.9% (32.3)",
        "corsiAgainst": "53.9% (65.2) // 53.0% (67.9) // 49.2% (64.1) // 51.5% (65.0)",
        "fenwickAgainst": "54.0% (48.7) // 52.9% (51.2) // 49.7% (48.5) // 52.9% (49.4)",
        "shotsAgainst": "54.1% (34.9) // 52.0% (36.4) // 48.4% (36.0) // 50.6% (38.1)",
        "scoringAgainst": "54.7% (32.9) // 54.4% (37.4) // 51.4% (37.1) // 51.1% (33.7)",
        "oppCorsi": "49.0% (57.7) // 50.8% (57.0) // 49.5% (55.5) // 47.3% (52.5)",
        "oppFenwick": "48.9% (42.1) // 52.3% (42.4) // 49.2% (40.0) // 50.9% (41.0)",
        "oppShots": "49.3% (30.2) // 52.4% (30.5) // 51.2% (30.7) // 52.1% (31.0)",
        "oppScoring": "49.6% (30.2) // 51.6% (28.8) // 49.6% (28.2) // 45.0% (24.5)",
        "oppCorsiAgainst": "51.0% (60.1) // 49.2% (55.2) // 50.5% (56.5) // 52.7% (58.5)",
        "oppFenwickAgainst": "51.1% (44.0) // 47.7% (38.6) // 50.8% (41.2) // 49.1% (39.5)",
        "oppShotsAgainst": "50.7% (31.0) // 47.6% (27.8) // 48.8% (29.2) // 47.9% (28.5)",
        "oppScoringAgainst": "50.4% (30.7) // 48.4% (27.0) // 50.4% (28.8) // 55.0% (30.0)",
        "savesPerGame": 31.4,
        "savesPerGameLast1": 31.0,
        "savesPerGameLast3": 32.0,
        "savesPerGameLast5": 31.0,
        "savesPer60": 31.3,
        "savesPer60Last1": 32.1,
        "savesPer60Last3": 32.0,
        "savesPer60Last5": 31.4,
        "shotsPerGame": 29.9,
        "shotsPerGameLast5": 39.2,
        "shotsAgainstPerGame": 35.2,
        "shotsAgainstPerGameLast5": 36.8,
        "oppSavesAgainstPer60": 27.5,
        "oppSavesAgainstPer60Last1": 22.0,
        "oppSavesAgainstPer60Last3": 26.0,
        "oppSavesAgainstPer60Last5": 24.2,
        "oppShotsAgainstPerGame": 31.3,
        "oppShotsAgainstPerGameLast5": 28.8,
        "savesProj": 30.0,
        "savesProjLast5": 26.7,
        "savesProjLast3": 29.0,
        "oppSavesAgainstProj": 30.5,
        "oppSavesAgainstProjLast5": 26.9,
        "oppSavesAgainstProjLast3": 30.0,
        "totalOver": 53,
        "totalOverLast5": 60,
        "totalOverLast15": 47,
        "lastTotalOver": 54,
        "last5": "1,0,1,0,2,1,0,0,0,2",
        "overOdds": "-145",
        "underOdds": "+115",
        "overUnder": "-145 / +115"
    },
    {
        "player": "Boone Jenner",
        "team": "CBJ",
        "opponent": "NYI",
        "propType": "ast",
        "line": 0.5,
        "ppLine": "PP1",
        "avg": 0.29,
        "hit": false,
        "diffAvg": -0.42,
        "diffAbs": 0.4,
        "lastAvg": 0.36,
        "diff": -0.28,
        "avgMin": 20,
        "proj": 0.3,
        "lastAvgMin": 20.45,
        "oppOver": 0,
        "teamOver": 0,
        "gameLine": "+200",
        "+/-": -23,
        "L5_+/-": -12.0,
        "prevMatchup": "2022-11-25 0.0 ast, 2022-11-12 0.0 ast",
        "winLossSplits": "0.37 - 0.23",
        "awayHome": "H",
        "playedYesterday": "N",
        "awayHomeSplits": "0.21 - 0.37",
        "savesAboveExp": 0.704,
        "gsaa": 32.07,
        "corsi": "46.1% (55.8) // 47.0% (60.1) // 50.8% (66.1) // 48.5% (61.1)",
        "fenwick": "46.0% (41.6) // 47.1% (45.7) // 50.3% (49.1) // 47.1% (44.0)",
        "shots": "45.9% (29.6) // 48.0% (33.7) // 51.6% (38.3) // 49.4% (37.2)",
        "scoring": "45.3% (27.2) // 45.6% (31.3) // 48.6% (35.2) // 48.9% (32.3)",
        "corsiAgainst": "53.9% (65.2) // 53.0% (67.9) // 49.2% (64.1) // 51.5% (65.0)",
        "fenwickAgainst": "54.0% (48.7) // 52.9% (51.2) // 49.7% (48.5) // 52.9% (49.4)",
        "shotsAgainst": "54.1% (34.9) // 52.0% (36.4) // 48.4% (36.0) // 50.6% (38.1)",
        "scoringAgainst": "54.7% (32.9) // 54.4% (37.4) // 51.4% (37.1) // 51.1% (33.7)",
        "oppCorsi": "49.0% (57.7) // 50.8% (57.0) // 49.5% (55.5) // 47.3% (52.5)",
        "oppFenwick": "48.9% (42.1) // 52.3% (42.4) // 49.2% (40.0) // 50.9% (41.0)",
        "oppShots": "49.3% (30.2) // 52.4% (30.5) // 51.2% (30.7) // 52.1% (31.0)",
        "oppScoring": "49.6% (30.2) // 51.6% (28.8) // 49.6% (28.2) // 45.0% (24.5)",
        "oppCorsiAgainst": "51.0% (60.1) // 49.2% (55.2) // 50.5% (56.5) // 52.7% (58.5)",
        "oppFenwickAgainst": "51.1% (44.0) // 47.7% (38.6) // 50.8% (41.2) // 49.1% (39.5)",
        "oppShotsAgainst": "50.7% (31.0) // 47.6% (27.8) // 48.8% (29.2) // 47.9% (28.5)",
        "oppScoringAgainst": "50.4% (30.7) // 48.4% (27.0) // 50.4% (28.8) // 55.0% (30.0)",
        "savesPerGame": 31.4,
        "savesPerGameLast1": 31.0,
        "savesPerGameLast3": 32.0,
        "savesPerGameLast5": 31.0,
        "savesPer60": 31.3,
        "savesPer60Last1": 32.1,
        "savesPer60Last3": 32.0,
        "savesPer60Last5": 31.4,
        "shotsPerGame": 29.9,
        "shotsPerGameLast5": 39.2,
        "shotsAgainstPerGame": 35.2,
        "shotsAgainstPerGameLast5": 36.8,
        "oppSavesAgainstPer60": 27.5,
        "oppSavesAgainstPer60Last1": 22.0,
        "oppSavesAgainstPer60Last3": 26.0,
        "oppSavesAgainstPer60Last5": 24.2,
        "oppShotsAgainstPerGame": 31.3,
        "oppShotsAgainstPerGameLast5": 28.8,
        "savesProj": 30.0,
        "savesProjLast5": 26.7,
        "savesProjLast3": 29.0,
        "oppSavesAgainstProj": 30.5,
        "oppSavesAgainstProjLast5": 26.9,
        "oppSavesAgainstProjLast3": 30.0,
        "totalOver": 25,
        "totalOverLast5": 0,
        "totalOverLast15": 20,
        "lastTotalOver": 27,
        "last5": "0,0,0,0,0,0,0,0,0,1",
        "overOdds": "+170",
        "underOdds": "-210",
        "overUnder": "+170 / -210"
    },
    {
        "player": "Boone Jenner",
        "team": "CBJ",
        "opponent": "NYI",
        "propType": "g",
        "line": 0.5,
        "ppLine": "PP1",
        "avg": 0.41,
        "hit": false,
        "diffAvg": -0.18,
        "diffAbs": 0.2,
        "lastAvg": 0.39,
        "diff": -0.22,
        "avgMin": 20,
        "proj": 0.4,
        "lastAvgMin": 20.45,
        "oppOver": 0,
        "teamOver": 0,
        "gameLine": "+200",
        "+/-": -23,
        "L5_+/-": -12.0,
        "prevMatchup": "2022-11-25 0.0 g, 2022-11-12 0.0 g",
        "winLossSplits": "0.79 - 0.2",
        "awayHome": "H",
        "playedYesterday": "N",
        "awayHomeSplits": "0.34 - 0.47",
        "savesAboveExp": 0.704,
        "gsaa": 32.07,
        "corsi": "46.1% (55.8) // 47.0% (60.1) // 50.8% (66.1) // 48.5% (61.1)",
        "fenwick": "46.0% (41.6) // 47.1% (45.7) // 50.3% (49.1) // 47.1% (44.0)",
        "shots": "45.9% (29.6) // 48.0% (33.7) // 51.6% (38.3) // 49.4% (37.2)",
        "scoring": "45.3% (27.2) // 45.6% (31.3) // 48.6% (35.2) // 48.9% (32.3)",
        "corsiAgainst": "53.9% (65.2) // 53.0% (67.9) // 49.2% (64.1) // 51.5% (65.0)",
        "fenwickAgainst": "54.0% (48.7) // 52.9% (51.2) // 49.7% (48.5) // 52.9% (49.4)",
        "shotsAgainst": "54.1% (34.9) // 52.0% (36.4) // 48.4% (36.0) // 50.6% (38.1)",
        "scoringAgainst": "54.7% (32.9) // 54.4% (37.4) // 51.4% (37.1) // 51.1% (33.7)",
        "oppCorsi": "49.0% (57.7) // 50.8% (57.0) // 49.5% (55.5) // 47.3% (52.5)",
        "oppFenwick": "48.9% (42.1) // 52.3% (42.4) // 49.2% (40.0) // 50.9% (41.0)",
        "oppShots": "49.3% (30.2) // 52.4% (30.5) // 51.2% (30.7) // 52.1% (31.0)",
        "oppScoring": "49.6% (30.2) // 51.6% (28.8) // 49.6% (28.2) // 45.0% (24.5)",
        "oppCorsiAgainst": "51.0% (60.1) // 49.2% (55.2) // 50.5% (56.5) // 52.7% (58.5)",
        "oppFenwickAgainst": "51.1% (44.0) // 47.7% (38.6) // 50.8% (41.2) // 49.1% (39.5)",
        "oppShotsAgainst": "50.7% (31.0) // 47.6% (27.8) // 48.8% (29.2) // 47.9% (28.5)",
        "oppScoringAgainst": "50.4% (30.7) // 48.4% (27.0) // 50.4% (28.8) // 55.0% (30.0)",
        "savesPerGame": 31.4,
        "savesPerGameLast1": 31.0,
        "savesPerGameLast3": 32.0,
        "savesPerGameLast5": 31.0,
        "savesPer60": 31.3,
        "savesPer60Last1": 32.1,
        "savesPer60Last3": 32.0,
        "savesPer60Last5": 31.4,
        "shotsPerGame": 29.9,
        "shotsPerGameLast5": 39.2,
        "shotsAgainstPerGame": 35.2,
        "shotsAgainstPerGameLast5": 36.8,
        "oppSavesAgainstPer60": 27.5,
        "oppSavesAgainstPer60Last1": 22.0,
        "oppSavesAgainstPer60Last3": 26.0,
        "oppSavesAgainstPer60Last5": 24.2,
        "oppShotsAgainstPerGame": 31.3,
        "oppShotsAgainstPerGameLast5": 28.8,
        "savesProj": 30.0,
        "savesProjLast5": 26.7,
        "savesProjLast3": 29.0,
        "oppSavesAgainstProj": 30.5,
        "oppSavesAgainstProjLast5": 26.9,
        "oppSavesAgainstProjLast3": 30.0,
        "totalOver": 36,
        "totalOverLast5": 60,
        "totalOverLast15": 47,
        "lastTotalOver": 37,
        "last5": "1,0,1,0,2,1,0,0,0,1",
        "overOdds": "+200",
        "underOdds": "0",
        "overUnder": "+200 / 0"
    },
    {
        "player": "Johnny Gaudreau",
        "team": "CBJ",
        "opponent": "NYI",
        "propType": "sog",
        "line": 2.5,
        "ppLine": "PP1",
        "avg": 2.65,
        "hit": false,
        "diffAvg": 0.06,
        "diffAbs": 0.12,
        "lastAvg": 2.76,
        "diff": 0.1,
        "avgMin": 19,
        "proj": 2.8,
        "lastAvgMin": 18.57,
        "oppOver": 0,
        "teamOver": 0,
        "gameLine": "+200",
        "+/-": -26,
        "L5_+/-": -7.0,
        "prevMatchup": "2022-12-29 0.0 sog, 2022-11-25 4.0 sog, 2022-11-12 1.0 sog",
        "winLossSplits": "2.68 - 2.54",
        "awayHome": "H",
        "playedYesterday": "N",
        "awayHomeSplits": "2.39 - 2.89",
        "savesAboveExp": 0.704,
        "gsaa": 32.07,
        "corsi": "46.1% (55.8) // 47.0% (60.1) // 50.8% (66.1) // 48.5% (61.1)",
        "fenwick": "46.0% (41.6) // 47.1% (45.7) // 50.3% (49.1) // 47.1% (44.0)",
        "shots": "45.9% (29.6) // 48.0% (33.7) // 51.6% (38.3) // 49.4% (37.2)",
