[
    {
        "player": "Auston Matthews",
        "team": "TOR",
        "opponent": "COL",
        "propType": "sog",
        "line": 4.5,
        "ppLine": "PP1",
        "avg": 4.22,
        "hit": false,
        "diffAvg": -0.06,
        "diffAbs": 0.07,
        "lastAvg": 4.3,
        "diff": -0.04,
        "avgMin": 20,
        "proj": 4.2,
        "lastAvgMin": 20.6,
        "oppOver": 0,
        "teamOver": 0,
        "gameLine": "-145",
        "+/-": "+26",
        "L5_+/-": "+3.0",
        "prevMatchup": "2022-12-31 1.0 sog",
        "winLossSplits": "4.41 - 3.99",
        "awayHome": "H",
        "playedYesterday": "N",
        "awayHomeSplits": "4.14 - 4.3",
        "savesAboveExp": 0.16,
        "gsaa": 16.87,
        "corsi": "51.3% (57.8) // 49.6% (54.2) // 48.1% (52.0) // 51.6% (56.0)",
        "fenwick": "52.2% (44.1) // 51.4% (41.8) // 49.6% (42.0) // 52.9% (45.0)",
        "shots": "52.7% (32.0) // 52.5% (31.0) // 50.8% (30.3) // 54.5% (33.0)",
        "scoring": "54.1% (33.6) // 51.4% (30.5) // 50.0% (27.7) // 54.0% (30.0)",
        "corsiAgainst": "48.7% (54.9) // 50.4% (55.1) // 51.9% (56.0) // 48.4% (52.5)",
        "fenwickAgainst": "47.8% (40.3) // 48.6% (39.5) // 50.4% (42.7) // 47.1% (40.0)",
        "shotsAgainst": "47.3% (28.7) // 47.5% (28.1) // 49.2% (29.3) // 45.5% (27.5)",
        "scoringAgainst": "45.9% (28.5) // 48.6% (28.8) // 50.0% (27.7) // 46.0% (25.5)",
        "oppCorsi": "52.2% (59.9) // 54.8% (60.4) // 60.4% (64.3) // 64.8% (69.4)",
        "oppFenwick": "51.4% (44.0) // 55.1% (44.5) // 60.6% (48.1) // 62.5% (50.5)",
        "oppShots": "51.5% (32.9) // 55.7% (32.9) // 59.5% (34.3) // 60.5% (35.3)",
        "oppScoring": "52.9% (29.8) // 55.6% (30.4) // 61.6% (32.7) // 63.4% (34.4)",
        "oppCorsiAgainst": "47.8% (54.9) // 45.2% (49.7) // 39.6% (42.2) // 35.2% (37.7)",
        "oppFenwickAgainst": "48.6% (41.6) // 44.9% (36.2) // 39.4% (31.3) // 37.5% (30.4)",
        "oppShotsAgainst": "48.5% (31.0) // 44.3% (26.2) // 40.5% (23.4) // 39.5% (23.1)",
        "oppScoringAgainst": "47.1% (26.5) // 44.4% (24.3) // 38.4% (20.4) // 36.6% (19.8)",
        "savesPerGame": 26.2,
        "savesPerGameLast1": 25.0,
        "savesPerGameLast3": 25.7,
        "savesPerGameLast5": 24.4,
        "savesPer60": 26.1,
        "savesPer60Last1": 23.4,
        "savesPer60Last3": 25.0,
        "savesPer60Last5": 23.9,
        "shotsPerGame": 32.2,
        "shotsPerGameLast5": 32.4,
        "shotsAgainstPerGame": 28.9,
        "shotsAgainstPerGameLast5": 27.6,
        "oppSavesAgainstPer60": 30.4,
        "oppSavesAgainstPer60Last1": 25.0,
        "oppSavesAgainstPer60Last3": 31.6,
        "oppSavesAgainstPer60Last5": 30.5,
        "oppShotsAgainstPerGame": 31.5,
        "oppShotsAgainstPerGameLast5": 23.6,
        "savesProj": 27.5,
        "savesProjLast5": 25.3,
        "savesProjLast3": 27.3,
        "oppSavesAgainstProj": 28.5,
        "oppSavesAgainstProjLast5": 25.0,
        "oppSavesAgainstProjLast3": 27.3,
        "totalOver": 42,
        "totalOverLast5": 60,
        "lastTotalOver": 41,
        "last5": "5,8,4,4,8,2,5,2,1,5",
        "overOdds": "+105",
        "underOdds": "-145",
        "overUnder": "+105 / -145"
    },
    {
        "player": "Auston Matthews",
        "team": "TOR",
        "opponent": "COL",
        "propType": "pts",
        "line": 1.5,
        "ppLine": "PP1",
        "avg": 1.14,
        "hit": false,
        "diffAvg": -0.24,
        "diffAbs": 0.13,
        "lastAvg": 1.31,
        "diff": -0.13,
        "avgMin": 20,
        "proj": 1.3,
        "lastAvgMin": 20.6,
        "oppOver": 0,
        "teamOver": 0,
        "gameLine": "-145",
        "+/-": "+26",
        "L5_+/-": "+3.0",
        "prevMatchup": "2022-12-31 2.0 pts",
        "winLossSplits": "1.42 - 0.77",
        "awayHome": "H",
        "playedYesterday": "N",
        "awayHomeSplits": "1.0 - 1.27",
        "savesAboveExp": 0.16,
        "gsaa": 16.87,
        "corsi": "51.3% (57.8) // 49.6% (54.2) // 48.1% (52.0) // 51.6% (56.0)",
        "fenwick": "52.2% (44.1) // 51.4% (41.8) // 49.6% (42.0) // 52.9% (45.0)",
        "shots": "52.7% (32.0) // 52.5% (31.0) // 50.8% (30.3) // 54.5% (33.0)",
        "scoring": "54.1% (33.6) // 51.4% (30.5) // 50.0% (27.7) // 54.0% (30.0)",
        "corsiAgainst": "48.7% (54.9) // 50.4% (55.1) // 51.9% (56.0) // 48.4% (52.5)",
        "fenwickAgainst": "47.8% (40.3) // 48.6% (39.5) // 50.4% (42.7) // 47.1% (40.0)",
        "shotsAgainst": "47.3% (28.7) // 47.5% (28.1) // 49.2% (29.3) // 45.5% (27.5)",
        "scoringAgainst": "45.9% (28.5) // 48.6% (28.8) // 50.0% (27.7) // 46.0% (25.5)",
        "oppCorsi": "52.2% (59.9) // 54.8% (60.4) // 60.4% (64.3) // 64.8% (69.4)",
        "oppFenwick": "51.4% (44.0) // 55.1% (44.5) // 60.6% (48.1) // 62.5% (50.5)",
        "oppShots": "51.5% (32.9) // 55.7% (32.9) // 59.5% (34.3) // 60.5% (35.3)",
        "oppScoring": "52.9% (29.8) // 55.6% (30.4) // 61.6% (32.7) // 63.4% (34.4)",
        "oppCorsiAgainst": "47.8% (54.9) // 45.2% (49.7) // 39.6% (42.2) // 35.2% (37.7)",
        "oppFenwickAgainst": "48.6% (41.6) // 44.9% (36.2) // 39.4% (31.3) // 37.5% (30.4)",
        "oppShotsAgainst": "48.5% (31.0) // 44.3% (26.2) // 40.5% (23.4) // 39.5% (23.1)",
        "oppScoringAgainst": "47.1% (26.5) // 44.4% (24.3) // 38.4% (20.4) // 36.6% (19.8)",
        "savesPerGame": 26.2,
        "savesPerGameLast1": 25.0,
        "savesPerGameLast3": 25.7,
        "savesPerGameLast5": 24.4,
        "savesPer60": 26.1,
        "savesPer60Last1": 23.4,
        "savesPer60Last3": 25.0,
        "savesPer60Last5": 23.9,
        "shotsPerGame": 32.2,
        "shotsPerGameLast5": 32.4,
        "shotsAgainstPerGame": 28.9,
        "shotsAgainstPerGameLast5": 27.6,
        "oppSavesAgainstPer60": 30.4,
        "oppSavesAgainstPer60Last1": 25.0,
        "oppSavesAgainstPer60Last3": 31.6,
        "oppSavesAgainstPer60Last5": 30.5,
        "oppShotsAgainstPerGame": 31.5,
        "oppShotsAgainstPerGameLast5": 23.6,
        "savesProj": 27.5,
        "savesProjLast5": 25.3,
        "savesProjLast3": 27.3,
        "oppSavesAgainstProj": 28.5,
        "oppSavesAgainstProjLast5": 25.0,
        "oppSavesAgainstProjLast3": 27.3,
        "totalOver": 31,
        "totalOverLast5": 40,
        "lastTotalOver": 46,
        "last5": "3,2,1,0,1,1,2,0,0,0",
        "overOdds": "+140",
        "underOdds": "-180",
        "overUnder": "+140 / -180"
    },
    {
        "player": "Auston Matthews",
        "team": "TOR",
        "opponent": "COL",
        "propType": "ast",
        "line": 0.5,
        "ppLine": "PP1",
        "avg": 0.61,
        "hit": false,
        "diffAvg": 0.22,
        "diffAbs": 0.2,
        "lastAvg": 0.57,
        "diff": 0.14,
        "avgMin": 20,
        "proj": 0.6,
        "lastAvgMin": 20.6,
        "oppOver": 0,
        "teamOver": 0,
        "gameLine": "-145",
        "+/-": "+26",
        "L5_+/-": "+3.0",
        "prevMatchup": "2022-12-31 1.0 ast",
        "winLossSplits": "0.75 - 0.43",
        "awayHome": "H",
        "playedYesterday": "N",
        "awayHomeSplits": "0.59 - 0.63",
        "savesAboveExp": 0.16,
        "gsaa": 16.87,
        "corsi": "51.3% (57.8) // 49.6% (54.2) // 48.1% (52.0) // 51.6% (56.0)",
        "fenwick": "52.2% (44.1) // 51.4% (41.8) // 49.6% (42.0) // 52.9% (45.0)",
        "shots": "52.7% (32.0) // 52.5% (31.0) // 50.8% (30.3) // 54.5% (33.0)",
        "scoring": "54.1% (33.6) // 51.4% (30.5) // 50.0% (27.7) // 54.0% (30.0)",
        "corsiAgainst": "48.7% (54.9) // 50.4% (55.1) // 51.9% (56.0) // 48.4% (52.5)",
        "fenwickAgainst": "47.8% (40.3) // 48.6% (39.5) // 50.4% (42.7) // 47.1% (40.0)",
        "shotsAgainst": "47.3% (28.7) // 47.5% (28.1) // 49.2% (29.3) // 45.5% (27.5)",
        "scoringAgainst": "45.9% (28.5) // 48.6% (28.8) // 50.0% (27.7) // 46.0% (25.5)",
        "oppCorsi": "52.2% (59.9) // 54.8% (60.4) // 60.4% (64.3) // 64.8% (69.4)",
        "oppFenwick": "51.4% (44.0) // 55.1% (44.5) // 60.6% (48.1) // 62.5% (50.5)",
        "oppShots": "51.5% (32.9) // 55.7% (32.9) // 59.5% (34.3) // 60.5% (35.3)",
        "oppScoring": "52.9% (29.8) // 55.6% (30.4) // 61.6% (32.7) // 63.4% (34.4)",
        "oppCorsiAgainst": "47.8% (54.9) // 45.2% (49.7) // 39.6% (42.2) // 35.2% (37.7)",
        "oppFenwickAgainst": "48.6% (41.6) // 44.9% (36.2) // 39.4% (31.3) // 37.5% (30.4)",
        "oppShotsAgainst": "48.5% (31.0) // 44.3% (26.2) // 40.5% (23.4) // 39.5% (23.1)",
        "oppScoringAgainst": "47.1% (26.5) // 44.4% (24.3) // 38.4% (20.4) // 36.6% (19.8)",
        "savesPerGame": 26.2,
        "savesPerGameLast1": 25.0,
        "savesPerGameLast3": 25.7,
        "savesPerGameLast5": 24.4,
        "savesPer60": 26.1,
        "savesPer60Last1": 23.4,
        "savesPer60Last3": 25.0,
        "savesPer60Last5": 23.9,
        "shotsPerGame": 32.2,
        "shotsPerGameLast5": 32.4,
        "shotsAgainstPerGame": 28.9,
        "shotsAgainstPerGameLast5": 27.6,
        "oppSavesAgainstPer60": 30.4,
        "oppSavesAgainstPer60Last1": 25.0,
        "oppSavesAgainstPer60Last3": 31.6,
        "oppSavesAgainstPer60Last5": 30.5,
        "oppShotsAgainstPerGame": 31.5,
        "oppShotsAgainstPerGameLast5": 23.6,
        "savesProj": 27.5,
        "savesProjLast5": 25.3,
        "savesProjLast3": 27.3,
        "oppSavesAgainstProj": 28.5,
        "oppSavesAgainstProjLast5": 25.0,
        "oppSavesAgainstProjLast3": 27.3,
        "totalOver": 49,
        "totalOverLast5": 60,
        "lastTotalOver": 47,
        "last5": "2,1,0,0,1,1,0,0,0,0",
        "overOdds": "-115",
        "underOdds": "-125",
        "overUnder": "-115 / -125"
    },
    {
        "player": "Cale Makar",
        "team": "COL",
        "opponent": "TOR",
        "propType": "sog",
        "line": 2.5,
        "ppLine": "PP1",
        "avg": 3.02,
        "hit": false,
        "diffAvg": 0.21,
        "diffAbs": 0.0,
        "lastAvg": 2.42,
        "diff": -0.03,
        "avgMin": 26,
        "proj": 2.5,
        "lastAvgMin": 25.67,
        "oppOver": 0,
        "teamOver": 0,
        "gameLine": "+125",
        "+/-": "+10",
        "L5_+/-": "+3.0",
        "prevMatchup": "2022-12-31 1.0 sog",
        "winLossSplits": "3.22 - 2.71",
        "awayHome": "A",
        "playedYesterday": "N",
        "awayHomeSplits": "2.62 - 3.36",
        "savesAboveExp": 0.388,
        "gsaa": 9.29,
        "corsi": "52.2% (59.9) // 54.8% (60.4) // 60.4% (64.3) // 64.8% (69.4)",
        "fenwick": "51.4% (44.0) // 55.1% (44.5) // 60.6% (48.1) // 62.5% (50.5)",
        "shots": "51.5% (32.9) // 55.7% (32.9) // 59.5% (34.3) // 60.5% (35.3)",
        "scoring": "52.9% (29.8) // 55.6% (30.4) // 61.6% (32.7) // 63.4% (34.4)",
        "corsiAgainst": "47.8% (54.9) // 45.2% (49.7) // 39.6% (42.2) // 35.2% (37.7)",
        "fenwickAgainst": "48.6% (41.6) // 44.9% (36.2) // 39.4% (31.3) // 37.5% (30.4)",
        "shotsAgainst": "48.5% (31.0) // 44.3% (26.2) // 40.5% (23.4) // 39.5% (23.1)",
        "scoringAgainst": "47.1% (26.5) // 44.4% (24.3) // 38.4% (20.4) // 36.6% (19.8)",
        "oppCorsi": "51.3% (57.8) // 49.6% (54.2) // 48.1% (52.0) // 51.6% (56.0)",
        "oppFenwick": "52.2% (44.1) // 51.4% (41.8) // 49.6% (42.0) // 52.9% (45.0)",
        "oppShots": "52.7% (32.0) // 52.5% (31.0) // 50.8% (30.3) // 54.5% (33.0)",
        "oppScoring": "54.1% (33.6) // 51.4% (30.5) // 50.0% (27.7) // 54.0% (30.0)",
        "oppCorsiAgainst": "48.7% (54.9) // 50.4% (55.1) // 51.9% (56.0) // 48.4% (52.5)",
        "oppFenwickAgainst": "47.8% (40.3) // 48.6% (39.5) // 50.4% (42.7) // 47.1% (40.0)",
        "oppShotsAgainst": "47.3% (28.7) // 47.5% (28.1) // 49.2% (29.3) // 45.5% (27.5)",
        "oppScoringAgainst": "45.9% (28.5) // 48.6% (28.8) // 50.0% (27.7) // 46.0% (25.5)",
        "savesPerGame": 28.7,
        "savesPerGameLast1": 15.0,
        "savesPerGameLast3": 19.7,
        "savesPerGameLast5": 20.8,
        "savesPer60": 28.7,
        "savesPer60Last1": 15.0,
        "savesPer60Last3": 19.7,
        "savesPer60Last5": 20.9,
        "shotsPerGame": 33.4,
        "shotsPerGameLast5": 34.6,
        "shotsAgainstPerGame": 31.5,
        "shotsAgainstPerGameLast5": 23.6,
        "oppSavesAgainstPer60": 28.5,
        "oppSavesAgainstPer60Last1": 25.0,
        "oppSavesAgainstPer60Last3": 26.0,
        "oppSavesAgainstPer60Last5": 29.2,
        "oppShotsAgainstPerGame": 28.9,
        "oppShotsAgainstPerGameLast5": 27.6,
        "savesProj": 31.5,
        "savesProjLast5": 23.2,
        "savesProjLast3": 19.4,
        "oppSavesAgainstProj": 28.9,
        "oppSavesAgainstProjLast5": 23.1,
        "oppSavesAgainstProjLast3": 19.7,
        "totalOver": 46,
        "totalOverLast5": 40,
        "lastTotalOver": 58,
        "last5": "0,5,2,5,2,1,1,2,1,2",
        "overOdds": "-160",
        "underOdds": "+120",
        "overUnder": "-160 / +120"
    },
    {
        "player": "Cale Makar",
        "team": "COL",
        "opponent": "TOR",
        "propType": "pts",
        "line": 0.5,
        "ppLine": "PP1",
        "avg": 1.06,
        "hit": false,
        "diffAvg": 1.12,
        "diffAbs": 0.8,
        "lastAvg": 0.87,
        "diff": 0.74,
        "avgMin": 26,
        "proj": 0.9,
        "lastAvgMin": 25.67,
        "oppOver": 0,
        "teamOver": 0,
        "gameLine": "+125",
        "+/-": "+10",
        "L5_+/-": "+3.0",
        "prevMatchup": "2022-12-31 0.0 pts",
        "winLossSplits": "1.43 - 0.68",
        "awayHome": "A",
        "playedYesterday": "N",
        "awayHomeSplits": "0.96 - 1.14",
        "savesAboveExp": 0.388,
        "gsaa": 9.29,
        "corsi": "52.2% (59.9) // 54.8% (60.4) // 60.4% (64.3) // 64.8% (69.4)",
        "fenwick": "51.4% (44.0) // 55.1% (44.5) // 60.6% (48.1) // 62.5% (50.5)",
        "shots": "51.5% (32.9) // 55.7% (32.9) // 59.5% (34.3) // 60.5% (35.3)",
        "scoring": "52.9% (29.8) // 55.6% (30.4) // 61.6% (32.7) // 63.4% (34.4)",
        "corsiAgainst": "47.8% (54.9) // 45.2% (49.7) // 39.6% (42.2) // 35.2% (37.7)",
        "fenwickAgainst": "48.6% (41.6) // 44.9% (36.2) // 39.4% (31.3) // 37.5% (30.4)",
        "shotsAgainst": "48.5% (31.0) // 44.3% (26.2) // 40.5% (23.4) // 39.5% (23.1)",
        "scoringAgainst": "47.1% (26.5) // 44.4% (24.3) // 38.4% (20.4) // 36.6% (19.8)",
        "oppCorsi": "51.3% (57.8) // 49.6% (54.2) // 48.1% (52.0) // 51.6% (56.0)",
        "oppFenwick": "52.2% (44.1) // 51.4% (41.8) // 49.6% (42.0) // 52.9% (45.0)",
        "oppShots": "52.7% (32.0) // 52.5% (31.0) // 50.8% (30.3) // 54.5% (33.0)",
        "oppScoring": "54.1% (33.6) // 51.4% (30.5) // 50.0% (27.7) // 54.0% (30.0)",
        "oppCorsiAgainst": "48.7% (54.9) // 50.4% (55.1) // 51.9% (56.0) // 48.4% (52.5)",
        "oppFenwickAgainst": "47.8% (40.3) // 48.6% (39.5) // 50.4% (42.7) // 47.1% (40.0)",
        "oppShotsAgainst": "47.3% (28.7) // 47.5% (28.1) // 49.2% (29.3) // 45.5% (27.5)",
        "oppScoringAgainst": "45.9% (28.5) // 48.6% (28.8) // 50.0% (27.7) // 46.0% (25.5)",
        "savesPerGame": 28.7,
        "savesPerGameLast1": 15.0,
        "savesPerGameLast3": 19.7,
        "savesPerGameLast5": 20.8,
        "savesPer60": 28.7,
        "savesPer60Last1": 15.0,
        "savesPer60Last3": 19.7,
        "savesPer60Last5": 20.9,
        "shotsPerGame": 33.4,
        "shotsPerGameLast5": 34.6,
        "shotsAgainstPerGame": 31.5,
        "shotsAgainstPerGameLast5": 23.6,
        "oppSavesAgainstPer60": 28.5,
        "oppSavesAgainstPer60Last1": 25.0,
        "oppSavesAgainstPer60Last3": 26.0,
        "oppSavesAgainstPer60Last5": 29.2,
        "oppShotsAgainstPerGame": 28.9,
        "oppShotsAgainstPerGameLast5": 27.6,
        "savesProj": 31.5,
        "savesProjLast5": 23.2,
        "savesProjLast3": 19.4,
        "oppSavesAgainstProj": 28.9,
        "oppSavesAgainstProjLast5": 23.1,
        "oppSavesAgainstProjLast3": 19.7,
        "totalOver": 67,
        "totalOverLast5": 100,
        "lastTotalOver": 73,
        "last5": "3,1,1,4,1,0,0,0,1,1",
        "overOdds": "-200",
        "underOdds": "+150",
        "overUnder": "-200 / +150"
    },
    {
        "player": "Cale Makar",
        "team": "COL",
        "opponent": "TOR",
        "propType": "ast",
        "line": 0.5,
        "ppLine": "PP1",
        "avg": 0.77,
        "hit": false,
        "diffAvg": 0.54,
        "diffAbs": 0.2,
        "lastAvg": 0.59,
        "diff": 0.18,
        "avgMin": 26,
        "proj": 0.6,
        "lastAvgMin": 25.67,
        "oppOver": 0,
        "teamOver": 0,
        "gameLine": "+125",
        "+/-": "+10",
        "L5_+/-": "+3.0",
        "prevMatchup": "2022-12-31 0.0 ast",
        "winLossSplits": "1.01 - 0.53",
        "awayHome": "A",
        "playedYesterday": "N",
        "awayHomeSplits": "0.75 - 0.79",
        "savesAboveExp": 0.388,
        "gsaa": 9.29,
        "corsi": "52.2% (59.9) // 54.8% (60.4) // 60.4% (64.3) // 64.8% (69.4)",
        "fenwick": "51.4% (44.0) // 55.1% (44.5) // 60.6% (48.1) // 62.5% (50.5)",
        "shots": "51.5% (32.9) // 55.7% (32.9) // 59.5% (34.3) // 60.5% (35.3)",
        "scoring": "52.9% (29.8) // 55.6% (30.4) // 61.6% (32.7) // 63.4% (34.4)",
        "corsiAgainst": "47.8% (54.9) // 45.2% (49.7) // 39.6% (42.2) // 35.2% (37.7)",
        "fenwickAgainst": "48.6% (41.6) // 44.9% (36.2) // 39.4% (31.3) // 37.5% (30.4)",
        "shotsAgainst": "48.5% (31.0) // 44.3% (26.2) // 40.5% (23.4) // 39.5% (23.1)",
        "scoringAgainst": "47.1% (26.5) // 44.4% (24.3) // 38.4% (20.4) // 36.6% (19.8)",
        "oppCorsi": "51.3% (57.8) // 49.6% (54.2) // 48.1% (52.0) // 51.6% (56.0)",
        "oppFenwick": "52.2% (44.1) // 51.4% (41.8) // 49.6% (42.0) // 52.9% (45.0)",
        "oppShots": "52.7% (32.0) // 52.5% (31.0) // 50.8% (30.3) // 54.5% (33.0)",
        "oppScoring": "54.1% (33.6) // 51.4% (30.5) // 50.0% (27.7) // 54.0% (30.0)",
        "oppCorsiAgainst": "48.7% (54.9) // 50.4% (55.1) // 51.9% (56.0) // 48.4% (52.5)",
        "oppFenwickAgainst": "47.8% (40.3) // 48.6% (39.5) // 50.4% (42.7) // 47.1% (40.0)",
        "oppShotsAgainst": "47.3% (28.7) // 47.5% (28.1) // 49.2% (29.3) // 45.5% (27.5)",
        "oppScoringAgainst": "45.9% (28.5) // 48.6% (28.8) // 50.0% (27.7) // 46.0% (25.5)",
        "savesPerGame": 28.7,
        "savesPerGameLast1": 15.0,
        "savesPerGameLast3": 19.7,
        "savesPerGameLast5": 20.8,
        "savesPer60": 28.7,
        "savesPer60Last1": 15.0,
        "savesPer60Last3": 19.7,
        "savesPer60Last5": 20.9,
        "shotsPerGame": 33.4,
        "shotsPerGameLast5": 34.6,
        "shotsAgainstPerGame": 31.5,
        "shotsAgainstPerGameLast5": 23.6,
        "oppSavesAgainstPer60": 28.5,
        "oppSavesAgainstPer60Last1": 25.0,
        "oppSavesAgainstPer60Last3": 26.0,
        "oppSavesAgainstPer60Last5": 29.2,
        "oppShotsAgainstPerGame": 28.9,
        "oppShotsAgainstPerGameLast5": 27.6,
        "savesProj": 31.5,
        "savesProjLast5": 23.2,
        "savesProjLast3": 19.4,
        "oppSavesAgainstProj": 28.9,
        "oppSavesAgainstProjLast5": 23.1,
        "oppSavesAgainstProjLast3": 19.7,
        "totalOver": 56,
        "totalOverLast5": 80,
        "lastTotalOver": 59,
        "last5": "3,0,1,3,1,0,0,0,1,1",
        "overOdds": "-135",
        "underOdds": "-105",
        "overUnder": "-135 / -105"
    },
    {
        "player": "Devon Toews",
        "team": "COL",
        "opponent": "TOR",
        "propType": "sog",
        "line": 1.5,
        "ppLine": "PP2",
        "avg": 2.05,
        "hit": false,
        "diffAvg": 0.37,
        "diffAbs": 0.2,
        "lastAvg": 1.84,
        "diff": 0.23,
        "avgMin": 25,
        "proj": 1.8,
        "lastAvgMin": 25.37,
        "oppOver": 0,
        "teamOver": 0,
        "gameLine": "+125",
        "+/-": "+24",
        "L5_+/-": "+6.0",
        "prevMatchup": "2022-12-31 3.0 sog",
        "winLossSplits": "2.05 - 2.02",
        "awayHome": "A",
        "playedYesterday": "N",
        "awayHomeSplits": "1.77 - 2.3",
        "savesAboveExp": 0.388,
        "gsaa": 9.29,
        "corsi": "52.2% (59.9) // 54.8% (60.4) // 60.4% (64.3) // 64.8% (69.4)",
        "fenwick": "51.4% (44.0) // 55.1% (44.5) // 60.6% (48.1) // 62.5% (50.5)",
        "shots": "51.5% (32.9) // 55.7% (32.9) // 59.5% (34.3) // 60.5% (35.3)",
        "scoring": "52.9% (29.8) // 55.6% (30.4) // 61.6% (32.7) // 63.4% (34.4)",
        "corsiAgainst": "47.8% (54.9) // 45.2% (49.7) // 39.6% (42.2) // 35.2% (37.7)",
        "fenwickAgainst": "48.6% (41.6) // 44.9% (36.2) // 39.4% (31.3) // 37.5% (30.4)",
        "shotsAgainst": "48.5% (31.0) // 44.3% (26.2) // 40.5% (23.4) // 39.5% (23.1)",
        "scoringAgainst": "47.1% (26.5) // 44.4% (24.3) // 38.4% (20.4) // 36.6% (19.8)",
        "oppCorsi": "51.3% (57.8) // 49.6% (54.2) // 48.1% (52.0) // 51.6% (56.0)",
        "oppFenwick": "52.2% (44.1) // 51.4% (41.8) // 49.6% (42.0) // 52.9% (45.0)",
        "oppShots": "52.7% (32.0) // 52.5% (31.0) // 50.8% (30.3) // 54.5% (33.0)",
        "oppScoring": "54.1% (33.6) // 51.4% (30.5) // 50.0% (27.7) // 54.0% (30.0)",
        "oppCorsiAgainst": "48.7% (54.9) // 50.4% (55.1) // 51.9% (56.0) // 48.4% (52.5)",
        "oppFenwickAgainst": "47.8% (40.3) // 48.6% (39.5) // 50.4% (42.7) // 47.1% (40.0)",
        "oppShotsAgainst": "47.3% (28.7) // 47.5% (28.1) // 49.2% (29.3) // 45.5% (27.5)",
        "oppScoringAgainst": "45.9% (28.5) // 48.6% (28.8) // 50.0% (27.7) // 46.0% (25.5)",
        "savesPerGame": 28.7,
        "savesPerGameLast1": 15.0,
        "savesPerGameLast3": 19.7,
        "savesPerGameLast5": 20.8,
        "savesPer60": 28.7,
        "savesPer60Last1": 15.0,
        "savesPer60Last3": 19.7,
        "savesPer60Last5": 20.9,
        "shotsPerGame": 33.4,
        "shotsPerGameLast5": 34.6,
        "shotsAgainstPerGame": 31.5,
        "shotsAgainstPerGameLast5": 23.6,
        "oppSavesAgainstPer60": 28.5,
        "oppSavesAgainstPer60Last1": 25.0,
        "oppSavesAgainstPer60Last3": 26.0,
        "oppSavesAgainstPer60Last5": 29.2,
        "oppShotsAgainstPerGame": 28.9,
        "oppShotsAgainstPerGameLast5": 27.6,
        "savesProj": 31.5,
        "savesProjLast5": 23.2,
        "savesProjLast3": 19.4,
        "oppSavesAgainstProj": 28.9,
        "oppSavesAgainstProjLast5": 23.1,
        "oppSavesAgainstProjLast3": 19.7,
        "totalOver": 57,
        "totalOverLast5": 40,
        "lastTotalOver": 66,
        "last5": "0,4,1,4,1,4,3,4,1,2",
        "overOdds": "-145",
        "underOdds": "+105",
        "overUnder": "-145 / +105"
    },
    {
        "player": "Devon Toews",
        "team": "COL",
        "opponent": "TOR",
        "propType": "pts",
        "line": 0.5,
        "ppLine": "PP2",
        "avg": 0.57,
        "hit": false,
        "diffAvg": 0.14,
        "diffAbs": 0.4,
        "lastAvg": 0.66,
        "diff": 0.32,
        "avgMin": 25,
        "proj": 0.7,
        "lastAvgMin": 25.37,
        "oppOver": 0,
        "teamOver": 0,
        "gameLine": "+125",
        "+/-": "+24",
        "L5_+/-": "+6.0",
        "prevMatchup": "2022-12-31 1.0 pts",
        "winLossSplits": "0.8 - 0.32",
        "awayHome": "A",
        "playedYesterday": "N",
        "awayHomeSplits": "0.6 - 0.55",
        "savesAboveExp": 0.388,
        "gsaa": 9.29,
        "corsi": "52.2% (59.9) // 54.8% (60.4) // 60.4% (64.3) // 64.8% (69.4)",
        "fenwick": "51.4% (44.0) // 55.1% (44.5) // 60.6% (48.1) // 62.5% (50.5)",
        "shots": "51.5% (32.9) // 55.7% (32.9) // 59.5% (34.3) // 60.5% (35.3)",
        "scoring": "52.9% (29.8) // 55.6% (30.4) // 61.6% (32.7) // 63.4% (34.4)",
        "corsiAgainst": "47.8% (54.9) // 45.2% (49.7) // 39.6% (42.2) // 35.2% (37.7)",
        "fenwickAgainst": "48.6% (41.6) // 44.9% (36.2) // 39.4% (31.3) // 37.5% (30.4)",
        "shotsAgainst": "48.5% (31.0) // 44.3% (26.2) // 40.5% (23.4) // 39.5% (23.1)",
        "scoringAgainst": "47.1% (26.5) // 44.4% (24.3) // 38.4% (20.4) // 36.6% (19.8)",
        "oppCorsi": "51.3% (57.8) // 49.6% (54.2) // 48.1% (52.0) // 51.6% (56.0)",
        "oppFenwick": "52.2% (44.1) // 51.4% (41.8) // 49.6% (42.0) // 52.9% (45.0)",
        "oppShots": "52.7% (32.0) // 52.5% (31.0) // 50.8% (30.3) // 54.5% (33.0)",
        "oppScoring": "54.1% (33.6) // 51.4% (30.5) // 50.0% (27.7) // 54.0% (30.0)",
        "oppCorsiAgainst": "48.7% (54.9) // 50.4% (55.1) // 51.9% (56.0) // 48.4% (52.5)",
        "oppFenwickAgainst": "47.8% (40.3) // 48.6% (39.5) // 50.4% (42.7) // 47.1% (40.0)",
        "oppShotsAgainst": "47.3% (28.7) // 47.5% (28.1) // 49.2% (29.3) // 45.5% (27.5)",
        "oppScoringAgainst": "45.9% (28.5) // 48.6% (28.8) // 50.0% (27.7) // 46.0% (25.5)",
        "savesPerGame": 28.7,
        "savesPerGameLast1": 15.0,
        "savesPerGameLast3": 19.7,
        "savesPerGameLast5": 20.8,
        "savesPer60": 28.7,
        "savesPer60Last1": 15.0,
        "savesPer60Last3": 19.7,
        "savesPer60Last5": 20.9,
        "shotsPerGame": 33.4,
        "shotsPerGameLast5": 34.6,
        "shotsAgainstPerGame": 31.5,
        "shotsAgainstPerGameLast5": 23.6,
        "oppSavesAgainstPer60": 28.5,
        "oppSavesAgainstPer60Last1": 25.0,
        "oppSavesAgainstPer60Last3": 26.0,
        "oppSavesAgainstPer60Last5": 29.2,
        "oppShotsAgainstPerGame": 28.9,
        "oppShotsAgainstPerGameLast5": 27.6,
        "savesProj": 31.5,
        "savesProjLast5": 23.2,
        "savesProjLast3": 19.4,
        "oppSavesAgainstProj": 28.9,
        "oppSavesAgainstProjLast5": 23.1,
        "oppSavesAgainstProjLast3": 19.7,
        "totalOver": 44,
        "totalOverLast5": 40,
        "lastTotalOver": 58,
        "last5": "2,0,0,2,0,0,0,0,0,1",
        "overOdds": "+140",
        "underOdds": "-180",
        "overUnder": "+140 / -180"
    },
    {
        "player": "Devon Toews",
        "team": "COL",
        "opponent": "TOR",
        "propType": "ast",
        "line": 0.5,
        "ppLine": "PP2",
        "avg": 0.51,
        "hit": false,
        "diffAvg": 0.02,
        "diffAbs": 0.0,
        "lastAvg": 0.51,
        "diff": 0.02,
        "avgMin": 25,
        "proj": 0.5,
        "lastAvgMin": 25.37,
        "oppOver": 0,
        "teamOver": 0,
        "gameLine": "+125",
        "+/-": "+24",
        "L5_+/-": "+6.0",
        "prevMatchup": "2022-12-31 0.0 ast",
        "winLossSplits": "0.72 - 0.28",
        "awayHome": "A",
        "playedYesterday": "N",
        "awayHomeSplits": "0.53 - 0.48",
        "savesAboveExp": 0.388,
        "gsaa": 9.29,
        "corsi": "52.2% (59.9) // 54.8% (60.4) // 60.4% (64.3) // 64.8% (69.4)",
        "fenwick": "51.4% (44.0) // 55.1% (44.5) // 60.6% (48.1) // 62.5% (50.5)",
        "shots": "51.5% (32.9) // 55.7% (32.9) // 59.5% (34.3) // 60.5% (35.3)",
        "scoring": "52.9% (29.8) // 55.6% (30.4) // 61.6% (32.7) // 63.4% (34.4)",
        "corsiAgainst": "47.8% (54.9) // 45.2% (49.7) // 39.6% (42.2) // 35.2% (37.7)",
        "fenwickAgainst": "48.6% (41.6) // 44.9% (36.2) // 39.4% (31.3) // 37.5% (30.4)",
        "shotsAgainst": "48.5% (31.0) // 44.3% (26.2) // 40.5% (23.4) // 39.5% (23.1)",
        "scoringAgainst": "47.1% (26.5) // 44.4% (24.3) // 38.4% (20.4) // 36.6% (19.8)",
        "oppCorsi": "51.3% (57.8) // 49.6% (54.2) // 48.1% (52.0) // 51.6% (56.0)",
        "oppFenwick": "52.2% (44.1) // 51.4% (41.8) // 49.6% (42.0) // 52.9% (45.0)",
        "oppShots": "52.7% (32.0) // 52.5% (31.0) // 50.8% (30.3) // 54.5% (33.0)",
        "oppScoring": "54.1% (33.6) // 51.4% (30.5) // 50.0% (27.7) // 54.0% (30.0)",
        "oppCorsiAgainst": "48.7% (54.9) // 50.4% (55.1) // 51.9% (56.0) // 48.4% (52.5)",
        "oppFenwickAgainst": "47.8% (40.3) // 48.6% (39.5) // 50.4% (42.7) // 47.1% (40.0)",
        "oppShotsAgainst": "47.3% (28.7) // 47.5% (28.1) // 49.2% (29.3) // 45.5% (27.5)",
        "oppScoringAgainst": "45.9% (28.5) // 48.6% (28.8) // 50.0% (27.7) // 46.0% (25.5)",
        "savesPerGame": 28.7,
        "savesPerGameLast1": 15.0,
        "savesPerGameLast3": 19.7,
        "savesPerGameLast5": 20.8,
        "savesPer60": 28.7,
        "savesPer60Last1": 15.0,
        "savesPer60Last3": 19.7,
        "savesPer60Last5": 20.9,
        "shotsPerGame": 33.4,
        "shotsPerGameLast5": 34.6,
        "shotsAgainstPerGame": 31.5,
        "shotsAgainstPerGameLast5": 23.6,
        "oppSavesAgainstPer60": 28.5,
        "oppSavesAgainstPer60Last1": 25.0,
        "oppSavesAgainstPer60Last3": 26.0,
        "oppSavesAgainstPer60Last5": 29.2,
        "oppShotsAgainstPerGame": 28.9,
        "oppShotsAgainstPerGameLast5": 27.6,
        "savesProj": 31.5,
        "savesProjLast5": 23.2,
        "savesProjLast3": 19.4,
        "oppSavesAgainstProj": 28.9,
        "oppSavesAgainstProjLast5": 23.1,
        "oppSavesAgainstProjLast3": 19.7,
        "totalOver": 40,
        "totalOverLast5": 40,
        "lastTotalOver": 43,
        "last5": "2,0,0,2,0,0,0,0,0,1",
        "overOdds": "+180",
        "underOdds": "-245",
        "overUnder": "+180 / -245"
    },
    {
        "player": "Evan Rodrigues",
        "team": "COL",
        "opponent": "TOR",
        "propType": "sog",
        "line": 2.5,
        "ppLine": "PP1",
        "avg": 2.96,
        "hit": false,
        "diffAvg": 0.18,
        "diffAbs": 0.24,
        "lastAvg": 2.73,
        "diff": 0.09,
        "avgMin": 18,
        "proj": 3.1,
        "lastAvgMin": 15.83,
        "oppOver": 0,
        "teamOver": 0,
        "gameLine": "+125",
        "+/-": "+1",
        "L5_+/-": "+1.0",
        "prevMatchup": "2022-12-31 2.0 sog",
        "winLossSplits": "2.82 - 3.14",
        "awayHome": "A",
        "playedYesterday": "N",
        "awayHomeSplits": "2.92 - 3.0",
        "savesAboveExp": 0.388,
        "gsaa": 9.29,
        "corsi": "52.2% (59.9) // 54.8% (60.4) // 60.4% (64.3) // 64.8% (69.4)",
        "fenwick": "51.4% (44.0) // 55.1% (44.5) // 60.6% (48.1) // 62.5% (50.5)",
        "shots": "51.5% (32.9) // 55.7% (32.9) // 59.5% (34.3) // 60.5% (35.3)",
        "scoring": "52.9% (29.8) // 55.6% (30.4) // 61.6% (32.7) // 63.4% (34.4)",
        "corsiAgainst": "47.8% (54.9) // 45.2% (49.7) // 39.6% (42.2) // 35.2% (37.7)",
        "fenwickAgainst": "48.6% (41.6) // 44.9% (36.2) // 39.4% (31.3) // 37.5% (30.4)",
        "shotsAgainst": "48.5% (31.0) // 44.3% (26.2) // 40.5% (23.4) // 39.5% (23.1)",
        "scoringAgainst": "47.1% (26.5) // 44.4% (24.3) // 38.4% (20.4) // 36.6% (19.8)",
        "oppCorsi": "51.3% (57.8) // 49.6% (54.2) // 48.1% (52.0) // 51.6% (56.0)",
        "oppFenwick": "52.2% (44.1) // 51.4% (41.8) // 49.6% (42.0) // 52.9% (45.0)",
        "oppShots": "52.7% (32.0) // 52.5% (31.0) // 50.8% (30.3) // 54.5% (33.0)",
        "oppScoring": "54.1% (33.6) // 51.4% (30.5) // 50.0% (27.7) // 54.0% (30.0)",
        "oppCorsiAgainst": "48.7% (54.9) // 50.4% (55.1) // 51.9% (56.0) // 48.4% (52.5)",
        "oppFenwickAgainst": "47.8% (40.3) // 48.6% (39.5) // 50.4% (42.7) // 47.1% (40.0)",
        "oppShotsAgainst": "47.3% (28.7) // 47.5% (28.1) // 49.2% (29.3) // 45.5% (27.5)",
        "oppScoringAgainst": "45.9% (28.5) // 48.6% (28.8) // 50.0% (27.7) // 46.0% (25.5)",
        "savesPerGame": 28.7,
        "savesPerGameLast1": 15.0,
        "savesPerGameLast3": 19.7,
        "savesPerGameLast5": 20.8,
        "savesPer60": 28.7,
        "savesPer60Last1": 15.0,
        "savesPer60Last3": 19.7,
        "savesPer60Last5": 20.9,
        "shotsPerGame": 33.4,
        "shotsPerGameLast5": 34.6,
        "shotsAgainstPerGame": 31.5,
        "shotsAgainstPerGameLast5": 23.6,
        "oppSavesAgainstPer60": 28.5,
        "oppSavesAgainstPer60Last1": 25.0,
        "oppSavesAgainstPer60Last3": 26.0,
        "oppSavesAgainstPer60Last5": 29.2,
        "oppShotsAgainstPerGame": 28.9,
        "oppShotsAgainstPerGameLast5": 27.6,
        "savesProj": 31.5,
        "savesProjLast5": 23.2,
        "savesProjLast3": 19.4,
        "oppSavesAgainstProj": 28.9,
        "oppSavesAgainstProjLast5": 23.1,
        "oppSavesAgainstProjLast3": 19.7,
        "totalOver": 48,
        "totalOverLast5": 40,
        "lastTotalOver": 62,
        "last5": "0,2,5,3,2,2,1,5,4,1",
        "overOdds": "-120",
        "underOdds": "-120",
        "overUnder": "-120 / -120"
    },
    {
        "player": "Evan Rodrigues",
        "team": "COL",
        "opponent": "TOR",
        "propType": "pts",
        "line": 0.5,
        "ppLine": "PP1",
        "avg": 0.57,
        "hit": false,
        "diffAvg": 0.14,
        "diffAbs": 0.0,
        "lastAvg": 0.48,
        "diff": -0.04,
        "avgMin": 18,
        "proj": 0.5,
        "lastAvgMin": 15.83,
        "oppOver": 0,
        "teamOver": 0,
        "gameLine": "+125",
        "+/-": "+1",
        "L5_+/-": "+1.0",
        "prevMatchup": "2022-12-31 1.0 pts",
        "winLossSplits": "0.49 - 0.67",
        "awayHome": "A",
        "playedYesterday": "N",
        "awayHomeSplits": "0.6 - 0.55",
        "savesAboveExp": 0.388,
        "gsaa": 9.29,
        "corsi": "52.2% (59.9) // 54.8% (60.4) // 60.4% (64.3) // 64.8% (69.4)",
        "fenwick": "51.4% (44.0) // 55.1% (44.5) // 60.6% (48.1) // 62.5% (50.5)",
        "shots": "51.5% (32.9) // 55.7% (32.9) // 59.5% (34.3) // 60.5% (35.3)",
        "scoring": "52.9% (29.8) // 55.6% (30.4) // 61.6% (32.7) // 63.4% (34.4)",
        "corsiAgainst": "47.8% (54.9) // 45.2% (49.7) // 39.6% (42.2) // 35.2% (37.7)",
        "fenwickAgainst": "48.6% (41.6) // 44.9% (36.2) // 39.4% (31.3) // 37.5% (30.4)",
        "shotsAgainst": "48.5% (31.0) // 44.3% (26.2) // 40.5% (23.4) // 39.5% (23.1)",
        "scoringAgainst": "47.1% (26.5) // 44.4% (24.3) // 38.4% (20.4) // 36.6% (19.8)",
        "oppCorsi": "51.3% (57.8) // 49.6% (54.2) // 48.1% (52.0) // 51.6% (56.0)",
        "oppFenwick": "52.2% (44.1) // 51.4% (41.8) // 49.6% (42.0) // 52.9% (45.0)",
        "oppShots": "52.7% (32.0) // 52.5% (31.0) // 50.8% (30.3) // 54.5% (33.0)",
        "oppScoring": "54.1% (33.6) // 51.4% (30.5) // 50.0% (27.7) // 54.0% (30.0)",
        "oppCorsiAgainst": "48.7% (54.9) // 50.4% (55.1) // 51.9% (56.0) // 48.4% (52.5)",
        "oppFenwickAgainst": "47.8% (40.3) // 48.6% (39.5) // 50.4% (42.7) // 47.1% (40.0)",
        "oppShotsAgainst": "47.3% (28.7) // 47.5% (28.1) // 49.2% (29.3) // 45.5% (27.5)",
        "oppScoringAgainst": "45.9% (28.5) // 48.6% (28.8) // 50.0% (27.7) // 46.0% (25.5)",
        "savesPerGame": 28.7,
        "savesPerGameLast1": 15.0,
        "savesPerGameLast3": 19.7,
        "savesPerGameLast5": 20.8,
        "savesPer60": 28.7,
        "savesPer60Last1": 15.0,
        "savesPer60Last3": 19.7,
        "savesPer60Last5": 20.9,
        "shotsPerGame": 33.4,
        "shotsPerGameLast5": 34.6,
        "shotsAgainstPerGame": 31.5,
        "shotsAgainstPerGameLast5": 23.6,
        "oppSavesAgainstPer60": 28.5,
        "oppSavesAgainstPer60Last1": 25.0,
        "oppSavesAgainstPer60Last3": 26.0,
        "oppSavesAgainstPer60Last5": 29.2,
        "oppShotsAgainstPerGame": 28.9,
        "oppShotsAgainstPerGameLast5": 27.6,
        "savesProj": 31.5,
        "savesProjLast5": 23.2,
        "savesProjLast3": 19.4,
        "oppSavesAgainstProj": 28.9,
        "oppSavesAgainstProjLast5": 23.1,
        "oppSavesAgainstProjLast3": 19.7,
        "totalOver": 50,
        "totalOverLast5": 60,
        "lastTotalOver": 38,
        "last5": "1,0,1,0,1,1,0,0,0,1",
        "overOdds": "-105",
        "underOdds": "-135",
        "overUnder": "-105 / -135"
    },
    {
        "player": "Evan Rodrigues",
        "team": "COL",
        "opponent": "TOR",
        "propType": "ast",
        "line": 0.5,
        "ppLine": "PP1",
        "avg": 0.33,
        "hit": false,
        "diffAvg": -0.34,
        "diffAbs": 0.4,
        "lastAvg": 0.27,
        "diff": -0.46,
        "avgMin": 18,
        "proj": 0.3,
        "lastAvgMin": 15.83,
        "oppOver": 0,
        "teamOver": 0,
        "gameLine": "+125",
        "+/-": "+1",
        "L5_+/-": "+1.0",
        "prevMatchup": "2022-12-31 1.0 ast",
        "winLossSplits": "0.37 - 0.26",
        "awayHome": "A",
        "playedYesterday": "N",
        "awayHomeSplits": "0.32 - 0.34",
        "savesAboveExp": 0.388,
        "gsaa": 9.29,
        "corsi": "52.2% (59.9) // 54.8% (60.4) // 60.4% (64.3) // 64.8% (69.4)",
        "fenwick": "51.4% (44.0) // 55.1% (44.5) // 60.6% (48.1) // 62.5% (50.5)",
        "shots": "51.5% (32.9) // 55.7% (32.9) // 59.5% (34.3) // 60.5% (35.3)",
        "scoring": "52.9% (29.8) // 55.6% (30.4) // 61.6% (32.7) // 63.4% (34.4)",
        "corsiAgainst": "47.8% (54.9) // 45.2% (49.7) // 39.6% (42.2) // 35.2% (37.7)",
        "fenwickAgainst": "48.6% (41.6) // 44.9% (36.2) // 39.4% (31.3) // 37.5% (30.4)",
        "shotsAgainst": "48.5% (31.0) // 44.3% (26.2) // 40.5% (23.4) // 39.5% (23.1)",
        "scoringAgainst": "47.1% (26.5) // 44.4% (24.3) // 38.4% (20.4) // 36.6% (19.8)",
        "oppCorsi": "51.3% (57.8) // 49.6% (54.2) // 48.1% (52.0) // 51.6% (56.0)",
        "oppFenwick": "52.2% (44.1) // 51.4% (41.8) // 49.6% (42.0) // 52.9% (45.0)",
        "oppShots": "52.7% (32.0) // 52.5% (31.0) // 50.8% (30.3) // 54.5% (33.0)",
        "oppScoring": "54.1% (33.6) // 51.4% (30.5) // 50.0% (27.7) // 54.0% (30.0)",
        "oppCorsiAgainst": "48.7% (54.9) // 50.4% (55.1) // 51.9% (56.0) // 48.4% (52.5)",
        "oppFenwickAgainst": "47.8% (40.3) // 48.6% (39.5) // 50.4% (42.7) // 47.1% (40.0)",
        "oppShotsAgainst": "47.3% (28.7) // 47.5% (28.1) // 49.2% (29.3) // 45.5% (27.5)",
        "oppScoringAgainst": "45.9% (28.5) // 48.6% (28.8) // 50.0% (27.7) // 46.0% (25.5)",
        "savesPerGame": 28.7,
        "savesPerGameLast1": 15.0,
        "savesPerGameLast3": 19.7,
        "savesPerGameLast5": 20.8,
        "savesPer60": 28.7,
        "savesPer60Last1": 15.0,
        "savesPer60Last3": 19.7,
        "savesPer60Last5": 20.9,
        "shotsPerGame": 33.4,
        "shotsPerGameLast5": 34.6,
        "shotsAgainstPerGame": 31.5,
        "shotsAgainstPerGameLast5": 23.6,
        "oppSavesAgainstPer60": 28.5,
        "oppSavesAgainstPer60Last1": 25.0,
        "oppSavesAgainstPer60Last3": 26.0,
        "oppSavesAgainstPer60Last5": 29.2,
        "oppShotsAgainstPerGame": 28.9,
        "oppShotsAgainstPerGameLast5": 27.6,
        "savesProj": 31.5,
        "savesProjLast5": 23.2,
        "savesProjLast3": 19.4,
        "oppSavesAgainstProj": 28.9,
        "oppSavesAgainstProjLast5": 23.1,
        "oppSavesAgainstProjLast3": 19.7,
        "totalOver": 30,
        "totalOverLast5": 40,
        "lastTotalOver": 25,
        "last5": "1,0,0,0,1,0,0,0,0,1",
        "overOdds": "+190",
        "underOdds": "-260",
        "overUnder": "+190 / -260"
    },
    {
        "player": "Jt Compher",
        "team": "COL",
        "opponent": "TOR",
        "propType": "sog",
        "line": 1.5,
        "ppLine": "PP1",
        "avg": 2.0,
        "hit": false,
        "diffAvg": 0.33,
        "diffAbs": 0.07,
        "lastAvg": 1.13,
        "diff": -0.25,
        "avgMin": 20,
        "proj": 1.4,
        "lastAvgMin": 16.32,
        "oppOver": 0,
        "teamOver": 0,
        "gameLine": "+125",
        "+/-": "+7",
        "L5_+/-": "+4.0",
        "prevMatchup": "2022-12-31 3.0 sog",
        "winLossSplits": "1.79 - 2.15",
        "awayHome": "A",
        "playedYesterday": "N",
        "awayHomeSplits": "1.9 - 2.09",
        "savesAboveExp": 0.388,
        "gsaa": 9.29,
        "corsi": "52.2% (59.9) // 54.8% (60.4) // 60.4% (64.3) // 64.8% (69.4)",
        "fenwick": "51.4% (44.0) // 55.1% (44.5) // 60.6% (48.1) // 62.5% (50.5)",
        "shots": "51.5% (32.9) // 55.7% (32.9) // 59.5% (34.3) // 60.5% (35.3)",
        "scoring": "52.9% (29.8) // 55.6% (30.4) // 61.6% (32.7) // 63.4% (34.4)",
        "corsiAgainst": "47.8% (54.9) // 45.2% (49.7) // 39.6% (42.2) // 35.2% (37.7)",
        "fenwickAgainst": "48.6% (41.6) // 44.9% (36.2) // 39.4% (31.3) // 37.5% (30.4)",
        "shotsAgainst": "48.5% (31.0) // 44.3% (26.2) // 40.5% (23.4) // 39.5% (23.1)",
