[
    {
        "player": "Bryan Rust",
        "team": "PIT",
        "opponent": "COL",
        "propType": "sog",
        "line": 2.5,
        "ppLine": "PP2",
        "avg": 2.58,
        "hit": false,
        "diffAvg": 0.03,
        "diffAbs": 0.04,
        "lastAvg": 2.69,
        "diff": 0.08,
        "avgMin": 17,
        "proj": 2.4,
        "lastAvgMin": 18.77,
        "oppOver": 0,
        "teamOver": 0,
        "gameLine": "+140",
        "+/-": -10,
        "L5_+/-": -3.0,
        "prevMatchup": "2023-02-07 4.0 sog",
        "winLossSplits": "2.58 - 2.38",
        "awayHome": "A",
        "playedYesterday": "N",
        "awayHomeSplits": "2.09 - 3.09",
        "savesAboveExp": 0.16,
        "gsaa": 23.16,
        "corsi": "51.7% (62.7) // 55.3% (67.5) // 57.9% (72.0) // 58.0% (72.3)",
        "fenwick": "51.5% (46.8) // 55.7% (49.9) // 59.0% (52.3) // 58.2% (52.0)",
        "shots": "50.8% (33.8) // 56.0% (36.6) // 59.4% (38.2) // 58.8% (38.0)",
        "scoring": "52.4% (33.0) // 58.0% (36.1) // 62.3% (40.4) // 61.7% (39.7)",
        "corsiAgainst": "48.3% (58.6) // 44.7% (54.5) // 42.1% (52.3) // 42.0% (52.3)",
        "fenwickAgainst": "48.5% (44.0) // 44.3% (39.7) // 41.0% (36.4) // 41.8% (37.3)",
        "shotsAgainst": "49.2% (32.8) // 44.0% (28.7) // 40.6% (26.1) // 41.2% (26.7)",
        "scoringAgainst": "47.6% (29.9) // 42.0% (26.1) // 37.7% (24.5) // 38.3% (24.7)",
        "oppCorsi": "52.1% (59.7) // 56.0% (61.0) // 53.3% (57.4) // 48.2% (54.3)",
        "oppFenwick": "51.4% (43.8) // 56.1% (44.7) // 52.7% (40.7) // 48.6% (40.7)",
        "oppShots": "51.4% (32.6) // 55.1% (31.8) // 52.3% (28.9) // 46.7% (28.3)",
        "oppScoring": "53.1% (30.0) // 58.8% (32.4) // 57.9% (33.0) // 54.5% (32.3)",
        "oppCorsiAgainst": "47.9% (54.8) // 44.0% (47.9) // 46.7% (50.4) // 51.8% (58.3)",
        "oppFenwickAgainst": "48.6% (41.4) // 43.9% (35.0) // 47.3% (36.6) // 51.4% (43.0)",
        "oppShotsAgainst": "48.6% (30.9) // 44.9% (25.9) // 47.7% (26.4) // 53.3% (32.3)",
        "oppScoringAgainst": "46.9% (26.4) // 41.2% (22.7) // 42.1% (24.0) // 45.5% (27.0)",
        "savesPerGame": 29.9,
        "savesPerGameLast1": 19.0,
        "savesPerGameLast3": 22.7,
        "savesPerGameLast5": 22.2,
        "savesPer60": 30.0,
        "savesPer60Last1": 18.5,
        "savesPer60Last3": 22.3,
        "savesPer60Last5": 22.0,
        "shotsPerGame": 34.2,
        "shotsPerGameLast5": 38.4,
        "shotsAgainstPerGame": 33.2,
        "shotsAgainstPerGameLast5": 26.2,
        "oppSavesAgainstPer60": 30.0,
        "oppSavesAgainstPer60Last1": 27.0,
        "oppSavesAgainstPer60Last3": 23.5,
        "oppSavesAgainstPer60Last5": 24.7,
        "oppShotsAgainstPerGame": 31.3,
        "oppShotsAgainstPerGameLast5": 26.8,
        "savesProj": 31.3,
        "savesProjLast5": 18.9,
        "savesProjLast3": 18.2,
        "oppSavesAgainstProj": 31.7,
        "oppSavesAgainstProjLast5": 19.4,
        "oppSavesAgainstProjLast3": 18.4,
        "totalOver": 39,
        "totalOverLast5": 20,
        "lastTotalOver": 54,
        "last5": "6,2,1,2,2,3,0,2,1,3",
        "overOdds": "-110",
        "underOdds": "-120",
        "overUnder": "-110 / -120"
    },
    {
        "player": "Bryan Rust",
        "team": "PIT",
        "opponent": "COL",
        "propType": "pts",
        "line": 0.5,
        "ppLine": "PP2",
        "avg": 0.55,
        "hit": false,
        "diffAvg": 0.1,
        "diffAbs": 0.6,
        "lastAvg": 0.87,
        "diff": 0.74,
        "avgMin": 17,
        "proj": 0.8,
        "lastAvgMin": 18.77,
        "oppOver": 0,
        "teamOver": 0,
        "gameLine": "+140",
        "+/-": -10,
        "L5_+/-": -3.0,
        "prevMatchup": "2023-02-07 1.0 pts",
        "winLossSplits": "0.88 - 0.29",
        "awayHome": "A",
        "playedYesterday": "N",
        "awayHomeSplits": "0.4 - 0.71",
        "savesAboveExp": 0.16,
        "gsaa": 23.16,
        "corsi": "51.7% (62.7) // 55.3% (67.5) // 57.9% (72.0) // 58.0% (72.3)",
        "fenwick": "51.5% (46.8) // 55.7% (49.9) // 59.0% (52.3) // 58.2% (52.0)",
        "shots": "50.8% (33.8) // 56.0% (36.6) // 59.4% (38.2) // 58.8% (38.0)",
        "scoring": "52.4% (33.0) // 58.0% (36.1) // 62.3% (40.4) // 61.7% (39.7)",
        "corsiAgainst": "48.3% (58.6) // 44.7% (54.5) // 42.1% (52.3) // 42.0% (52.3)",
        "fenwickAgainst": "48.5% (44.0) // 44.3% (39.7) // 41.0% (36.4) // 41.8% (37.3)",
        "shotsAgainst": "49.2% (32.8) // 44.0% (28.7) // 40.6% (26.1) // 41.2% (26.7)",
        "scoringAgainst": "47.6% (29.9) // 42.0% (26.1) // 37.7% (24.5) // 38.3% (24.7)",
        "oppCorsi": "52.1% (59.7) // 56.0% (61.0) // 53.3% (57.4) // 48.2% (54.3)",
        "oppFenwick": "51.4% (43.8) // 56.1% (44.7) // 52.7% (40.7) // 48.6% (40.7)",
        "oppShots": "51.4% (32.6) // 55.1% (31.8) // 52.3% (28.9) // 46.7% (28.3)",
        "oppScoring": "53.1% (30.0) // 58.8% (32.4) // 57.9% (33.0) // 54.5% (32.3)",
        "oppCorsiAgainst": "47.9% (54.8) // 44.0% (47.9) // 46.7% (50.4) // 51.8% (58.3)",
        "oppFenwickAgainst": "48.6% (41.4) // 43.9% (35.0) // 47.3% (36.6) // 51.4% (43.0)",
        "oppShotsAgainst": "48.6% (30.9) // 44.9% (25.9) // 47.7% (26.4) // 53.3% (32.3)",
        "oppScoringAgainst": "46.9% (26.4) // 41.2% (22.7) // 42.1% (24.0) // 45.5% (27.0)",
        "savesPerGame": 29.9,
        "savesPerGameLast1": 19.0,
        "savesPerGameLast3": 22.7,
        "savesPerGameLast5": 22.2,
        "savesPer60": 30.0,
        "savesPer60Last1": 18.5,
        "savesPer60Last3": 22.3,
        "savesPer60Last5": 22.0,
        "shotsPerGame": 34.2,
        "shotsPerGameLast5": 38.4,
        "shotsAgainstPerGame": 33.2,
        "shotsAgainstPerGameLast5": 26.2,
        "oppSavesAgainstPer60": 30.0,
        "oppSavesAgainstPer60Last1": 27.0,
        "oppSavesAgainstPer60Last3": 23.5,
        "oppSavesAgainstPer60Last5": 24.7,
        "oppShotsAgainstPerGame": 31.3,
        "oppShotsAgainstPerGameLast5": 26.8,
        "savesProj": 31.3,
        "savesProjLast5": 18.9,
        "savesProjLast3": 18.2,
        "oppSavesAgainstProj": 31.7,
        "oppSavesAgainstProjLast5": 19.4,
        "oppSavesAgainstProjLast3": 18.4,
        "totalOver": 38,
        "totalOverLast5": 20,
        "lastTotalOver": 55,
        "last5": "0,0,0,1,0,0,0,0,0,1",
        "overOdds": "-105",
        "underOdds": "-125",
        "overUnder": "-105 / -125"
    },
    {
        "player": "Bryan Rust",
        "team": "PIT",
        "opponent": "COL",
        "propType": "ast",
        "line": 0.5,
        "ppLine": "PP2",
        "avg": 0.33,
        "hit": false,
        "diffAvg": -0.34,
        "diffAbs": 0.0,
        "lastAvg": 0.51,
        "diff": 0.02,
        "avgMin": 17,
        "proj": 0.5,
        "lastAvgMin": 18.77,
        "oppOver": 0,
        "teamOver": 0,
        "gameLine": "+140",
        "+/-": -10,
        "L5_+/-": -3.0,
        "prevMatchup": "2023-02-07 0.0 ast",
        "winLossSplits": "0.53 - 0.19",
        "awayHome": "A",
        "playedYesterday": "N",
        "awayHomeSplits": "0.23 - 0.44",
        "savesAboveExp": 0.16,
        "gsaa": 23.16,
        "corsi": "51.7% (62.7) // 55.3% (67.5) // 57.9% (72.0) // 58.0% (72.3)",
        "fenwick": "51.5% (46.8) // 55.7% (49.9) // 59.0% (52.3) // 58.2% (52.0)",
        "shots": "50.8% (33.8) // 56.0% (36.6) // 59.4% (38.2) // 58.8% (38.0)",
        "scoring": "52.4% (33.0) // 58.0% (36.1) // 62.3% (40.4) // 61.7% (39.7)",
        "corsiAgainst": "48.3% (58.6) // 44.7% (54.5) // 42.1% (52.3) // 42.0% (52.3)",
        "fenwickAgainst": "48.5% (44.0) // 44.3% (39.7) // 41.0% (36.4) // 41.8% (37.3)",
        "shotsAgainst": "49.2% (32.8) // 44.0% (28.7) // 40.6% (26.1) // 41.2% (26.7)",
        "scoringAgainst": "47.6% (29.9) // 42.0% (26.1) // 37.7% (24.5) // 38.3% (24.7)",
        "oppCorsi": "52.1% (59.7) // 56.0% (61.0) // 53.3% (57.4) // 48.2% (54.3)",
        "oppFenwick": "51.4% (43.8) // 56.1% (44.7) // 52.7% (40.7) // 48.6% (40.7)",
        "oppShots": "51.4% (32.6) // 55.1% (31.8) // 52.3% (28.9) // 46.7% (28.3)",
        "oppScoring": "53.1% (30.0) // 58.8% (32.4) // 57.9% (33.0) // 54.5% (32.3)",
        "oppCorsiAgainst": "47.9% (54.8) // 44.0% (47.9) // 46.7% (50.4) // 51.8% (58.3)",
        "oppFenwickAgainst": "48.6% (41.4) // 43.9% (35.0) // 47.3% (36.6) // 51.4% (43.0)",
        "oppShotsAgainst": "48.6% (30.9) // 44.9% (25.9) // 47.7% (26.4) // 53.3% (32.3)",
        "oppScoringAgainst": "46.9% (26.4) // 41.2% (22.7) // 42.1% (24.0) // 45.5% (27.0)",
        "savesPerGame": 29.9,
        "savesPerGameLast1": 19.0,
        "savesPerGameLast3": 22.7,
        "savesPerGameLast5": 22.2,
        "savesPer60": 30.0,
        "savesPer60Last1": 18.5,
        "savesPer60Last3": 22.3,
        "savesPer60Last5": 22.0,
        "shotsPerGame": 34.2,
        "shotsPerGameLast5": 38.4,
        "shotsAgainstPerGame": 33.2,
        "shotsAgainstPerGameLast5": 26.2,
        "oppSavesAgainstPer60": 30.0,
        "oppSavesAgainstPer60Last1": 27.0,
        "oppSavesAgainstPer60Last3": 23.5,
        "oppSavesAgainstPer60Last5": 24.7,
        "oppShotsAgainstPerGame": 31.3,
        "oppShotsAgainstPerGameLast5": 26.8,
        "savesProj": 31.3,
        "savesProjLast5": 18.9,
        "savesProjLast3": 18.2,
        "oppSavesAgainstProj": 31.7,
        "oppSavesAgainstProjLast5": 19.4,
        "oppSavesAgainstProjLast3": 18.4,
        "totalOver": 25,
        "totalOverLast5": 20,
        "lastTotalOver": 43,
        "last5": "0,0,0,1,0,0,0,0,0,0",
        "overOdds": "+200",
        "underOdds": "-250",
        "overUnder": "+200 / -250"
    },
    {
        "player": "Bryan Rust",
        "team": "PIT",
        "opponent": "COL",
        "propType": "g",
        "line": 0.5,
        "ppLine": "PP2",
        "avg": 0.22,
        "hit": false,
        "diffAvg": -0.56,
        "diffAbs": 0.4,
        "lastAvg": 0.36,
        "diff": -0.28,
        "avgMin": 17,
        "proj": 0.3,
        "lastAvgMin": 18.77,
        "oppOver": 0,
        "teamOver": 0,
        "gameLine": "+140",
        "+/-": -10,
        "L5_+/-": -3.0,
        "prevMatchup": "2023-02-07 1.0 g",
        "winLossSplits": "0.36 - 0.1",
        "awayHome": "A",
        "playedYesterday": "N",
        "awayHomeSplits": "0.17 - 0.26",
        "savesAboveExp": 0.16,
        "gsaa": 23.16,
        "corsi": "51.7% (62.7) // 55.3% (67.5) // 57.9% (72.0) // 58.0% (72.3)",
        "fenwick": "51.5% (46.8) // 55.7% (49.9) // 59.0% (52.3) // 58.2% (52.0)",
        "shots": "50.8% (33.8) // 56.0% (36.6) // 59.4% (38.2) // 58.8% (38.0)",
        "scoring": "52.4% (33.0) // 58.0% (36.1) // 62.3% (40.4) // 61.7% (39.7)",
        "corsiAgainst": "48.3% (58.6) // 44.7% (54.5) // 42.1% (52.3) // 42.0% (52.3)",
        "fenwickAgainst": "48.5% (44.0) // 44.3% (39.7) // 41.0% (36.4) // 41.8% (37.3)",
        "shotsAgainst": "49.2% (32.8) // 44.0% (28.7) // 40.6% (26.1) // 41.2% (26.7)",
        "scoringAgainst": "47.6% (29.9) // 42.0% (26.1) // 37.7% (24.5) // 38.3% (24.7)",
        "oppCorsi": "52.1% (59.7) // 56.0% (61.0) // 53.3% (57.4) // 48.2% (54.3)",
        "oppFenwick": "51.4% (43.8) // 56.1% (44.7) // 52.7% (40.7) // 48.6% (40.7)",
        "oppShots": "51.4% (32.6) // 55.1% (31.8) // 52.3% (28.9) // 46.7% (28.3)",
        "oppScoring": "53.1% (30.0) // 58.8% (32.4) // 57.9% (33.0) // 54.5% (32.3)",
        "oppCorsiAgainst": "47.9% (54.8) // 44.0% (47.9) // 46.7% (50.4) // 51.8% (58.3)",
        "oppFenwickAgainst": "48.6% (41.4) // 43.9% (35.0) // 47.3% (36.6) // 51.4% (43.0)",
        "oppShotsAgainst": "48.6% (30.9) // 44.9% (25.9) // 47.7% (26.4) // 53.3% (32.3)",
        "oppScoringAgainst": "46.9% (26.4) // 41.2% (22.7) // 42.1% (24.0) // 45.5% (27.0)",
        "savesPerGame": 29.9,
        "savesPerGameLast1": 19.0,
        "savesPerGameLast3": 22.7,
        "savesPerGameLast5": 22.2,
        "savesPer60": 30.0,
        "savesPer60Last1": 18.5,
        "savesPer60Last3": 22.3,
        "savesPer60Last5": 22.0,
        "shotsPerGame": 34.2,
        "shotsPerGameLast5": 38.4,
        "shotsAgainstPerGame": 33.2,
        "shotsAgainstPerGameLast5": 26.2,
        "oppSavesAgainstPer60": 30.0,
        "oppSavesAgainstPer60Last1": 27.0,
        "oppSavesAgainstPer60Last3": 23.5,
        "oppSavesAgainstPer60Last5": 24.7,
        "oppShotsAgainstPerGame": 31.3,
        "oppShotsAgainstPerGameLast5": 26.8,
        "savesProj": 31.3,
        "savesProjLast5": 18.9,
        "savesProjLast3": 18.2,
        "oppSavesAgainstProj": 31.7,
        "oppSavesAgainstProjLast5": 19.4,
        "oppSavesAgainstProjLast3": 18.4,
        "totalOver": 22,
        "totalOverLast5": 0,
        "lastTotalOver": 28,
        "last5": "0,0,0,0,0,0,0,0,0,1",
        "overOdds": "+300",
        "underOdds": "0",
        "overUnder": "+300 / 0"
    },
    {
        "player": "Evgeni Malkin",
        "team": "PIT",
        "opponent": "COL",
        "propType": "sog",
        "line": 2.5,
        "ppLine": "PP1",
        "avg": 2.87,
        "hit": false,
        "diffAvg": 0.15,
        "diffAbs": 0.04,
        "lastAvg": 2.69,
        "diff": 0.08,
        "avgMin": 18,
        "proj": 2.6,
        "lastAvgMin": 18.32,
        "oppOver": 0,
        "teamOver": 0,
        "gameLine": "+140",
        "+/-": -8,
        "L5_+/-": -3.0,
        "prevMatchup": "2023-02-07 4.0 sog",
        "winLossSplits": "3.27 - 2.33",
        "awayHome": "A",
        "playedYesterday": "N",
        "awayHomeSplits": "2.63 - 3.11",
        "savesAboveExp": 0.16,
        "gsaa": 23.16,
        "corsi": "51.7% (62.7) // 55.3% (67.5) // 57.9% (72.0) // 58.0% (72.3)",
        "fenwick": "51.5% (46.8) // 55.7% (49.9) // 59.0% (52.3) // 58.2% (52.0)",
        "shots": "50.8% (33.8) // 56.0% (36.6) // 59.4% (38.2) // 58.8% (38.0)",
        "scoring": "52.4% (33.0) // 58.0% (36.1) // 62.3% (40.4) // 61.7% (39.7)",
        "corsiAgainst": "48.3% (58.6) // 44.7% (54.5) // 42.1% (52.3) // 42.0% (52.3)",
        "fenwickAgainst": "48.5% (44.0) // 44.3% (39.7) // 41.0% (36.4) // 41.8% (37.3)",
        "shotsAgainst": "49.2% (32.8) // 44.0% (28.7) // 40.6% (26.1) // 41.2% (26.7)",
        "scoringAgainst": "47.6% (29.9) // 42.0% (26.1) // 37.7% (24.5) // 38.3% (24.7)",
        "oppCorsi": "52.1% (59.7) // 56.0% (61.0) // 53.3% (57.4) // 48.2% (54.3)",
        "oppFenwick": "51.4% (43.8) // 56.1% (44.7) // 52.7% (40.7) // 48.6% (40.7)",
        "oppShots": "51.4% (32.6) // 55.1% (31.8) // 52.3% (28.9) // 46.7% (28.3)",
        "oppScoring": "53.1% (30.0) // 58.8% (32.4) // 57.9% (33.0) // 54.5% (32.3)",
        "oppCorsiAgainst": "47.9% (54.8) // 44.0% (47.9) // 46.7% (50.4) // 51.8% (58.3)",
        "oppFenwickAgainst": "48.6% (41.4) // 43.9% (35.0) // 47.3% (36.6) // 51.4% (43.0)",
        "oppShotsAgainst": "48.6% (30.9) // 44.9% (25.9) // 47.7% (26.4) // 53.3% (32.3)",
        "oppScoringAgainst": "46.9% (26.4) // 41.2% (22.7) // 42.1% (24.0) // 45.5% (27.0)",
        "savesPerGame": 29.9,
        "savesPerGameLast1": 19.0,
        "savesPerGameLast3": 22.7,
        "savesPerGameLast5": 22.2,
        "savesPer60": 30.0,
        "savesPer60Last1": 18.5,
        "savesPer60Last3": 22.3,
        "savesPer60Last5": 22.0,
        "shotsPerGame": 34.2,
        "shotsPerGameLast5": 38.4,
        "shotsAgainstPerGame": 33.2,
        "shotsAgainstPerGameLast5": 26.2,
        "oppSavesAgainstPer60": 30.0,
        "oppSavesAgainstPer60Last1": 27.0,
        "oppSavesAgainstPer60Last3": 23.5,
        "oppSavesAgainstPer60Last5": 24.7,
        "oppShotsAgainstPerGame": 31.3,
        "oppShotsAgainstPerGameLast5": 26.8,
        "savesProj": 31.3,
        "savesProjLast5": 18.9,
        "savesProjLast3": 18.2,
        "oppSavesAgainstProj": 31.7,
        "oppSavesAgainstProjLast5": 19.4,
        "oppSavesAgainstProjLast3": 18.4,
        "totalOver": 53,
        "totalOverLast5": 40,
        "lastTotalOver": 50,
        "last5": "4,2,0,3,2,3,1,5,3,1",
        "overOdds": "-130",
        "underOdds": "+100",
        "overUnder": "-130 / +100"
    },
    {
        "player": "Evgeni Malkin",
        "team": "PIT",
        "opponent": "COL",
        "propType": "pts",
        "line": 0.5,
        "ppLine": "PP1",
        "avg": 1.04,
        "hit": false,
        "diffAvg": 1.08,
        "diffAbs": 0.8,
        "lastAvg": 0.88,
        "diff": 0.76,
        "avgMin": 18,
        "proj": 0.9,
        "lastAvgMin": 18.32,
        "oppOver": 0,
        "teamOver": 0,
        "gameLine": "+140",
        "+/-": -8,
        "L5_+/-": -3.0,
        "prevMatchup": "2023-02-07 2.0 pts",
        "winLossSplits": "1.32 - 0.74",
        "awayHome": "A",
        "playedYesterday": "N",
        "awayHomeSplits": "0.8 - 1.29",
        "savesAboveExp": 0.16,
        "gsaa": 23.16,
        "corsi": "51.7% (62.7) // 55.3% (67.5) // 57.9% (72.0) // 58.0% (72.3)",
        "fenwick": "51.5% (46.8) // 55.7% (49.9) // 59.0% (52.3) // 58.2% (52.0)",
        "shots": "50.8% (33.8) // 56.0% (36.6) // 59.4% (38.2) // 58.8% (38.0)",
        "scoring": "52.4% (33.0) // 58.0% (36.1) // 62.3% (40.4) // 61.7% (39.7)",
        "corsiAgainst": "48.3% (58.6) // 44.7% (54.5) // 42.1% (52.3) // 42.0% (52.3)",
        "fenwickAgainst": "48.5% (44.0) // 44.3% (39.7) // 41.0% (36.4) // 41.8% (37.3)",
        "shotsAgainst": "49.2% (32.8) // 44.0% (28.7) // 40.6% (26.1) // 41.2% (26.7)",
        "scoringAgainst": "47.6% (29.9) // 42.0% (26.1) // 37.7% (24.5) // 38.3% (24.7)",
        "oppCorsi": "52.1% (59.7) // 56.0% (61.0) // 53.3% (57.4) // 48.2% (54.3)",
        "oppFenwick": "51.4% (43.8) // 56.1% (44.7) // 52.7% (40.7) // 48.6% (40.7)",
        "oppShots": "51.4% (32.6) // 55.1% (31.8) // 52.3% (28.9) // 46.7% (28.3)",
        "oppScoring": "53.1% (30.0) // 58.8% (32.4) // 57.9% (33.0) // 54.5% (32.3)",
        "oppCorsiAgainst": "47.9% (54.8) // 44.0% (47.9) // 46.7% (50.4) // 51.8% (58.3)",
        "oppFenwickAgainst": "48.6% (41.4) // 43.9% (35.0) // 47.3% (36.6) // 51.4% (43.0)",
        "oppShotsAgainst": "48.6% (30.9) // 44.9% (25.9) // 47.7% (26.4) // 53.3% (32.3)",
        "oppScoringAgainst": "46.9% (26.4) // 41.2% (22.7) // 42.1% (24.0) // 45.5% (27.0)",
        "savesPerGame": 29.9,
        "savesPerGameLast1": 19.0,
        "savesPerGameLast3": 22.7,
        "savesPerGameLast5": 22.2,
        "savesPer60": 30.0,
        "savesPer60Last1": 18.5,
        "savesPer60Last3": 22.3,
        "savesPer60Last5": 22.0,
        "shotsPerGame": 34.2,
        "shotsPerGameLast5": 38.4,
        "shotsAgainstPerGame": 33.2,
        "shotsAgainstPerGameLast5": 26.2,
        "oppSavesAgainstPer60": 30.0,
        "oppSavesAgainstPer60Last1": 27.0,
        "oppSavesAgainstPer60Last3": 23.5,
        "oppSavesAgainstPer60Last5": 24.7,
        "oppShotsAgainstPerGame": 31.3,
        "oppShotsAgainstPerGameLast5": 26.8,
        "savesProj": 31.3,
        "savesProjLast5": 18.9,
        "savesProjLast3": 18.2,
        "oppSavesAgainstProj": 31.7,
        "oppSavesAgainstProjLast5": 19.4,
        "oppSavesAgainstProjLast3": 18.4,
        "totalOver": 64,
        "totalOverLast5": 60,
        "lastTotalOver": 67,
        "last5": "1,0,0,2,2,1,1,3,1,0",
        "overOdds": "-235",
        "underOdds": "+190",
        "overUnder": "-235 / +190"
    },
    {
        "player": "Evgeni Malkin",
        "team": "PIT",
        "opponent": "COL",
        "propType": "ast",
        "line": 0.5,
        "ppLine": "PP1",
        "avg": 0.7,
        "hit": false,
        "diffAvg": 0.4,
        "diffAbs": 0.0,
        "lastAvg": 0.46,
        "diff": -0.08,
        "avgMin": 18,
        "proj": 0.5,
        "lastAvgMin": 18.32,
        "oppOver": 0,
        "teamOver": 0,
        "gameLine": "+140",
        "+/-": -8,
        "L5_+/-": -3.0,
        "prevMatchup": "2023-02-07 2.0 ast",
        "winLossSplits": "0.96 - 0.41",
        "awayHome": "A",
        "playedYesterday": "N",
        "awayHomeSplits": "0.54 - 0.86",
        "savesAboveExp": 0.16,
        "gsaa": 23.16,
        "corsi": "51.7% (62.7) // 55.3% (67.5) // 57.9% (72.0) // 58.0% (72.3)",
        "fenwick": "51.5% (46.8) // 55.7% (49.9) // 59.0% (52.3) // 58.2% (52.0)",
        "shots": "50.8% (33.8) // 56.0% (36.6) // 59.4% (38.2) // 58.8% (38.0)",
        "scoring": "52.4% (33.0) // 58.0% (36.1) // 62.3% (40.4) // 61.7% (39.7)",
        "corsiAgainst": "48.3% (58.6) // 44.7% (54.5) // 42.1% (52.3) // 42.0% (52.3)",
        "fenwickAgainst": "48.5% (44.0) // 44.3% (39.7) // 41.0% (36.4) // 41.8% (37.3)",
        "shotsAgainst": "49.2% (32.8) // 44.0% (28.7) // 40.6% (26.1) // 41.2% (26.7)",
        "scoringAgainst": "47.6% (29.9) // 42.0% (26.1) // 37.7% (24.5) // 38.3% (24.7)",
        "oppCorsi": "52.1% (59.7) // 56.0% (61.0) // 53.3% (57.4) // 48.2% (54.3)",
        "oppFenwick": "51.4% (43.8) // 56.1% (44.7) // 52.7% (40.7) // 48.6% (40.7)",
        "oppShots": "51.4% (32.6) // 55.1% (31.8) // 52.3% (28.9) // 46.7% (28.3)",
        "oppScoring": "53.1% (30.0) // 58.8% (32.4) // 57.9% (33.0) // 54.5% (32.3)",
        "oppCorsiAgainst": "47.9% (54.8) // 44.0% (47.9) // 46.7% (50.4) // 51.8% (58.3)",
        "oppFenwickAgainst": "48.6% (41.4) // 43.9% (35.0) // 47.3% (36.6) // 51.4% (43.0)",
        "oppShotsAgainst": "48.6% (30.9) // 44.9% (25.9) // 47.7% (26.4) // 53.3% (32.3)",
        "oppScoringAgainst": "46.9% (26.4) // 41.2% (22.7) // 42.1% (24.0) // 45.5% (27.0)",
        "savesPerGame": 29.9,
        "savesPerGameLast1": 19.0,
        "savesPerGameLast3": 22.7,
        "savesPerGameLast5": 22.2,
        "savesPer60": 30.0,
        "savesPer60Last1": 18.5,
        "savesPer60Last3": 22.3,
        "savesPer60Last5": 22.0,
        "shotsPerGame": 34.2,
        "shotsPerGameLast5": 38.4,
        "shotsAgainstPerGame": 33.2,
        "shotsAgainstPerGameLast5": 26.2,
        "oppSavesAgainstPer60": 30.0,
        "oppSavesAgainstPer60Last1": 27.0,
        "oppSavesAgainstPer60Last3": 23.5,
        "oppSavesAgainstPer60Last5": 24.7,
        "oppShotsAgainstPerGame": 31.3,
        "oppShotsAgainstPerGameLast5": 26.8,
        "savesProj": 31.3,
        "savesProjLast5": 18.9,
        "savesProjLast3": 18.2,
        "oppSavesAgainstProj": 31.7,
        "oppSavesAgainstProjLast5": 19.4,
        "oppSavesAgainstProjLast3": 18.4,
        "totalOver": 51,
        "totalOverLast5": 60,
        "lastTotalOver": 44,
        "last5": "1,0,0,1,2,1,1,3,1,0",
        "overOdds": "-125",
        "underOdds": "-105",
        "overUnder": "-125 / -105"
    },
    {
        "player": "Evgeni Malkin",
        "team": "PIT",
        "opponent": "COL",
        "propType": "g",
        "line": 0.5,
        "ppLine": "PP1",
        "avg": 0.34,
        "hit": false,
        "diffAvg": -0.32,
        "diffAbs": 0.2,
        "lastAvg": 0.42,
        "diff": -0.16,
        "avgMin": 18,
        "proj": 0.4,
        "lastAvgMin": 18.32,
        "oppOver": 0,
        "teamOver": 0,
        "gameLine": "+140",
        "+/-": -8,
        "L5_+/-": -3.0,
        "prevMatchup": "2023-02-07 0.0 g",
        "winLossSplits": "0.36 - 0.33",
        "awayHome": "A",
        "playedYesterday": "N",
        "awayHomeSplits": "0.26 - 0.43",
        "savesAboveExp": 0.16,
        "gsaa": 23.16,
        "corsi": "51.7% (62.7) // 55.3% (67.5) // 57.9% (72.0) // 58.0% (72.3)",
        "fenwick": "51.5% (46.8) // 55.7% (49.9) // 59.0% (52.3) // 58.2% (52.0)",
        "shots": "50.8% (33.8) // 56.0% (36.6) // 59.4% (38.2) // 58.8% (38.0)",
        "scoring": "52.4% (33.0) // 58.0% (36.1) // 62.3% (40.4) // 61.7% (39.7)",
        "corsiAgainst": "48.3% (58.6) // 44.7% (54.5) // 42.1% (52.3) // 42.0% (52.3)",
        "fenwickAgainst": "48.5% (44.0) // 44.3% (39.7) // 41.0% (36.4) // 41.8% (37.3)",
        "shotsAgainst": "49.2% (32.8) // 44.0% (28.7) // 40.6% (26.1) // 41.2% (26.7)",
        "scoringAgainst": "47.6% (29.9) // 42.0% (26.1) // 37.7% (24.5) // 38.3% (24.7)",
        "oppCorsi": "52.1% (59.7) // 56.0% (61.0) // 53.3% (57.4) // 48.2% (54.3)",
        "oppFenwick": "51.4% (43.8) // 56.1% (44.7) // 52.7% (40.7) // 48.6% (40.7)",
        "oppShots": "51.4% (32.6) // 55.1% (31.8) // 52.3% (28.9) // 46.7% (28.3)",
        "oppScoring": "53.1% (30.0) // 58.8% (32.4) // 57.9% (33.0) // 54.5% (32.3)",
        "oppCorsiAgainst": "47.9% (54.8) // 44.0% (47.9) // 46.7% (50.4) // 51.8% (58.3)",
        "oppFenwickAgainst": "48.6% (41.4) // 43.9% (35.0) // 47.3% (36.6) // 51.4% (43.0)",
        "oppShotsAgainst": "48.6% (30.9) // 44.9% (25.9) // 47.7% (26.4) // 53.3% (32.3)",
        "oppScoringAgainst": "46.9% (26.4) // 41.2% (22.7) // 42.1% (24.0) // 45.5% (27.0)",
        "savesPerGame": 29.9,
        "savesPerGameLast1": 19.0,
        "savesPerGameLast3": 22.7,
        "savesPerGameLast5": 22.2,
        "savesPer60": 30.0,
        "savesPer60Last1": 18.5,
        "savesPer60Last3": 22.3,
        "savesPer60Last5": 22.0,
        "shotsPerGame": 34.2,
        "shotsPerGameLast5": 38.4,
        "shotsAgainstPerGame": 33.2,
        "shotsAgainstPerGameLast5": 26.2,
        "oppSavesAgainstPer60": 30.0,
        "oppSavesAgainstPer60Last1": 27.0,
        "oppSavesAgainstPer60Last3": 23.5,
        "oppSavesAgainstPer60Last5": 24.7,
        "oppShotsAgainstPerGame": 31.3,
        "oppShotsAgainstPerGameLast5": 26.8,
        "savesProj": 31.3,
        "savesProjLast5": 18.9,
        "savesProjLast3": 18.2,
        "oppSavesAgainstProj": 31.7,
        "oppSavesAgainstProjLast5": 19.4,
        "oppSavesAgainstProjLast3": 18.4,
        "totalOver": 29,
        "totalOverLast5": 20,
        "lastTotalOver": 40,
        "last5": "0,0,0,1,0,0,0,0,0,0",
        "overOdds": "+215",
        "underOdds": "0",
        "overUnder": "+215 / 0"
    },
    {
        "player": "Jt Compher",
        "team": "COL",
        "opponent": "PIT",
        "propType": "sog",
        "line": 1.5,
        "ppLine": "PP1",
        "avg": 1.91,
        "hit": false,
        "diffAvg": 0.27,
        "diffAbs": 0.07,
        "lastAvg": 1.13,
        "diff": -0.25,
        "avgMin": 20,
        "proj": 1.4,
        "lastAvgMin": 16.32,
        "oppOver": 0,
        "teamOver": 0,
        "gameLine": "-165",
        "+/-": "+9",
        "L5_+/-": "+1.0",
        "prevMatchup": "2023-02-07 1.0 sog",
        "winLossSplits": "1.67 - 2.15",
        "awayHome": "H",
        "playedYesterday": "N",
        "awayHomeSplits": "1.76 - 2.06",
        "savesAboveExp": 0.033,
        "gsaa": 3.61,
        "corsi": "52.1% (59.7) // 56.0% (61.0) // 53.3% (57.4) // 48.2% (54.3)",
        "fenwick": "51.4% (43.8) // 56.1% (44.7) // 52.7% (40.7) // 48.6% (40.7)",
        "shots": "51.4% (32.6) // 55.1% (31.8) // 52.3% (28.9) // 46.7% (28.3)",
        "scoring": "53.1% (30.0) // 58.8% (32.4) // 57.9% (33.0) // 54.5% (32.3)",
        "corsiAgainst": "47.9% (54.8) // 44.0% (47.9) // 46.7% (50.4) // 51.8% (58.3)",
        "fenwickAgainst": "48.6% (41.4) // 43.9% (35.0) // 47.3% (36.6) // 51.4% (43.0)",
        "shotsAgainst": "48.6% (30.9) // 44.9% (25.9) // 47.7% (26.4) // 53.3% (32.3)",
        "scoringAgainst": "46.9% (26.4) // 41.2% (22.7) // 42.1% (24.0) // 45.5% (27.0)",
        "oppCorsi": "51.7% (62.7) // 55.3% (67.5) // 57.9% (72.0) // 58.0% (72.3)",
        "oppFenwick": "51.5% (46.8) // 55.7% (49.9) // 59.0% (52.3) // 58.2% (52.0)",
        "oppShots": "50.8% (33.8) // 56.0% (36.6) // 59.4% (38.2) // 58.8% (38.0)",
        "oppScoring": "52.4% (33.0) // 58.0% (36.1) // 62.3% (40.4) // 61.7% (39.7)",
        "oppCorsiAgainst": "48.3% (58.6) // 44.7% (54.5) // 42.1% (52.3) // 42.0% (52.3)",
        "oppFenwickAgainst": "48.5% (44.0) // 44.3% (39.7) // 41.0% (36.4) // 41.8% (37.3)",
        "oppShotsAgainst": "49.2% (32.8) // 44.0% (28.7) // 40.6% (26.1) // 41.2% (26.7)",
        "oppScoringAgainst": "47.6% (29.9) // 42.0% (26.1) // 37.7% (24.5) // 38.3% (24.7)",
        "savesPerGame": 28.6,
        "savesPerGameLast1": 27.0,
        "savesPerGameLast3": 30.7,
        "savesPerGameLast5": 24.8,
        "savesPer60": 28.6,
        "savesPer60Last1": 27.0,
        "savesPer60Last3": 30.7,
        "savesPer60Last5": 25.2,
        "shotsPerGame": 33.1,
        "shotsPerGameLast5": 29.4,
        "shotsAgainstPerGame": 31.3,
        "shotsAgainstPerGameLast5": 26.8,
        "oppSavesAgainstPer60": 31.1,
        "oppSavesAgainstPer60Last1": 48.0,
        "oppSavesAgainstPer60Last3": 36.6,
        "oppSavesAgainstPer60Last5": 36.1,
        "oppShotsAgainstPerGame": 33.2,
        "oppShotsAgainstPerGameLast5": 26.2,
        "savesProj": 29.6,
        "savesProjLast5": 30.6,
        "savesProjLast3": 37.9,
        "oppSavesAgainstProj": 31.6,
        "oppSavesAgainstProjLast5": 33.6,
        "oppSavesAgainstProjLast3": 42.0,
        "totalOver": 55,
        "totalOverLast5": 20,
        "lastTotalOver": 39,
        "last5": "1,0,0,1,4,3,2,0,3,1",
        "overOdds": "-175",
        "underOdds": "+140",
        "overUnder": "-175 / +140"
    },
    {
        "player": "Jt Compher",
        "team": "COL",
        "opponent": "PIT",
        "propType": "pts",
        "line": 0.5,
        "ppLine": "PP1",
        "avg": 0.65,
        "hit": false,
        "diffAvg": 0.3,
        "diffAbs": 0.2,
        "lastAvg": 0.37,
        "diff": -0.26,
        "avgMin": 20,
        "proj": 0.4,
        "lastAvgMin": 16.32,
        "oppOver": 0,
        "teamOver": 0,
        "gameLine": "-165",
        "+/-": "+9",
        "L5_+/-": "+1.0",
        "prevMatchup": "2023-02-07 0.0 pts",
        "winLossSplits": "0.85 - 0.35",
        "awayHome": "H",
        "playedYesterday": "N",
        "awayHomeSplits": "0.68 - 0.63",
        "savesAboveExp": 0.033,
        "gsaa": 3.61,
        "corsi": "52.1% (59.7) // 56.0% (61.0) // 53.3% (57.4) // 48.2% (54.3)",
        "fenwick": "51.4% (43.8) // 56.1% (44.7) // 52.7% (40.7) // 48.6% (40.7)",
        "shots": "51.4% (32.6) // 55.1% (31.8) // 52.3% (28.9) // 46.7% (28.3)",
        "scoring": "53.1% (30.0) // 58.8% (32.4) // 57.9% (33.0) // 54.5% (32.3)",
        "corsiAgainst": "47.9% (54.8) // 44.0% (47.9) // 46.7% (50.4) // 51.8% (58.3)",
        "fenwickAgainst": "48.6% (41.4) // 43.9% (35.0) // 47.3% (36.6) // 51.4% (43.0)",
        "shotsAgainst": "48.6% (30.9) // 44.9% (25.9) // 47.7% (26.4) // 53.3% (32.3)",
        "scoringAgainst": "46.9% (26.4) // 41.2% (22.7) // 42.1% (24.0) // 45.5% (27.0)",
        "oppCorsi": "51.7% (62.7) // 55.3% (67.5) // 57.9% (72.0) // 58.0% (72.3)",
        "oppFenwick": "51.5% (46.8) // 55.7% (49.9) // 59.0% (52.3) // 58.2% (52.0)",
        "oppShots": "50.8% (33.8) // 56.0% (36.6) // 59.4% (38.2) // 58.8% (38.0)",
        "oppScoring": "52.4% (33.0) // 58.0% (36.1) // 62.3% (40.4) // 61.7% (39.7)",
        "oppCorsiAgainst": "48.3% (58.6) // 44.7% (54.5) // 42.1% (52.3) // 42.0% (52.3)",
        "oppFenwickAgainst": "48.5% (44.0) // 44.3% (39.7) // 41.0% (36.4) // 41.8% (37.3)",
        "oppShotsAgainst": "49.2% (32.8) // 44.0% (28.7) // 40.6% (26.1) // 41.2% (26.7)",
        "oppScoringAgainst": "47.6% (29.9) // 42.0% (26.1) // 37.7% (24.5) // 38.3% (24.7)",
        "savesPerGame": 28.6,
        "savesPerGameLast1": 27.0,
        "savesPerGameLast3": 30.7,
        "savesPerGameLast5": 24.8,
        "savesPer60": 28.6,
        "savesPer60Last1": 27.0,
        "savesPer60Last3": 30.7,
        "savesPer60Last5": 25.2,
        "shotsPerGame": 33.1,
        "shotsPerGameLast5": 29.4,
        "shotsAgainstPerGame": 31.3,
        "shotsAgainstPerGameLast5": 26.8,
        "oppSavesAgainstPer60": 31.1,
        "oppSavesAgainstPer60Last1": 48.0,
        "oppSavesAgainstPer60Last3": 36.6,
        "oppSavesAgainstPer60Last5": 36.1,
        "oppShotsAgainstPerGame": 33.2,
        "oppShotsAgainstPerGameLast5": 26.2,
        "savesProj": 29.6,
        "savesProjLast5": 30.6,
        "savesProjLast3": 37.9,
        "oppSavesAgainstProj": 31.6,
        "oppSavesAgainstProjLast5": 33.6,
        "oppSavesAgainstProjLast3": 42.0,
        "totalOver": 41,
        "totalOverLast5": 60,
        "lastTotalOver": 33,
        "last5": "1,1,0,0,1,0,0,0,0,0",
        "overOdds": "-140",
        "underOdds": "+110",
        "overUnder": "-140 / +110"
    },
    {
        "player": "Jt Compher",
        "team": "COL",
        "opponent": "PIT",
        "propType": "ast",
        "line": 0.5,
        "ppLine": "PP1",
        "avg": 0.45,
        "hit": false,
        "diffAvg": -0.1,
        "diffAbs": 0.6,
        "lastAvg": 0.17,
        "diff": -0.66,
        "avgMin": 20,
        "proj": 0.2,
        "lastAvgMin": 16.32,
        "oppOver": 0,
        "teamOver": 0,
        "gameLine": "-165",
        "+/-": "+9",
        "L5_+/-": "+1.0",
        "prevMatchup": "2023-02-07 0.0 ast",
        "winLossSplits": "0.61 - 0.22",
        "awayHome": "H",
        "playedYesterday": "N",
        "awayHomeSplits": "0.53 - 0.37",
        "savesAboveExp": 0.033,
        "gsaa": 3.61,
        "corsi": "52.1% (59.7) // 56.0% (61.0) // 53.3% (57.4) // 48.2% (54.3)",
        "fenwick": "51.4% (43.8) // 56.1% (44.7) // 52.7% (40.7) // 48.6% (40.7)",
        "shots": "51.4% (32.6) // 55.1% (31.8) // 52.3% (28.9) // 46.7% (28.3)",
        "scoring": "53.1% (30.0) // 58.8% (32.4) // 57.9% (33.0) // 54.5% (32.3)",
        "corsiAgainst": "47.9% (54.8) // 44.0% (47.9) // 46.7% (50.4) // 51.8% (58.3)",
        "fenwickAgainst": "48.6% (41.4) // 43.9% (35.0) // 47.3% (36.6) // 51.4% (43.0)",
        "shotsAgainst": "48.6% (30.9) // 44.9% (25.9) // 47.7% (26.4) // 53.3% (32.3)",
        "scoringAgainst": "46.9% (26.4) // 41.2% (22.7) // 42.1% (24.0) // 45.5% (27.0)",
        "oppCorsi": "51.7% (62.7) // 55.3% (67.5) // 57.9% (72.0) // 58.0% (72.3)",
        "oppFenwick": "51.5% (46.8) // 55.7% (49.9) // 59.0% (52.3) // 58.2% (52.0)",
        "oppShots": "50.8% (33.8) // 56.0% (36.6) // 59.4% (38.2) // 58.8% (38.0)",
        "oppScoring": "52.4% (33.0) // 58.0% (36.1) // 62.3% (40.4) // 61.7% (39.7)",
        "oppCorsiAgainst": "48.3% (58.6) // 44.7% (54.5) // 42.1% (52.3) // 42.0% (52.3)",
        "oppFenwickAgainst": "48.5% (44.0) // 44.3% (39.7) // 41.0% (36.4) // 41.8% (37.3)",
        "oppShotsAgainst": "49.2% (32.8) // 44.0% (28.7) // 40.6% (26.1) // 41.2% (26.7)",
        "oppScoringAgainst": "47.6% (29.9) // 42.0% (26.1) // 37.7% (24.5) // 38.3% (24.7)",
        "savesPerGame": 28.6,
        "savesPerGameLast1": 27.0,
        "savesPerGameLast3": 30.7,
        "savesPerGameLast5": 24.8,
        "savesPer60": 28.6,
        "savesPer60Last1": 27.0,
        "savesPer60Last3": 30.7,
        "savesPer60Last5": 25.2,
        "shotsPerGame": 33.1,
        "shotsPerGameLast5": 29.4,
        "shotsAgainstPerGame": 31.3,
        "shotsAgainstPerGameLast5": 26.8,
        "oppSavesAgainstPer60": 31.1,
        "oppSavesAgainstPer60Last1": 48.0,
        "oppSavesAgainstPer60Last3": 36.6,
        "oppSavesAgainstPer60Last5": 36.1,
        "oppShotsAgainstPerGame": 33.2,
        "oppShotsAgainstPerGameLast5": 26.2,
        "savesProj": 29.6,
        "savesProjLast5": 30.6,
        "savesProjLast3": 37.9,
        "oppSavesAgainstProj": 31.6,
        "oppSavesAgainstProjLast5": 33.6,
        "oppSavesAgainstProjLast3": 42.0,
        "totalOver": 32,
        "totalOverLast5": 40,
        "lastTotalOver": 17,
        "last5": "1,1,0,0,0,0,0,0,0,0",
        "overOdds": "+125",
        "underOdds": "-155",
        "overUnder": "+125 / -155"
    },
    {
        "player": "Jt Compher",
        "team": "COL",
        "opponent": "PIT",
        "propType": "g",
        "line": 0.5,
        "ppLine": "PP1",
        "avg": 0.2,
        "hit": false,
        "diffAvg": -0.6,
        "diffAbs": 0.6,
        "lastAvg": 0.2,
        "diff": -0.6,
        "avgMin": 20,
        "proj": 0.2,
        "lastAvgMin": 16.32,
        "oppOver": 0,
        "teamOver": 0,
        "gameLine": "-165",
        "+/-": "+9",
        "L5_+/-": "+1.0",
        "prevMatchup": "2023-02-07 0.0 g",
        "winLossSplits": "0.24 - 0.12",
        "awayHome": "H",
        "playedYesterday": "N",
        "awayHomeSplits": "0.15 - 0.26",
        "savesAboveExp": 0.033,
        "gsaa": 3.61,
        "corsi": "52.1% (59.7) // 56.0% (61.0) // 53.3% (57.4) // 48.2% (54.3)",
        "fenwick": "51.4% (43.8) // 56.1% (44.7) // 52.7% (40.7) // 48.6% (40.7)",
        "shots": "51.4% (32.6) // 55.1% (31.8) // 52.3% (28.9) // 46.7% (28.3)",
        "scoring": "53.1% (30.0) // 58.8% (32.4) // 57.9% (33.0) // 54.5% (32.3)",
        "corsiAgainst": "47.9% (54.8) // 44.0% (47.9) // 46.7% (50.4) // 51.8% (58.3)",
        "fenwickAgainst": "48.6% (41.4) // 43.9% (35.0) // 47.3% (36.6) // 51.4% (43.0)",
        "shotsAgainst": "48.6% (30.9) // 44.9% (25.9) // 47.7% (26.4) // 53.3% (32.3)",
        "scoringAgainst": "46.9% (26.4) // 41.2% (22.7) // 42.1% (24.0) // 45.5% (27.0)",
        "oppCorsi": "51.7% (62.7) // 55.3% (67.5) // 57.9% (72.0) // 58.0% (72.3)",
        "oppFenwick": "51.5% (46.8) // 55.7% (49.9) // 59.0% (52.3) // 58.2% (52.0)",
        "oppShots": "50.8% (33.8) // 56.0% (36.6) // 59.4% (38.2) // 58.8% (38.0)",
        "oppScoring": "52.4% (33.0) // 58.0% (36.1) // 62.3% (40.4) // 61.7% (39.7)",
        "oppCorsiAgainst": "48.3% (58.6) // 44.7% (54.5) // 42.1% (52.3) // 42.0% (52.3)",
        "oppFenwickAgainst": "48.5% (44.0) // 44.3% (39.7) // 41.0% (36.4) // 41.8% (37.3)",
        "oppShotsAgainst": "49.2% (32.8) // 44.0% (28.7) // 40.6% (26.1) // 41.2% (26.7)",
        "oppScoringAgainst": "47.6% (29.9) // 42.0% (26.1) // 37.7% (24.5) // 38.3% (24.7)",
        "savesPerGame": 28.6,
        "savesPerGameLast1": 27.0,
        "savesPerGameLast3": 30.7,
        "savesPerGameLast5": 24.8,
        "savesPer60": 28.6,
        "savesPer60Last1": 27.0,
        "savesPer60Last3": 30.7,
        "savesPer60Last5": 25.2,
        "shotsPerGame": 33.1,
        "shotsPerGameLast5": 29.4,
        "shotsAgainstPerGame": 31.3,
        "shotsAgainstPerGameLast5": 26.8,
        "oppSavesAgainstPer60": 31.1,
        "oppSavesAgainstPer60Last1": 48.0,
        "oppSavesAgainstPer60Last3": 36.6,
        "oppSavesAgainstPer60Last5": 36.1,
        "oppShotsAgainstPerGame": 33.2,
        "oppShotsAgainstPerGameLast5": 26.2,
        "savesProj": 29.6,
        "savesProjLast5": 30.6,
        "savesProjLast3": 37.9,
        "oppSavesAgainstProj": 31.6,
        "oppSavesAgainstProjLast5": 33.6,
        "oppSavesAgainstProjLast3": 42.0,
        "totalOver": 19,
        "totalOverLast5": 20,
        "lastTotalOver": 22,
        "last5": "0,0,0,0,1,0,0,0,0,0",
        "overOdds": "+275",
        "underOdds": "0",
        "overUnder": "+275 / 0"
    },
    {
        "player": "Jake Guentzel",
        "team": "PIT",
        "opponent": "COL",
        "propType": "sog",
        "line": 3.5,
        "ppLine": "PP1",
        "avg": 3.21,
        "hit": false,
        "diffAvg": -0.08,
        "diffAbs": 0.11,
        "lastAvg": 3.11,
        "diff": -0.11,
        "avgMin": 20,
        "proj": 3.1,
        "lastAvgMin": 20.08,
        "oppOver": 0,
        "teamOver": 0,
        "gameLine": "+140",
        "+/-": -1,
        "L5_+/-": -6.0,
        "prevMatchup": "2023-02-07 10.0 sog",
        "winLossSplits": "4.05 - 2.36",
        "awayHome": "A",
        "playedYesterday": "N",
        "awayHomeSplits": "2.87 - 3.51",
        "savesAboveExp": 0.16,
        "gsaa": 23.16,
        "corsi": "51.7% (62.7) // 55.3% (67.5) // 57.9% (72.0) // 58.0% (72.3)",
        "fenwick": "51.5% (46.8) // 55.7% (49.9) // 59.0% (52.3) // 58.2% (52.0)",
        "shots": "50.8% (33.8) // 56.0% (36.6) // 59.4% (38.2) // 58.8% (38.0)",
        "scoring": "52.4% (33.0) // 58.0% (36.1) // 62.3% (40.4) // 61.7% (39.7)",
        "corsiAgainst": "48.3% (58.6) // 44.7% (54.5) // 42.1% (52.3) // 42.0% (52.3)",
        "fenwickAgainst": "48.5% (44.0) // 44.3% (39.7) // 41.0% (36.4) // 41.8% (37.3)",
        "shotsAgainst": "49.2% (32.8) // 44.0% (28.7) // 40.6% (26.1) // 41.2% (26.7)",
        "scoringAgainst": "47.6% (29.9) // 42.0% (26.1) // 37.7% (24.5) // 38.3% (24.7)",
