[
    {
        "player": "Bryan Rust",
        "team": "PIT",
        "opponent": "NJ",
        "propType": "sog",
        "line": 2.5,
        "avg": 2.53,
        "hit": false,
        "diffAvg": 0.01,
        "diffAbs": 0.04,
        "lastAvg": 2.69,
        "diff": 0.08,
        "avgMin": 17,
        "proj": 2.4,
        "lastAvgMin": 18.77,
        "oppOver": 0,
        "teamOver": 0,
        "gameLine": "+120",
        "prevMatchup": "2022-12-30 0.0 sog",
        "winLossSplits": "2.52 - 2.34",
        "awayHome": "A",
        "playedYesterday": "N",
        "awayHomeSplits": "2.04 - 3.05",
        "savesAboveExp": 0.109,
        "gsaa": 6.31,
        "corsi": "49.9% (59.3) // 51.3% (60.5) // 48.3% (58.8) // 50.3% (63.0)",
        "fenwick": "49.6% (44.4) // 49.9% (44.5) // 47.3% (45.1) // 49.8% (48.7)",
        "shots": "48.9% (32.1) // 49.9% (32.3) // 46.6% (33.1) // 48.6% (35.8)",
        "scoring": "51.1% (31.1) // 49.0% (31.0) // 46.3% (31.5) // 50.5% (36.8)",
        "corsiAgainst": "50.1% (59.5) // 48.7% (57.4) // 51.7% (63.0) // 49.7% (62.3)",
        "fenwickAgainst": "50.4% (45.1) // 50.1% (44.7) // 52.7% (50.2) // 50.2% (49.1)",
        "shotsAgainst": "51.1% (33.5) // 50.1% (32.5) // 53.4% (37.9) // 51.4% (37.8)",
        "scoringAgainst": "48.9% (29.8) // 51.0% (32.2) // 53.7% (36.5) // 49.5% (36.1)",
        "oppCorsi": "53.9% (63.8) // 47.8% (58.1) // 48.2% (60.4) // 48.9% (62.3)",
        "oppFenwick": "54.1% (47.4) // 47.3% (42.6) // 46.9% (44.8) // 47.0% (44.2)",
        "oppShots": "55.2% (34.3) // 49.7% (31.9) // 49.3% (33.6) // 49.6% (33.8)",
        "oppScoring": "55.9% (35.1) // 50.8% (33.5) // 50.2% (35.6) // 50.3% (35.2)",
        "oppCorsiAgainst": "46.1% (54.7) // 52.2% (63.5) // 51.8% (64.8) // 51.1% (65.2)",
        "oppFenwickAgainst": "45.9% (40.2) // 52.7% (47.4) // 53.1% (50.7) // 53.0% (49.9)",
        "oppShotsAgainst": "44.8% (27.8) // 50.3% (32.3) // 50.7% (34.6) // 50.4% (34.2)",
        "oppScoringAgainst": "44.1% (27.7) // 49.2% (32.4) // 49.8% (35.3) // 49.7% (34.7)",
        "savesPerGame": 30.8,
        "savesPerGameLast1": 44.0,
        "savesPerGameLast3": 35.0,
        "savesPerGameLast5": 35.0,
        "savesPer60": 30.8,
        "savesPer60Last1": 44.0,
        "savesPer60Last3": 35.0,
        "savesPer60Last5": 34.8,
        "shotsPerGame": 32.4,
        "shotsPerGameLast5": 33.2,
        "shotsAgainstPerGame": 33.8,
        "shotsAgainstPerGameLast5": 38.0,
        "oppSavesAgainstPer60": 30.9,
        "oppSavesAgainstPer60Last1": 27.0,
        "oppSavesAgainstPer60Last3": 28.8,
        "oppSavesAgainstPer60Last5": 27.3,
        "oppShotsAgainstPerGame": 28.0,
        "oppShotsAgainstPerGameLast5": 34.0,
        "savesProj": 37.7,
        "savesProjLast5": 38.1,
        "savesProjLast3": 40.4,
        "oppSavesAgainstProj": 33.7,
        "oppSavesAgainstProjLast5": 32.4,
        "oppSavesAgainstProjLast3": 33.9,
        "totalOver": 38,
        "totalOverLast5": 40,
        "lastTotalOver": 54,
        "last5": "1,1,4,3,2,2,1,6,2,0",
        "overOdds": "+130",
        "underOdds": "-170",
        "overUnder": "+130 / -170"
    },
    {
        "player": "Bryan Rust",
        "team": "PIT",
        "opponent": "NJ",
        "propType": "pts",
        "line": 0.5,
        "avg": 0.64,
        "hit": false,
        "diffAvg": 0.28,
        "diffAbs": 0.6,
        "lastAvg": 0.87,
        "diff": 0.74,
        "avgMin": 17,
        "proj": 0.8,
        "lastAvgMin": 18.77,
        "oppOver": 0,
        "teamOver": 0,
        "gameLine": "+120",
        "prevMatchup": "2022-12-30 0.0 pts",
        "winLossSplits": "0.98 - 0.35",
        "awayHome": "A",
        "playedYesterday": "N",
        "awayHomeSplits": "0.35 - 0.95",
        "savesAboveExp": 0.109,
        "gsaa": 6.31,
        "corsi": "49.9% (59.3) // 51.3% (60.5) // 48.3% (58.8) // 50.3% (63.0)",
        "fenwick": "49.6% (44.4) // 49.9% (44.5) // 47.3% (45.1) // 49.8% (48.7)",
        "shots": "48.9% (32.1) // 49.9% (32.3) // 46.6% (33.1) // 48.6% (35.8)",
        "scoring": "51.1% (31.1) // 49.0% (31.0) // 46.3% (31.5) // 50.5% (36.8)",
        "corsiAgainst": "50.1% (59.5) // 48.7% (57.4) // 51.7% (63.0) // 49.7% (62.3)",
        "fenwickAgainst": "50.4% (45.1) // 50.1% (44.7) // 52.7% (50.2) // 50.2% (49.1)",
        "shotsAgainst": "51.1% (33.5) // 50.1% (32.5) // 53.4% (37.9) // 51.4% (37.8)",
        "scoringAgainst": "48.9% (29.8) // 51.0% (32.2) // 53.7% (36.5) // 49.5% (36.1)",
        "oppCorsi": "53.9% (63.8) // 47.8% (58.1) // 48.2% (60.4) // 48.9% (62.3)",
        "oppFenwick": "54.1% (47.4) // 47.3% (42.6) // 46.9% (44.8) // 47.0% (44.2)",
        "oppShots": "55.2% (34.3) // 49.7% (31.9) // 49.3% (33.6) // 49.6% (33.8)",
        "oppScoring": "55.9% (35.1) // 50.8% (33.5) // 50.2% (35.6) // 50.3% (35.2)",
        "oppCorsiAgainst": "46.1% (54.7) // 52.2% (63.5) // 51.8% (64.8) // 51.1% (65.2)",
        "oppFenwickAgainst": "45.9% (40.2) // 52.7% (47.4) // 53.1% (50.7) // 53.0% (49.9)",
        "oppShotsAgainst": "44.8% (27.8) // 50.3% (32.3) // 50.7% (34.6) // 50.4% (34.2)",
        "oppScoringAgainst": "44.1% (27.7) // 49.2% (32.4) // 49.8% (35.3) // 49.7% (34.7)",
        "savesPerGame": 30.8,
        "savesPerGameLast1": 44.0,
        "savesPerGameLast3": 35.0,
        "savesPerGameLast5": 35.0,
        "savesPer60": 30.8,
        "savesPer60Last1": 44.0,
        "savesPer60Last3": 35.0,
        "savesPer60Last5": 34.8,
        "shotsPerGame": 32.4,
        "shotsPerGameLast5": 33.2,
        "shotsAgainstPerGame": 33.8,
        "shotsAgainstPerGameLast5": 38.0,
        "oppSavesAgainstPer60": 30.9,
        "oppSavesAgainstPer60Last1": 27.0,
        "oppSavesAgainstPer60Last3": 28.8,
        "oppSavesAgainstPer60Last5": 27.3,
        "oppShotsAgainstPerGame": 28.0,
        "oppShotsAgainstPerGameLast5": 34.0,
        "savesProj": 37.7,
        "savesProjLast5": 38.1,
        "savesProjLast3": 40.4,
        "oppSavesAgainstProj": 33.7,
        "oppSavesAgainstProjLast5": 32.4,
        "oppSavesAgainstProjLast3": 33.9,
        "totalOver": 42,
        "totalOverLast5": 40,
        "lastTotalOver": 55,
        "last5": "2,0,1,0,0,2,1,0,0,0",
        "overOdds": "-105",
        "underOdds": "-135",
        "overUnder": "-105 / -135"
    },
    {
        "player": "Bryan Rust",
        "team": "PIT",
        "opponent": "NJ",
        "propType": "ast",
        "line": 0.5,
        "avg": 0.0,
        "hit": false,
        "diffAvg": 0,
        "diffAbs": 1.0,
        "lastAvg": 0.0,
        "diff": 0,
        "avgMin": 17,
        "proj": 0.0,
        "lastAvgMin": 18.77,
        "oppOver": 0,
        "teamOver": 0,
        "gameLine": "+120",
        "prevMatchup": "2022-12-30 0.0 ast",
        "winLossSplits": "0.0 - 0.0",
        "awayHome": "A",
        "playedYesterday": "N",
        "awayHomeSplits": "0.0 - 0.0",
        "savesAboveExp": 0.109,
        "gsaa": 6.31,
        "corsi": "49.9% (59.3) // 51.3% (60.5) // 48.3% (58.8) // 50.3% (63.0)",
        "fenwick": "49.6% (44.4) // 49.9% (44.5) // 47.3% (45.1) // 49.8% (48.7)",
        "shots": "48.9% (32.1) // 49.9% (32.3) // 46.6% (33.1) // 48.6% (35.8)",
        "scoring": "51.1% (31.1) // 49.0% (31.0) // 46.3% (31.5) // 50.5% (36.8)",
        "corsiAgainst": "50.1% (59.5) // 48.7% (57.4) // 51.7% (63.0) // 49.7% (62.3)",
        "fenwickAgainst": "50.4% (45.1) // 50.1% (44.7) // 52.7% (50.2) // 50.2% (49.1)",
        "shotsAgainst": "51.1% (33.5) // 50.1% (32.5) // 53.4% (37.9) // 51.4% (37.8)",
        "scoringAgainst": "48.9% (29.8) // 51.0% (32.2) // 53.7% (36.5) // 49.5% (36.1)",
        "oppCorsi": "53.9% (63.8) // 47.8% (58.1) // 48.2% (60.4) // 48.9% (62.3)",
        "oppFenwick": "54.1% (47.4) // 47.3% (42.6) // 46.9% (44.8) // 47.0% (44.2)",
        "oppShots": "55.2% (34.3) // 49.7% (31.9) // 49.3% (33.6) // 49.6% (33.8)",
        "oppScoring": "55.9% (35.1) // 50.8% (33.5) // 50.2% (35.6) // 50.3% (35.2)",
        "oppCorsiAgainst": "46.1% (54.7) // 52.2% (63.5) // 51.8% (64.8) // 51.1% (65.2)",
        "oppFenwickAgainst": "45.9% (40.2) // 52.7% (47.4) // 53.1% (50.7) // 53.0% (49.9)",
        "oppShotsAgainst": "44.8% (27.8) // 50.3% (32.3) // 50.7% (34.6) // 50.4% (34.2)",
        "oppScoringAgainst": "44.1% (27.7) // 49.2% (32.4) // 49.8% (35.3) // 49.7% (34.7)",
        "savesPerGame": 30.8,
        "savesPerGameLast1": 44.0,
        "savesPerGameLast3": 35.0,
        "savesPerGameLast5": 35.0,
        "savesPer60": 30.8,
        "savesPer60Last1": 44.0,
        "savesPer60Last3": 35.0,
        "savesPer60Last5": 34.8,
        "shotsPerGame": 32.4,
        "shotsPerGameLast5": 33.2,
        "shotsAgainstPerGame": 33.8,
        "shotsAgainstPerGameLast5": 38.0,
        "oppSavesAgainstPer60": 30.9,
        "oppSavesAgainstPer60Last1": 27.0,
        "oppSavesAgainstPer60Last3": 28.8,
        "oppSavesAgainstPer60Last5": 27.3,
        "oppShotsAgainstPerGame": 28.0,
        "oppShotsAgainstPerGameLast5": 34.0,
        "savesProj": 37.7,
        "savesProjLast5": 38.1,
        "savesProjLast3": 40.4,
        "oppSavesAgainstProj": 33.7,
        "oppSavesAgainstProjLast5": 32.4,
        "oppSavesAgainstProjLast3": 33.9,
        "totalOver": 0,
        "totalOverLast5": 0,
        "lastTotalOver": 0,
        "last5": "0,0,0,0,0,0,0,0,0,0",
        "overOdds": "+195",
        "underOdds": "-270",
        "overUnder": "+195 / -270"
    },
    {
        "player": "Dougie Hamilton",
        "team": "NJ",
        "opponent": "PIT",
        "propType": "sog",
        "line": 3.5,
        "avg": 3.44,
        "hit": false,
        "diffAvg": -0.02,
        "diffAbs": 0.06,
        "lastAvg": 3.18,
        "diff": -0.09,
        "avgMin": 22,
        "proj": 3.3,
        "lastAvgMin": 21.22,
        "oppOver": 0,
        "teamOver": 0,
        "gameLine": "-140",
        "prevMatchup": "2022-12-30 6.0 sog",
        "winLossSplits": "3.81 - 2.85",
        "awayHome": "H",
        "playedYesterday": "N",
        "awayHomeSplits": "3.23 - 3.65",
        "savesAboveExp": 0.033,
        "gsaa": 13.69,
        "corsi": "53.9% (63.8) // 47.8% (58.1) // 48.2% (60.4) // 48.9% (62.3)",
        "fenwick": "54.1% (47.4) // 47.3% (42.6) // 46.9% (44.8) // 47.0% (44.2)",
        "shots": "55.2% (34.3) // 49.7% (31.9) // 49.3% (33.6) // 49.6% (33.8)",
        "scoring": "55.9% (35.1) // 50.8% (33.5) // 50.2% (35.6) // 50.3% (35.2)",
        "corsiAgainst": "46.1% (54.7) // 52.2% (63.5) // 51.8% (64.8) // 51.1% (65.2)",
        "fenwickAgainst": "45.9% (40.2) // 52.7% (47.4) // 53.1% (50.7) // 53.0% (49.9)",
        "shotsAgainst": "44.8% (27.8) // 50.3% (32.3) // 50.7% (34.6) // 50.4% (34.2)",
        "scoringAgainst": "44.1% (27.7) // 49.2% (32.4) // 49.8% (35.3) // 49.7% (34.7)",
        "oppCorsi": "49.9% (59.3) // 51.3% (60.5) // 48.3% (58.8) // 50.3% (63.0)",
        "oppFenwick": "49.6% (44.4) // 49.9% (44.5) // 47.3% (45.1) // 49.8% (48.7)",
        "oppShots": "48.9% (32.1) // 49.9% (32.3) // 46.6% (33.1) // 48.6% (35.8)",
        "oppScoring": "51.1% (31.1) // 49.0% (31.0) // 46.3% (31.5) // 50.5% (36.8)",
        "oppCorsiAgainst": "50.1% (59.5) // 48.7% (57.4) // 51.7% (63.0) // 49.7% (62.3)",
        "oppFenwickAgainst": "50.4% (45.1) // 50.1% (44.7) // 52.7% (50.2) // 50.2% (49.1)",
        "oppShotsAgainst": "51.1% (33.5) // 50.1% (32.5) // 53.4% (37.9) // 51.4% (37.8)",
        "oppScoringAgainst": "48.9% (29.8) // 51.0% (32.2) // 53.7% (36.5) // 49.5% (36.1)",
        "savesPerGame": 25.4,
        "savesPerGameLast1": 36.0,
        "savesPerGameLast3": 33.3,
        "savesPerGameLast5": 31.2,
        "savesPer60": 25.4,
        "savesPer60Last1": 36.0,
        "savesPer60Last3": 34.1,
        "savesPer60Last5": 31.6,
        "shotsPerGame": 34.6,
        "shotsPerGameLast5": 32.0,
        "shotsAgainstPerGame": 28.0,
        "shotsAgainstPerGameLast5": 34.0,
        "oppSavesAgainstPer60": 29.1,
        "oppSavesAgainstPer60Last1": 40.4,
        "oppSavesAgainstPer60Last3": 31.6,
        "oppSavesAgainstPer60Last5": 30.4,
        "oppShotsAgainstPerGame": 33.8,
        "oppShotsAgainstPerGameLast5": 38.0,
        "savesProj": 24.0,
        "savesProjLast5": 31.2,
        "savesProjLast3": 35.4,
        "oppSavesAgainstProj": 25.9,
        "oppSavesAgainstProjLast5": 33.8,
        "oppSavesAgainstProjLast3": 38.4,
        "totalOver": 44,
        "totalOverLast5": 60,
        "lastTotalOver": 43,
        "last5": "1,4,4,6,1,3,5,1,4,6",
        "overOdds": "+110",
        "underOdds": "-150",
        "overUnder": "+110 / -150"
    },
    {
        "player": "Dougie Hamilton",
        "team": "NJ",
        "opponent": "PIT",
        "propType": "pts",
        "line": 0.5,
        "avg": 0.84,
        "hit": false,
        "diffAvg": 0.68,
        "diffAbs": 0.0,
        "lastAvg": 0.48,
        "diff": -0.04,
        "avgMin": 22,
        "proj": 0.5,
        "lastAvgMin": 21.22,
        "oppOver": 0,
        "teamOver": 0,
        "gameLine": "-140",
        "prevMatchup": "2022-12-30 2.0 pts",
        "winLossSplits": "0.92 - 0.75",
        "awayHome": "H",
        "playedYesterday": "N",
        "awayHomeSplits": "0.73 - 0.96",
        "savesAboveExp": 0.033,
        "gsaa": 13.69,
        "corsi": "53.9% (63.8) // 47.8% (58.1) // 48.2% (60.4) // 48.9% (62.3)",
        "fenwick": "54.1% (47.4) // 47.3% (42.6) // 46.9% (44.8) // 47.0% (44.2)",
        "shots": "55.2% (34.3) // 49.7% (31.9) // 49.3% (33.6) // 49.6% (33.8)",
        "scoring": "55.9% (35.1) // 50.8% (33.5) // 50.2% (35.6) // 50.3% (35.2)",
        "corsiAgainst": "46.1% (54.7) // 52.2% (63.5) // 51.8% (64.8) // 51.1% (65.2)",
        "fenwickAgainst": "45.9% (40.2) // 52.7% (47.4) // 53.1% (50.7) // 53.0% (49.9)",
        "shotsAgainst": "44.8% (27.8) // 50.3% (32.3) // 50.7% (34.6) // 50.4% (34.2)",
        "scoringAgainst": "44.1% (27.7) // 49.2% (32.4) // 49.8% (35.3) // 49.7% (34.7)",
        "oppCorsi": "49.9% (59.3) // 51.3% (60.5) // 48.3% (58.8) // 50.3% (63.0)",
        "oppFenwick": "49.6% (44.4) // 49.9% (44.5) // 47.3% (45.1) // 49.8% (48.7)",
        "oppShots": "48.9% (32.1) // 49.9% (32.3) // 46.6% (33.1) // 48.6% (35.8)",
        "oppScoring": "51.1% (31.1) // 49.0% (31.0) // 46.3% (31.5) // 50.5% (36.8)",
        "oppCorsiAgainst": "50.1% (59.5) // 48.7% (57.4) // 51.7% (63.0) // 49.7% (62.3)",
        "oppFenwickAgainst": "50.4% (45.1) // 50.1% (44.7) // 52.7% (50.2) // 50.2% (49.1)",
        "oppShotsAgainst": "51.1% (33.5) // 50.1% (32.5) // 53.4% (37.9) // 51.4% (37.8)",
        "oppScoringAgainst": "48.9% (29.8) // 51.0% (32.2) // 53.7% (36.5) // 49.5% (36.1)",
        "savesPerGame": 25.4,
        "savesPerGameLast1": 36.0,
        "savesPerGameLast3": 33.3,
        "savesPerGameLast5": 31.2,
        "savesPer60": 25.4,
        "savesPer60Last1": 36.0,
        "savesPer60Last3": 34.1,
        "savesPer60Last5": 31.6,
        "shotsPerGame": 34.6,
        "shotsPerGameLast5": 32.0,
        "shotsAgainstPerGame": 28.0,
        "shotsAgainstPerGameLast5": 34.0,
        "oppSavesAgainstPer60": 29.1,
        "oppSavesAgainstPer60Last1": 40.4,
        "oppSavesAgainstPer60Last3": 31.6,
        "oppSavesAgainstPer60Last5": 30.4,
        "oppShotsAgainstPerGame": 33.8,
        "oppShotsAgainstPerGameLast5": 38.0,
        "savesProj": 24.0,
        "savesProjLast5": 31.2,
        "savesProjLast3": 35.4,
        "oppSavesAgainstProj": 25.9,
        "oppSavesAgainstProjLast5": 33.8,
        "oppSavesAgainstProjLast3": 38.4,
        "totalOver": 58,
        "totalOverLast5": 60,
        "lastTotalOver": 41,
        "last5": "0,1,0,2,1,0,1,2,1,2",
        "overOdds": "-150",
        "underOdds": "+110",
        "overUnder": "-150 / +110"
    },
    {
        "player": "Dougie Hamilton",
        "team": "NJ",
        "opponent": "PIT",
        "propType": "ast",
        "line": 0.5,
        "avg": 0.0,
        "hit": false,
        "diffAvg": 0,
        "diffAbs": 1.0,
        "lastAvg": 0.0,
        "diff": 0,
        "avgMin": 22,
        "proj": 0.0,
        "lastAvgMin": 21.22,
        "oppOver": 0,
        "teamOver": 0,
        "gameLine": "-140",
        "prevMatchup": "2022-12-30 0.0 ast",
        "winLossSplits": "0.0 - 0.0",
        "awayHome": "H",
        "playedYesterday": "N",
        "awayHomeSplits": "0.0 - 0.0",
        "savesAboveExp": 0.033,
        "gsaa": 13.69,
        "corsi": "53.9% (63.8) // 47.8% (58.1) // 48.2% (60.4) // 48.9% (62.3)",
        "fenwick": "54.1% (47.4) // 47.3% (42.6) // 46.9% (44.8) // 47.0% (44.2)",
        "shots": "55.2% (34.3) // 49.7% (31.9) // 49.3% (33.6) // 49.6% (33.8)",
        "scoring": "55.9% (35.1) // 50.8% (33.5) // 50.2% (35.6) // 50.3% (35.2)",
        "corsiAgainst": "46.1% (54.7) // 52.2% (63.5) // 51.8% (64.8) // 51.1% (65.2)",
        "fenwickAgainst": "45.9% (40.2) // 52.7% (47.4) // 53.1% (50.7) // 53.0% (49.9)",
        "shotsAgainst": "44.8% (27.8) // 50.3% (32.3) // 50.7% (34.6) // 50.4% (34.2)",
        "scoringAgainst": "44.1% (27.7) // 49.2% (32.4) // 49.8% (35.3) // 49.7% (34.7)",
        "oppCorsi": "49.9% (59.3) // 51.3% (60.5) // 48.3% (58.8) // 50.3% (63.0)",
        "oppFenwick": "49.6% (44.4) // 49.9% (44.5) // 47.3% (45.1) // 49.8% (48.7)",
        "oppShots": "48.9% (32.1) // 49.9% (32.3) // 46.6% (33.1) // 48.6% (35.8)",
        "oppScoring": "51.1% (31.1) // 49.0% (31.0) // 46.3% (31.5) // 50.5% (36.8)",
        "oppCorsiAgainst": "50.1% (59.5) // 48.7% (57.4) // 51.7% (63.0) // 49.7% (62.3)",
        "oppFenwickAgainst": "50.4% (45.1) // 50.1% (44.7) // 52.7% (50.2) // 50.2% (49.1)",
        "oppShotsAgainst": "51.1% (33.5) // 50.1% (32.5) // 53.4% (37.9) // 51.4% (37.8)",
        "oppScoringAgainst": "48.9% (29.8) // 51.0% (32.2) // 53.7% (36.5) // 49.5% (36.1)",
        "savesPerGame": 25.4,
        "savesPerGameLast1": 36.0,
        "savesPerGameLast3": 33.3,
        "savesPerGameLast5": 31.2,
        "savesPer60": 25.4,
        "savesPer60Last1": 36.0,
        "savesPer60Last3": 34.1,
        "savesPer60Last5": 31.6,
        "shotsPerGame": 34.6,
        "shotsPerGameLast5": 32.0,
        "shotsAgainstPerGame": 28.0,
        "shotsAgainstPerGameLast5": 34.0,
        "oppSavesAgainstPer60": 29.1,
        "oppSavesAgainstPer60Last1": 40.4,
        "oppSavesAgainstPer60Last3": 31.6,
        "oppSavesAgainstPer60Last5": 30.4,
        "oppShotsAgainstPerGame": 33.8,
        "oppShotsAgainstPerGameLast5": 38.0,
        "savesProj": 24.0,
        "savesProjLast5": 31.2,
        "savesProjLast3": 35.4,
        "oppSavesAgainstProj": 25.9,
        "oppSavesAgainstProjLast5": 33.8,
        "oppSavesAgainstProjLast3": 38.4,
        "totalOver": 0,
        "totalOverLast5": 0,
        "lastTotalOver": 0,
        "last5": "0,0,0,0,0,0,0,0,0,0",
        "overOdds": "-110",
        "underOdds": "-130",
        "overUnder": "-110 / -130"
    },
    {
        "player": "Evgeni Malkin",
        "team": "PIT",
        "opponent": "NJ",
        "propType": "sog",
        "line": 2.5,
        "avg": 3.04,
        "hit": false,
        "diffAvg": 0.22,
        "diffAbs": 0.04,
        "lastAvg": 2.69,
        "diff": 0.08,
        "avgMin": 18,
        "proj": 2.6,
        "lastAvgMin": 18.32,
        "oppOver": 0,
        "teamOver": 0,
        "gameLine": "+120",
        "prevMatchup": "2022-12-30 3.0 sog",
        "winLossSplits": "3.41 - 2.54",
        "awayHome": "A",
        "playedYesterday": "N",
        "awayHomeSplits": "3.0 - 3.09",
        "savesAboveExp": 0.109,
        "gsaa": 6.31,
        "corsi": "49.9% (59.3) // 51.3% (60.5) // 48.3% (58.8) // 50.3% (63.0)",
        "fenwick": "49.6% (44.4) // 49.9% (44.5) // 47.3% (45.1) // 49.8% (48.7)",
        "shots": "48.9% (32.1) // 49.9% (32.3) // 46.6% (33.1) // 48.6% (35.8)",
        "scoring": "51.1% (31.1) // 49.0% (31.0) // 46.3% (31.5) // 50.5% (36.8)",
        "corsiAgainst": "50.1% (59.5) // 48.7% (57.4) // 51.7% (63.0) // 49.7% (62.3)",
        "fenwickAgainst": "50.4% (45.1) // 50.1% (44.7) // 52.7% (50.2) // 50.2% (49.1)",
        "shotsAgainst": "51.1% (33.5) // 50.1% (32.5) // 53.4% (37.9) // 51.4% (37.8)",
        "scoringAgainst": "48.9% (29.8) // 51.0% (32.2) // 53.7% (36.5) // 49.5% (36.1)",
        "oppCorsi": "53.9% (63.8) // 47.8% (58.1) // 48.2% (60.4) // 48.9% (62.3)",
        "oppFenwick": "54.1% (47.4) // 47.3% (42.6) // 46.9% (44.8) // 47.0% (44.2)",
        "oppShots": "55.2% (34.3) // 49.7% (31.9) // 49.3% (33.6) // 49.6% (33.8)",
        "oppScoring": "55.9% (35.1) // 50.8% (33.5) // 50.2% (35.6) // 50.3% (35.2)",
        "oppCorsiAgainst": "46.1% (54.7) // 52.2% (63.5) // 51.8% (64.8) // 51.1% (65.2)",
        "oppFenwickAgainst": "45.9% (40.2) // 52.7% (47.4) // 53.1% (50.7) // 53.0% (49.9)",
        "oppShotsAgainst": "44.8% (27.8) // 50.3% (32.3) // 50.7% (34.6) // 50.4% (34.2)",
        "oppScoringAgainst": "44.1% (27.7) // 49.2% (32.4) // 49.8% (35.3) // 49.7% (34.7)",
        "savesPerGame": 30.8,
        "savesPerGameLast1": 44.0,
        "savesPerGameLast3": 35.0,
        "savesPerGameLast5": 35.0,
        "savesPer60": 30.8,
        "savesPer60Last1": 44.0,
        "savesPer60Last3": 35.0,
        "savesPer60Last5": 34.8,
        "shotsPerGame": 32.4,
        "shotsPerGameLast5": 33.2,
        "shotsAgainstPerGame": 33.8,
        "shotsAgainstPerGameLast5": 38.0,
        "oppSavesAgainstPer60": 30.9,
        "oppSavesAgainstPer60Last1": 27.0,
        "oppSavesAgainstPer60Last3": 28.8,
        "oppSavesAgainstPer60Last5": 27.3,
        "oppShotsAgainstPerGame": 28.0,
        "oppShotsAgainstPerGameLast5": 34.0,
        "savesProj": 37.7,
        "savesProjLast5": 38.1,
        "savesProjLast3": 40.4,
        "oppSavesAgainstProj": 33.7,
        "oppSavesAgainstProjLast5": 32.4,
        "oppSavesAgainstProjLast3": 33.9,
        "totalOver": 56,
        "totalOverLast5": 80,
        "lastTotalOver": 50,
        "last5": "3,4,5,7,1,6,2,2,3,3",
        "overOdds": "-145",
        "underOdds": "+105",
        "overUnder": "-145 / +105"
    },
    {
        "player": "Evgeni Malkin",
        "team": "PIT",
        "opponent": "NJ",
        "propType": "pts",
        "line": 0.5,
        "avg": 0.98,
        "hit": false,
        "diffAvg": 0.96,
        "diffAbs": 0.8,
        "lastAvg": 0.88,
        "diff": 0.76,
        "avgMin": 18,
        "proj": 0.9,
        "lastAvgMin": 18.32,
        "oppOver": 0,
        "teamOver": 0,
        "gameLine": "+120",
        "prevMatchup": "2022-12-30 1.0 pts",
        "winLossSplits": "1.25 - 0.68",
        "awayHome": "A",
        "playedYesterday": "N",
        "awayHomeSplits": "1.0 - 0.95",
        "savesAboveExp": 0.109,
        "gsaa": 6.31,
        "corsi": "49.9% (59.3) // 51.3% (60.5) // 48.3% (58.8) // 50.3% (63.0)",
        "fenwick": "49.6% (44.4) // 49.9% (44.5) // 47.3% (45.1) // 49.8% (48.7)",
        "shots": "48.9% (32.1) // 49.9% (32.3) // 46.6% (33.1) // 48.6% (35.8)",
        "scoring": "51.1% (31.1) // 49.0% (31.0) // 46.3% (31.5) // 50.5% (36.8)",
        "corsiAgainst": "50.1% (59.5) // 48.7% (57.4) // 51.7% (63.0) // 49.7% (62.3)",
        "fenwickAgainst": "50.4% (45.1) // 50.1% (44.7) // 52.7% (50.2) // 50.2% (49.1)",
        "shotsAgainst": "51.1% (33.5) // 50.1% (32.5) // 53.4% (37.9) // 51.4% (37.8)",
        "scoringAgainst": "48.9% (29.8) // 51.0% (32.2) // 53.7% (36.5) // 49.5% (36.1)",
        "oppCorsi": "53.9% (63.8) // 47.8% (58.1) // 48.2% (60.4) // 48.9% (62.3)",
        "oppFenwick": "54.1% (47.4) // 47.3% (42.6) // 46.9% (44.8) // 47.0% (44.2)",
        "oppShots": "55.2% (34.3) // 49.7% (31.9) // 49.3% (33.6) // 49.6% (33.8)",
        "oppScoring": "55.9% (35.1) // 50.8% (33.5) // 50.2% (35.6) // 50.3% (35.2)",
        "oppCorsiAgainst": "46.1% (54.7) // 52.2% (63.5) // 51.8% (64.8) // 51.1% (65.2)",
        "oppFenwickAgainst": "45.9% (40.2) // 52.7% (47.4) // 53.1% (50.7) // 53.0% (49.9)",
        "oppShotsAgainst": "44.8% (27.8) // 50.3% (32.3) // 50.7% (34.6) // 50.4% (34.2)",
        "oppScoringAgainst": "44.1% (27.7) // 49.2% (32.4) // 49.8% (35.3) // 49.7% (34.7)",
        "savesPerGame": 30.8,
        "savesPerGameLast1": 44.0,
        "savesPerGameLast3": 35.0,
        "savesPerGameLast5": 35.0,
        "savesPer60": 30.8,
        "savesPer60Last1": 44.0,
        "savesPer60Last3": 35.0,
        "savesPer60Last5": 34.8,
        "shotsPerGame": 32.4,
        "shotsPerGameLast5": 33.2,
        "shotsAgainstPerGame": 33.8,
        "shotsAgainstPerGameLast5": 38.0,
        "oppSavesAgainstPer60": 30.9,
        "oppSavesAgainstPer60Last1": 27.0,
        "oppSavesAgainstPer60Last3": 28.8,
        "oppSavesAgainstPer60Last5": 27.3,
        "oppShotsAgainstPerGame": 28.0,
        "oppShotsAgainstPerGameLast5": 34.0,
        "savesProj": 37.7,
        "savesProjLast5": 38.1,
        "savesProjLast3": 40.4,
        "oppSavesAgainstProj": 33.7,
        "oppSavesAgainstProjLast5": 32.4,
        "oppSavesAgainstProjLast3": 33.9,
        "totalOver": 67,
        "totalOverLast5": 40,
        "lastTotalOver": 67,
        "last5": "0,3,2,0,0,4,1,0,0,1",
        "overOdds": "-180",
        "underOdds": "+140",
        "overUnder": "-180 / +140"
    },
    {
        "player": "Evgeni Malkin",
        "team": "PIT",
        "opponent": "NJ",
        "propType": "ast",
        "line": 0.5,
        "avg": 0.0,
        "hit": false,
        "diffAvg": 0,
        "diffAbs": 1.0,
        "lastAvg": 0.0,
        "diff": 0,
        "avgMin": 18,
        "proj": 0.0,
        "lastAvgMin": 18.32,
        "oppOver": 0,
        "teamOver": 0,
        "gameLine": "+120",
        "prevMatchup": "2022-12-30 0.0 ast",
        "winLossSplits": "0.0 - 0.0",
        "awayHome": "A",
        "playedYesterday": "N",
        "awayHomeSplits": "0.0 - 0.0",
        "savesAboveExp": 0.109,
        "gsaa": 6.31,
        "corsi": "49.9% (59.3) // 51.3% (60.5) // 48.3% (58.8) // 50.3% (63.0)",
        "fenwick": "49.6% (44.4) // 49.9% (44.5) // 47.3% (45.1) // 49.8% (48.7)",
        "shots": "48.9% (32.1) // 49.9% (32.3) // 46.6% (33.1) // 48.6% (35.8)",
        "scoring": "51.1% (31.1) // 49.0% (31.0) // 46.3% (31.5) // 50.5% (36.8)",
        "corsiAgainst": "50.1% (59.5) // 48.7% (57.4) // 51.7% (63.0) // 49.7% (62.3)",
        "fenwickAgainst": "50.4% (45.1) // 50.1% (44.7) // 52.7% (50.2) // 50.2% (49.1)",
        "shotsAgainst": "51.1% (33.5) // 50.1% (32.5) // 53.4% (37.9) // 51.4% (37.8)",
        "scoringAgainst": "48.9% (29.8) // 51.0% (32.2) // 53.7% (36.5) // 49.5% (36.1)",
        "oppCorsi": "53.9% (63.8) // 47.8% (58.1) // 48.2% (60.4) // 48.9% (62.3)",
        "oppFenwick": "54.1% (47.4) // 47.3% (42.6) // 46.9% (44.8) // 47.0% (44.2)",
        "oppShots": "55.2% (34.3) // 49.7% (31.9) // 49.3% (33.6) // 49.6% (33.8)",
        "oppScoring": "55.9% (35.1) // 50.8% (33.5) // 50.2% (35.6) // 50.3% (35.2)",
        "oppCorsiAgainst": "46.1% (54.7) // 52.2% (63.5) // 51.8% (64.8) // 51.1% (65.2)",
        "oppFenwickAgainst": "45.9% (40.2) // 52.7% (47.4) // 53.1% (50.7) // 53.0% (49.9)",
        "oppShotsAgainst": "44.8% (27.8) // 50.3% (32.3) // 50.7% (34.6) // 50.4% (34.2)",
        "oppScoringAgainst": "44.1% (27.7) // 49.2% (32.4) // 49.8% (35.3) // 49.7% (34.7)",
        "savesPerGame": 30.8,
        "savesPerGameLast1": 44.0,
        "savesPerGameLast3": 35.0,
        "savesPerGameLast5": 35.0,
        "savesPer60": 30.8,
        "savesPer60Last1": 44.0,
        "savesPer60Last3": 35.0,
        "savesPer60Last5": 34.8,
        "shotsPerGame": 32.4,
        "shotsPerGameLast5": 33.2,
        "shotsAgainstPerGame": 33.8,
        "shotsAgainstPerGameLast5": 38.0,
        "oppSavesAgainstPer60": 30.9,
        "oppSavesAgainstPer60Last1": 27.0,
        "oppSavesAgainstPer60Last3": 28.8,
        "oppSavesAgainstPer60Last5": 27.3,
        "oppShotsAgainstPerGame": 28.0,
        "oppShotsAgainstPerGameLast5": 34.0,
        "savesProj": 37.7,
        "savesProjLast5": 38.1,
        "savesProjLast3": 40.4,
        "oppSavesAgainstProj": 33.7,
        "oppSavesAgainstProjLast5": 32.4,
        "oppSavesAgainstProjLast3": 33.9,
        "totalOver": 0,
        "totalOverLast5": 0,
        "lastTotalOver": 0,
        "last5": "0,0,0,0,0,0,0,0,0,0",
        "overOdds": "+100",
        "underOdds": "-140",
        "overUnder": "+100 / -140"
    },
    {
        "player": "Jack Hughes",
        "team": "NJ",
        "opponent": "PIT",
        "propType": "sog",
        "line": 4.5,
        "avg": 4.53,
        "hit": false,
        "diffAvg": 0.01,
        "diffAbs": 0.27,
        "lastAvg": 3.24,
        "diff": -0.28,
        "avgMin": 20,
        "proj": 3.3,
        "lastAvgMin": 19.55,
        "oppOver": 0,
        "teamOver": 0,
        "gameLine": "-140",
        "prevMatchup": "2022-12-30 6.0 sog",
        "winLossSplits": "4.56 - 4.47",
        "awayHome": "H",
        "playedYesterday": "N",
        "awayHomeSplits": "4.86 - 4.22",
        "savesAboveExp": 0.033,
        "gsaa": 13.69,
        "corsi": "53.9% (63.8) // 47.8% (58.1) // 48.2% (60.4) // 48.9% (62.3)",
        "fenwick": "54.1% (47.4) // 47.3% (42.6) // 46.9% (44.8) // 47.0% (44.2)",
        "shots": "55.2% (34.3) // 49.7% (31.9) // 49.3% (33.6) // 49.6% (33.8)",
        "scoring": "55.9% (35.1) // 50.8% (33.5) // 50.2% (35.6) // 50.3% (35.2)",
        "corsiAgainst": "46.1% (54.7) // 52.2% (63.5) // 51.8% (64.8) // 51.1% (65.2)",
        "fenwickAgainst": "45.9% (40.2) // 52.7% (47.4) // 53.1% (50.7) // 53.0% (49.9)",
        "shotsAgainst": "44.8% (27.8) // 50.3% (32.3) // 50.7% (34.6) // 50.4% (34.2)",
        "scoringAgainst": "44.1% (27.7) // 49.2% (32.4) // 49.8% (35.3) // 49.7% (34.7)",
        "oppCorsi": "49.9% (59.3) // 51.3% (60.5) // 48.3% (58.8) // 50.3% (63.0)",
        "oppFenwick": "49.6% (44.4) // 49.9% (44.5) // 47.3% (45.1) // 49.8% (48.7)",
        "oppShots": "48.9% (32.1) // 49.9% (32.3) // 46.6% (33.1) // 48.6% (35.8)",
        "oppScoring": "51.1% (31.1) // 49.0% (31.0) // 46.3% (31.5) // 50.5% (36.8)",
        "oppCorsiAgainst": "50.1% (59.5) // 48.7% (57.4) // 51.7% (63.0) // 49.7% (62.3)",
        "oppFenwickAgainst": "50.4% (45.1) // 50.1% (44.7) // 52.7% (50.2) // 50.2% (49.1)",
        "oppShotsAgainst": "51.1% (33.5) // 50.1% (32.5) // 53.4% (37.9) // 51.4% (37.8)",
        "oppScoringAgainst": "48.9% (29.8) // 51.0% (32.2) // 53.7% (36.5) // 49.5% (36.1)",
        "savesPerGame": 25.4,
        "savesPerGameLast1": 36.0,
        "savesPerGameLast3": 33.3,
        "savesPerGameLast5": 31.2,
        "savesPer60": 25.4,
        "savesPer60Last1": 36.0,
        "savesPer60Last3": 34.1,
        "savesPer60Last5": 31.6,
        "shotsPerGame": 34.6,
        "shotsPerGameLast5": 32.0,
        "shotsAgainstPerGame": 28.0,
        "shotsAgainstPerGameLast5": 34.0,
        "oppSavesAgainstPer60": 29.1,
        "oppSavesAgainstPer60Last1": 40.4,
        "oppSavesAgainstPer60Last3": 31.6,
        "oppSavesAgainstPer60Last5": 30.4,
        "oppShotsAgainstPerGame": 33.8,
        "oppShotsAgainstPerGameLast5": 38.0,
        "savesProj": 24.0,
        "savesProjLast5": 31.2,
        "savesProjLast3": 35.4,
        "oppSavesAgainstProj": 25.9,
        "oppSavesAgainstProjLast5": 33.8,
        "oppSavesAgainstProjLast3": 38.4,
        "totalOver": 49,
        "totalOverLast5": 40,
        "lastTotalOver": 30,
        "last5": "5,7,2,3,3,10,9,6,6,6",
        "overOdds": "-120",
        "underOdds": "-120",
        "overUnder": "-120 / -120"
    },
    {
        "player": "Jack Hughes",
        "team": "NJ",
        "opponent": "PIT",
        "propType": "pts",
        "line": 1.5,
        "avg": 1.24,
        "hit": false,
        "diffAvg": -0.17,
        "diffAbs": 0.27,
        "lastAvg": 1.1,
        "diff": -0.27,
        "avgMin": 20,
        "proj": 1.1,
        "lastAvgMin": 19.55,
        "oppOver": 0,
        "teamOver": 0,
        "gameLine": "-140",
        "prevMatchup": "2022-12-30 2.0 pts",
        "winLossSplits": "1.6 - 0.74",
        "awayHome": "H",
        "playedYesterday": "N",
        "awayHomeSplits": "1.27 - 1.22",
        "savesAboveExp": 0.033,
        "gsaa": 13.69,
        "corsi": "53.9% (63.8) // 47.8% (58.1) // 48.2% (60.4) // 48.9% (62.3)",
        "fenwick": "54.1% (47.4) // 47.3% (42.6) // 46.9% (44.8) // 47.0% (44.2)",
        "shots": "55.2% (34.3) // 49.7% (31.9) // 49.3% (33.6) // 49.6% (33.8)",
        "scoring": "55.9% (35.1) // 50.8% (33.5) // 50.2% (35.6) // 50.3% (35.2)",
        "corsiAgainst": "46.1% (54.7) // 52.2% (63.5) // 51.8% (64.8) // 51.1% (65.2)",
        "fenwickAgainst": "45.9% (40.2) // 52.7% (47.4) // 53.1% (50.7) // 53.0% (49.9)",
        "shotsAgainst": "44.8% (27.8) // 50.3% (32.3) // 50.7% (34.6) // 50.4% (34.2)",
        "scoringAgainst": "44.1% (27.7) // 49.2% (32.4) // 49.8% (35.3) // 49.7% (34.7)",
        "oppCorsi": "49.9% (59.3) // 51.3% (60.5) // 48.3% (58.8) // 50.3% (63.0)",
        "oppFenwick": "49.6% (44.4) // 49.9% (44.5) // 47.3% (45.1) // 49.8% (48.7)",
        "oppShots": "48.9% (32.1) // 49.9% (32.3) // 46.6% (33.1) // 48.6% (35.8)",
        "oppScoring": "51.1% (31.1) // 49.0% (31.0) // 46.3% (31.5) // 50.5% (36.8)",
        "oppCorsiAgainst": "50.1% (59.5) // 48.7% (57.4) // 51.7% (63.0) // 49.7% (62.3)",
        "oppFenwickAgainst": "50.4% (45.1) // 50.1% (44.7) // 52.7% (50.2) // 50.2% (49.1)",
        "oppShotsAgainst": "51.1% (33.5) // 50.1% (32.5) // 53.4% (37.9) // 51.4% (37.8)",
        "oppScoringAgainst": "48.9% (29.8) // 51.0% (32.2) // 53.7% (36.5) // 49.5% (36.1)",
        "savesPerGame": 25.4,
        "savesPerGameLast1": 36.0,
        "savesPerGameLast3": 33.3,
        "savesPerGameLast5": 31.2,
        "savesPer60": 25.4,
        "savesPer60Last1": 36.0,
        "savesPer60Last3": 34.1,
        "savesPer60Last5": 31.6,
        "shotsPerGame": 34.6,
        "shotsPerGameLast5": 32.0,
        "shotsAgainstPerGame": 28.0,
        "shotsAgainstPerGameLast5": 34.0,
        "oppSavesAgainstPer60": 29.1,
        "oppSavesAgainstPer60Last1": 40.4,
        "oppSavesAgainstPer60Last3": 31.6,
        "oppSavesAgainstPer60Last5": 30.4,
        "oppShotsAgainstPerGame": 33.8,
        "oppShotsAgainstPerGameLast5": 38.0,
        "savesProj": 24.0,
        "savesProjLast5": 31.2,
        "savesProjLast3": 35.4,
        "oppSavesAgainstProj": 25.9,
        "oppSavesAgainstProjLast5": 33.8,
        "oppSavesAgainstProjLast3": 38.4,
        "totalOver": 40,
        "totalOverLast5": 40,
        "lastTotalOver": 34,
        "last5": "1,1,2,3,0,3,2,2,1,2",
        "overOdds": "+160",
        "underOdds": "-215",
        "overUnder": "+160 / -215"
    },
    {
        "player": "Jack Hughes",
        "team": "NJ",
        "opponent": "PIT",
        "propType": "ast",
        "line": 0.5,
        "avg": 0.0,
        "hit": false,
        "diffAvg": 0,
        "diffAbs": 1.0,
        "lastAvg": 0.0,
        "diff": 0,
        "avgMin": 20,
        "proj": 0.0,
        "lastAvgMin": 19.55,
        "oppOver": 0,
        "teamOver": 0,
        "gameLine": "-140",
        "prevMatchup": "2022-12-30 0.0 ast",
        "winLossSplits": "0.0 - 0.0",
        "awayHome": "H",
        "playedYesterday": "N",
        "awayHomeSplits": "0.0 - 0.0",
        "savesAboveExp": 0.033,
        "gsaa": 13.69,
        "corsi": "53.9% (63.8) // 47.8% (58.1) // 48.2% (60.4) // 48.9% (62.3)",
        "fenwick": "54.1% (47.4) // 47.3% (42.6) // 46.9% (44.8) // 47.0% (44.2)",
        "shots": "55.2% (34.3) // 49.7% (31.9) // 49.3% (33.6) // 49.6% (33.8)",
        "scoring": "55.9% (35.1) // 50.8% (33.5) // 50.2% (35.6) // 50.3% (35.2)",
        "corsiAgainst": "46.1% (54.7) // 52.2% (63.5) // 51.8% (64.8) // 51.1% (65.2)",
        "fenwickAgainst": "45.9% (40.2) // 52.7% (47.4) // 53.1% (50.7) // 53.0% (49.9)",
        "shotsAgainst": "44.8% (27.8) // 50.3% (32.3) // 50.7% (34.6) // 50.4% (34.2)",
        "scoringAgainst": "44.1% (27.7) // 49.2% (32.4) // 49.8% (35.3) // 49.7% (34.7)",
        "oppCorsi": "49.9% (59.3) // 51.3% (60.5) // 48.3% (58.8) // 50.3% (63.0)",
        "oppFenwick": "49.6% (44.4) // 49.9% (44.5) // 47.3% (45.1) // 49.8% (48.7)",
        "oppShots": "48.9% (32.1) // 49.9% (32.3) // 46.6% (33.1) // 48.6% (35.8)",
        "oppScoring": "51.1% (31.1) // 49.0% (31.0) // 46.3% (31.5) // 50.5% (36.8)",
        "oppCorsiAgainst": "50.1% (59.5) // 48.7% (57.4) // 51.7% (63.0) // 49.7% (62.3)",
        "oppFenwickAgainst": "50.4% (45.1) // 50.1% (44.7) // 52.7% (50.2) // 50.2% (49.1)",
        "oppShotsAgainst": "51.1% (33.5) // 50.1% (32.5) // 53.4% (37.9) // 51.4% (37.8)",
        "oppScoringAgainst": "48.9% (29.8) // 51.0% (32.2) // 53.7% (36.5) // 49.5% (36.1)",
        "savesPerGame": 25.4,
        "savesPerGameLast1": 36.0,
        "savesPerGameLast3": 33.3,
        "savesPerGameLast5": 31.2,
        "savesPer60": 25.4,
        "savesPer60Last1": 36.0,
        "savesPer60Last3": 34.1,
        "savesPer60Last5": 31.6,
        "shotsPerGame": 34.6,
        "shotsPerGameLast5": 32.0,
        "shotsAgainstPerGame": 28.0,
        "shotsAgainstPerGameLast5": 34.0,
        "oppSavesAgainstPer60": 29.1,
        "oppSavesAgainstPer60Last1": 40.4,
        "oppSavesAgainstPer60Last3": 31.6,
        "oppSavesAgainstPer60Last5": 30.4,
        "oppShotsAgainstPerGame": 33.8,
        "oppShotsAgainstPerGameLast5": 38.0,
        "savesProj": 24.0,
        "savesProjLast5": 31.2,
        "savesProjLast3": 35.4,
        "oppSavesAgainstProj": 25.9,
        "oppSavesAgainstProjLast5": 33.8,
        "oppSavesAgainstProjLast3": 38.4,
        "totalOver": 0,
        "totalOverLast5": 0,
        "lastTotalOver": 0,
        "last5": "0,0,0,0,0,0,0,0,0,0",
        "overOdds": "-120",
        "underOdds": "-120",
        "overUnder": "-120 / -120"
    },
    {
        "player": "Jake Guentzel",
        "team": "PIT",
        "opponent": "NJ",
        "propType": "sog",
        "line": 2.5,
        "avg": 2.93,
        "hit": false,
        "diffAvg": 0.17,
        "diffAbs": 0.16,
        "lastAvg": 3.11,
        "diff": 0.24,
        "avgMin": 19,
        "proj": 2.9,
        "lastAvgMin": 20.08,
        "oppOver": 0,
        "teamOver": 0,
        "gameLine": "+120",
        "prevMatchup": "2022-12-30 1.0 sog",
        "winLossSplits": "3.59 - 1.92",
        "awayHome": "A",
        "playedYesterday": "N",
        "awayHomeSplits": "2.63 - 3.18",
        "savesAboveExp": 0.109,
        "gsaa": 6.31,
        "corsi": "49.9% (59.3) // 51.3% (60.5) // 48.3% (58.8) // 50.3% (63.0)",
        "fenwick": "49.6% (44.4) // 49.9% (44.5) // 47.3% (45.1) // 49.8% (48.7)",
        "shots": "48.9% (32.1) // 49.9% (32.3) // 46.6% (33.1) // 48.6% (35.8)",
        "scoring": "51.1% (31.1) // 49.0% (31.0) // 46.3% (31.5) // 50.5% (36.8)",
        "corsiAgainst": "50.1% (59.5) // 48.7% (57.4) // 51.7% (63.0) // 49.7% (62.3)",
        "fenwickAgainst": "50.4% (45.1) // 50.1% (44.7) // 52.7% (50.2) // 50.2% (49.1)",
        "shotsAgainst": "51.1% (33.5) // 50.1% (32.5) // 53.4% (37.9) // 51.4% (37.8)",
        "scoringAgainst": "48.9% (29.8) // 51.0% (32.2) // 53.7% (36.5) // 49.5% (36.1)",
        "oppCorsi": "53.9% (63.8) // 47.8% (58.1) // 48.2% (60.4) // 48.9% (62.3)",
        "oppFenwick": "54.1% (47.4) // 47.3% (42.6) // 46.9% (44.8) // 47.0% (44.2)",
        "oppShots": "55.2% (34.3) // 49.7% (31.9) // 49.3% (33.6) // 49.6% (33.8)",
        "oppScoring": "55.9% (35.1) // 50.8% (33.5) // 50.2% (35.6) // 50.3% (35.2)",
        "oppCorsiAgainst": "46.1% (54.7) // 52.2% (63.5) // 51.8% (64.8) // 51.1% (65.2)",
        "oppFenwickAgainst": "45.9% (40.2) // 52.7% (47.4) // 53.1% (50.7) // 53.0% (49.9)",
        "oppShotsAgainst": "44.8% (27.8) // 50.3% (32.3) // 50.7% (34.6) // 50.4% (34.2)",
        "oppScoringAgainst": "44.1% (27.7) // 49.2% (32.4) // 49.8% (35.3) // 49.7% (34.7)",
        "savesPerGame": 30.8,
        "savesPerGameLast1": 44.0,
        "savesPerGameLast3": 35.0,
        "savesPerGameLast5": 35.0,
        "savesPer60": 30.8,
        "savesPer60Last1": 44.0,
        "savesPer60Last3": 35.0,
        "savesPer60Last5": 34.8,
