[
    {
        "player": "Alex Ovechkin",
        "team": "WSH",
        "opponent": "STL",
        "propType": "sog",
        "line": 3.5,
        "ppLine": "PP1",
        "avg": 4.17,
        "hit": false,
        "diffAvg": 0.19,
        "diffAbs": 0.11,
        "lastAvg": 4.02,
        "diff": 0.15,
        "avgMin": 20,
        "proj": 3.9,
        "lastAvgMin": 20.57,
        "oppOver": 0,
        "teamOver": 0,
        "gameLine": "-170",
        "+/-": -6,
        "L5_+/-": -4.0,
        "prevMatchup": "2022-11-17 9.0 sog",
        "winLossSplits": "4.28 - 3.97",
        "awayHome": "H",
        "playedYesterday": "N",
        "awayHomeSplits": "4.21 - 4.13",
        "savesAboveExp": -0.215,
        "gsaa": -0.82,
        "corsi": "50.7% (59.3) // 48.8% (56.1) // 47.8% (53.5) // 50.1% (57.7)",
        "fenwick": "50.5% (43.5) // 48.3% (41.5) // 46.2% (37.7) // 49.2% (41.2)",
        "shots": "50.8% (31.0) // 49.9% (30.4) // 49.4% (28.6) // 54.2% (31.5)",
        "scoring": "50.6% (29.6) // 47.5% (28.4) // 44.3% (26.2) // 47.8% (27.9)",
        "corsiAgainst": "49.3% (57.8) // 51.2% (58.9) // 52.2% (58.6) // 49.9% (57.4)",
        "fenwickAgainst": "49.5% (42.7) // 51.7% (44.4) // 53.8% (43.9) // 50.8% (42.5)",
        "shotsAgainst": "49.2% (30.1) // 50.1% (30.5) // 50.6% (29.3) // 45.8% (26.6)",
        "scoringAgainst": "49.4% (28.9) // 52.5% (31.3) // 55.7% (32.9) // 52.2% (30.5)",
        "oppCorsi": "46.6% (51.3) // 45.9% (51.2) // 50.3% (56.8) // 49.0% (55.7)",
        "oppFenwick": "46.7% (39.3) // 45.0% (37.9) // 49.4% (43.2) // 47.0% (42.0)",
        "oppShots": "47.2% (28.7) // 45.6% (28.5) // 49.9% (33.0) // 47.0% (31.0)",
        "oppScoring": "46.9% (27.9) // 45.6% (27.6) // 51.2% (30.8) // 48.3% (28.7)",
        "oppCorsiAgainst": "53.4% (58.8) // 54.1% (60.3) // 49.7% (56.2) // 51.0% (58.0)",
        "oppFenwickAgainst": "53.3% (44.8) // 55.0% (46.4) // 50.6% (44.2) // 53.0% (47.3)",
        "oppShotsAgainst": "52.8% (32.2) // 54.4% (34.1) // 50.1% (33.2) // 53.0% (35.0)",
        "oppScoringAgainst": "53.1% (31.7) // 54.4% (33.0) // 48.8% (29.4) // 51.7% (30.7)",
        "savesPerGame": 27.4,
        "savesPerGameLast1": 23.0,
        "savesPerGameLast3": 23.7,
        "savesPerGameLast5": 29.2,
        "savesPer60": 27.3,
        "savesPer60Last1": 24.7,
        "savesPer60Last3": 23.9,
        "savesPer60Last5": 29.7,
        "shotsPerGame": 31.3,
        "shotsPerGameLast5": 28.2,
        "shotsAgainstPerGame": 30.4,
        "shotsAgainstPerGameLast5": 32.4,
        "oppSavesAgainstPer60": 25.9,
        "oppSavesAgainstPer60Last1": 30.3,
        "oppSavesAgainstPer60Last3": 26.4,
        "oppSavesAgainstPer60Last5": 29.0,
        "oppShotsAgainstPerGame": 32.5,
        "oppShotsAgainstPerGameLast5": 33.2,
        "savesProj": 24.7,
        "savesProjLast5": 30.2,
        "savesProjLast3": 22.2,
        "oppSavesAgainstProj": 25.0,
        "oppSavesAgainstProjLast5": 29.2,
        "oppSavesAgainstProjLast3": 22.3,
        "totalOver": 56,
        "totalOverLast5": 80,
        "lastTotalOver": 64,
        "last5": "5,4,2,4,4,3,7,2,5,1",
        "overOdds": "-145",
        "underOdds": "+115",
        "overUnder": "-145 / +115"
    },
    {
        "player": "Alex Ovechkin",
        "team": "WSH",
        "opponent": "STL",
        "propType": "pts",
        "line": 1.5,
        "ppLine": "PP1",
        "avg": 1.02,
        "hit": false,
        "diffAvg": -0.32,
        "diffAbs": 0.27,
        "lastAvg": 1.08,
        "diff": -0.28,
        "avgMin": 20,
        "proj": 1.1,
        "lastAvgMin": 20.57,
        "oppOver": 0,
        "teamOver": 0,
        "gameLine": "-170",
        "+/-": -6,
        "L5_+/-": -4.0,
        "prevMatchup": "2022-11-17 3.0 pts",
        "winLossSplits": "1.43 - 0.63",
        "awayHome": "H",
        "playedYesterday": "N",
        "awayHomeSplits": "0.88 - 1.17",
        "savesAboveExp": -0.215,
        "gsaa": -0.82,
        "corsi": "50.7% (59.3) // 48.8% (56.1) // 47.8% (53.5) // 50.1% (57.7)",
        "fenwick": "50.5% (43.5) // 48.3% (41.5) // 46.2% (37.7) // 49.2% (41.2)",
        "shots": "50.8% (31.0) // 49.9% (30.4) // 49.4% (28.6) // 54.2% (31.5)",
        "scoring": "50.6% (29.6) // 47.5% (28.4) // 44.3% (26.2) // 47.8% (27.9)",
        "corsiAgainst": "49.3% (57.8) // 51.2% (58.9) // 52.2% (58.6) // 49.9% (57.4)",
        "fenwickAgainst": "49.5% (42.7) // 51.7% (44.4) // 53.8% (43.9) // 50.8% (42.5)",
        "shotsAgainst": "49.2% (30.1) // 50.1% (30.5) // 50.6% (29.3) // 45.8% (26.6)",
        "scoringAgainst": "49.4% (28.9) // 52.5% (31.3) // 55.7% (32.9) // 52.2% (30.5)",
        "oppCorsi": "46.6% (51.3) // 45.9% (51.2) // 50.3% (56.8) // 49.0% (55.7)",
        "oppFenwick": "46.7% (39.3) // 45.0% (37.9) // 49.4% (43.2) // 47.0% (42.0)",
        "oppShots": "47.2% (28.7) // 45.6% (28.5) // 49.9% (33.0) // 47.0% (31.0)",
        "oppScoring": "46.9% (27.9) // 45.6% (27.6) // 51.2% (30.8) // 48.3% (28.7)",
        "oppCorsiAgainst": "53.4% (58.8) // 54.1% (60.3) // 49.7% (56.2) // 51.0% (58.0)",
        "oppFenwickAgainst": "53.3% (44.8) // 55.0% (46.4) // 50.6% (44.2) // 53.0% (47.3)",
        "oppShotsAgainst": "52.8% (32.2) // 54.4% (34.1) // 50.1% (33.2) // 53.0% (35.0)",
        "oppScoringAgainst": "53.1% (31.7) // 54.4% (33.0) // 48.8% (29.4) // 51.7% (30.7)",
        "savesPerGame": 27.4,
        "savesPerGameLast1": 23.0,
        "savesPerGameLast3": 23.7,
        "savesPerGameLast5": 29.2,
        "savesPer60": 27.3,
        "savesPer60Last1": 24.7,
        "savesPer60Last3": 23.9,
        "savesPer60Last5": 29.7,
        "shotsPerGame": 31.3,
        "shotsPerGameLast5": 28.2,
        "shotsAgainstPerGame": 30.4,
        "shotsAgainstPerGameLast5": 32.4,
        "oppSavesAgainstPer60": 25.9,
        "oppSavesAgainstPer60Last1": 30.3,
        "oppSavesAgainstPer60Last3": 26.4,
        "oppSavesAgainstPer60Last5": 29.0,
        "oppShotsAgainstPerGame": 32.5,
        "oppShotsAgainstPerGameLast5": 33.2,
        "savesProj": 24.7,
        "savesProjLast5": 30.2,
        "savesProjLast3": 22.2,
        "oppSavesAgainstProj": 25.0,
        "oppSavesAgainstProjLast5": 29.2,
        "oppSavesAgainstProjLast3": 22.3,
        "totalOver": 29,
        "totalOverLast5": 40,
        "lastTotalOver": 32,
        "last5": "2,1,0,1,3,0,1,2,0,0",
        "overOdds": "+195",
        "underOdds": "-240",
        "overUnder": "+195 / -240"
    },
    {
        "player": "Alex Ovechkin",
        "team": "WSH",
        "opponent": "STL",
        "propType": "ast",
        "line": 0.5,
        "ppLine": "PP1",
        "avg": 0.43,
        "hit": false,
        "diffAvg": -0.14,
        "diffAbs": 0.0,
        "lastAvg": 0.48,
        "diff": -0.04,
        "avgMin": 20,
        "proj": 0.5,
        "lastAvgMin": 20.57,
        "oppOver": 0,
        "teamOver": 0,
        "gameLine": "-170",
        "+/-": -6,
        "L5_+/-": -4.0,
        "prevMatchup": "2022-11-17 2.0 ast",
        "winLossSplits": "0.59 - 0.27",
        "awayHome": "H",
        "playedYesterday": "N",
        "awayHomeSplits": "0.3 - 0.57",
        "savesAboveExp": -0.215,
        "gsaa": -0.82,
        "corsi": "50.7% (59.3) // 48.8% (56.1) // 47.8% (53.5) // 50.1% (57.7)",
        "fenwick": "50.5% (43.5) // 48.3% (41.5) // 46.2% (37.7) // 49.2% (41.2)",
        "shots": "50.8% (31.0) // 49.9% (30.4) // 49.4% (28.6) // 54.2% (31.5)",
        "scoring": "50.6% (29.6) // 47.5% (28.4) // 44.3% (26.2) // 47.8% (27.9)",
        "corsiAgainst": "49.3% (57.8) // 51.2% (58.9) // 52.2% (58.6) // 49.9% (57.4)",
        "fenwickAgainst": "49.5% (42.7) // 51.7% (44.4) // 53.8% (43.9) // 50.8% (42.5)",
        "shotsAgainst": "49.2% (30.1) // 50.1% (30.5) // 50.6% (29.3) // 45.8% (26.6)",
        "scoringAgainst": "49.4% (28.9) // 52.5% (31.3) // 55.7% (32.9) // 52.2% (30.5)",
        "oppCorsi": "46.6% (51.3) // 45.9% (51.2) // 50.3% (56.8) // 49.0% (55.7)",
        "oppFenwick": "46.7% (39.3) // 45.0% (37.9) // 49.4% (43.2) // 47.0% (42.0)",
        "oppShots": "47.2% (28.7) // 45.6% (28.5) // 49.9% (33.0) // 47.0% (31.0)",
        "oppScoring": "46.9% (27.9) // 45.6% (27.6) // 51.2% (30.8) // 48.3% (28.7)",
        "oppCorsiAgainst": "53.4% (58.8) // 54.1% (60.3) // 49.7% (56.2) // 51.0% (58.0)",
        "oppFenwickAgainst": "53.3% (44.8) // 55.0% (46.4) // 50.6% (44.2) // 53.0% (47.3)",
        "oppShotsAgainst": "52.8% (32.2) // 54.4% (34.1) // 50.1% (33.2) // 53.0% (35.0)",
        "oppScoringAgainst": "53.1% (31.7) // 54.4% (33.0) // 48.8% (29.4) // 51.7% (30.7)",
        "savesPerGame": 27.4,
        "savesPerGameLast1": 23.0,
        "savesPerGameLast3": 23.7,
        "savesPerGameLast5": 29.2,
        "savesPer60": 27.3,
        "savesPer60Last1": 24.7,
        "savesPer60Last3": 23.9,
        "savesPer60Last5": 29.7,
        "shotsPerGame": 31.3,
        "shotsPerGameLast5": 28.2,
        "shotsAgainstPerGame": 30.4,
        "shotsAgainstPerGameLast5": 32.4,
        "oppSavesAgainstPer60": 25.9,
        "oppSavesAgainstPer60Last1": 30.3,
        "oppSavesAgainstPer60Last3": 26.4,
        "oppSavesAgainstPer60Last5": 29.0,
        "oppShotsAgainstPerGame": 32.5,
        "oppShotsAgainstPerGameLast5": 33.2,
        "savesProj": 24.7,
        "savesProjLast5": 30.2,
        "savesProjLast3": 22.2,
        "oppSavesAgainstProj": 25.0,
        "oppSavesAgainstProjLast5": 29.2,
        "oppSavesAgainstProjLast3": 22.3,
        "totalOver": 33,
        "totalOverLast5": 60,
        "lastTotalOver": 44,
        "last5": "1,1,0,0,1,0,0,2,0,0",
        "overOdds": "+125",
        "underOdds": "-155",
        "overUnder": "+125 / -155"
    },
    {
        "player": "Dylan Strome",
        "team": "WSH",
        "opponent": "STL",
        "propType": "sog",
        "line": 1.5,
        "ppLine": "PP2",
        "avg": 1.81,
        "hit": false,
        "diffAvg": 0.21,
        "diffAbs": 0.13,
        "lastAvg": 1.83,
        "diff": 0.22,
        "avgMin": 16,
        "proj": 1.7,
        "lastAvgMin": 17.43,
        "oppOver": 0,
        "teamOver": 0,
        "gameLine": "-170",
        "+/-": -3,
        "L5_+/-": "+5.0",
        "prevMatchup": "2022-11-17 1.0 sog",
        "winLossSplits": "1.67 - 1.82",
        "awayHome": "H",
        "playedYesterday": "N",
        "awayHomeSplits": "1.69 - 1.94",
        "savesAboveExp": -0.215,
        "gsaa": -0.82,
        "corsi": "50.7% (59.3) // 48.8% (56.1) // 47.8% (53.5) // 50.1% (57.7)",
        "fenwick": "50.5% (43.5) // 48.3% (41.5) // 46.2% (37.7) // 49.2% (41.2)",
        "shots": "50.8% (31.0) // 49.9% (30.4) // 49.4% (28.6) // 54.2% (31.5)",
        "scoring": "50.6% (29.6) // 47.5% (28.4) // 44.3% (26.2) // 47.8% (27.9)",
        "corsiAgainst": "49.3% (57.8) // 51.2% (58.9) // 52.2% (58.6) // 49.9% (57.4)",
        "fenwickAgainst": "49.5% (42.7) // 51.7% (44.4) // 53.8% (43.9) // 50.8% (42.5)",
        "shotsAgainst": "49.2% (30.1) // 50.1% (30.5) // 50.6% (29.3) // 45.8% (26.6)",
        "scoringAgainst": "49.4% (28.9) // 52.5% (31.3) // 55.7% (32.9) // 52.2% (30.5)",
        "oppCorsi": "46.6% (51.3) // 45.9% (51.2) // 50.3% (56.8) // 49.0% (55.7)",
        "oppFenwick": "46.7% (39.3) // 45.0% (37.9) // 49.4% (43.2) // 47.0% (42.0)",
        "oppShots": "47.2% (28.7) // 45.6% (28.5) // 49.9% (33.0) // 47.0% (31.0)",
        "oppScoring": "46.9% (27.9) // 45.6% (27.6) // 51.2% (30.8) // 48.3% (28.7)",
        "oppCorsiAgainst": "53.4% (58.8) // 54.1% (60.3) // 49.7% (56.2) // 51.0% (58.0)",
        "oppFenwickAgainst": "53.3% (44.8) // 55.0% (46.4) // 50.6% (44.2) // 53.0% (47.3)",
        "oppShotsAgainst": "52.8% (32.2) // 54.4% (34.1) // 50.1% (33.2) // 53.0% (35.0)",
        "oppScoringAgainst": "53.1% (31.7) // 54.4% (33.0) // 48.8% (29.4) // 51.7% (30.7)",
        "savesPerGame": 27.4,
        "savesPerGameLast1": 23.0,
        "savesPerGameLast3": 23.7,
        "savesPerGameLast5": 29.2,
        "savesPer60": 27.3,
        "savesPer60Last1": 24.7,
        "savesPer60Last3": 23.9,
        "savesPer60Last5": 29.7,
        "shotsPerGame": 31.3,
        "shotsPerGameLast5": 28.2,
        "shotsAgainstPerGame": 30.4,
        "shotsAgainstPerGameLast5": 32.4,
        "oppSavesAgainstPer60": 25.9,
        "oppSavesAgainstPer60Last1": 30.3,
        "oppSavesAgainstPer60Last3": 26.4,
        "oppSavesAgainstPer60Last5": 29.0,
        "oppShotsAgainstPerGame": 32.5,
        "oppShotsAgainstPerGameLast5": 33.2,
        "savesProj": 24.7,
        "savesProjLast5": 30.2,
        "savesProjLast3": 22.2,
        "oppSavesAgainstProj": 25.0,
        "oppSavesAgainstProjLast5": 29.2,
        "oppSavesAgainstProjLast3": 22.3,
        "totalOver": 47,
        "totalOverLast5": 60,
        "lastTotalOver": 42,
        "last5": "2,1,1,2,3,1,2,2,2,3",
        "overOdds": "-140",
        "underOdds": "+110",
        "overUnder": "-140 / +110"
    },
    {
        "player": "Dylan Strome",
        "team": "WSH",
        "opponent": "STL",
        "propType": "pts",
        "line": 0.5,
        "ppLine": "PP2",
        "avg": 0.74,
        "hit": false,
        "diffAvg": 0.48,
        "diffAbs": 0.2,
        "lastAvg": 0.7,
        "diff": 0.4,
        "avgMin": 16,
        "proj": 0.6,
        "lastAvgMin": 17.43,
        "oppOver": 0,
        "teamOver": 0,
        "gameLine": "-170",
        "+/-": -3,
        "L5_+/-": "+5.0",
        "prevMatchup": "2022-11-17 2.0 pts",
        "winLossSplits": "0.93 - 0.54",
        "awayHome": "H",
        "playedYesterday": "N",
        "awayHomeSplits": "0.83 - 0.62",
        "savesAboveExp": -0.215,
        "gsaa": -0.82,
        "corsi": "50.7% (59.3) // 48.8% (56.1) // 47.8% (53.5) // 50.1% (57.7)",
        "fenwick": "50.5% (43.5) // 48.3% (41.5) // 46.2% (37.7) // 49.2% (41.2)",
        "shots": "50.8% (31.0) // 49.9% (30.4) // 49.4% (28.6) // 54.2% (31.5)",
        "scoring": "50.6% (29.6) // 47.5% (28.4) // 44.3% (26.2) // 47.8% (27.9)",
        "corsiAgainst": "49.3% (57.8) // 51.2% (58.9) // 52.2% (58.6) // 49.9% (57.4)",
        "fenwickAgainst": "49.5% (42.7) // 51.7% (44.4) // 53.8% (43.9) // 50.8% (42.5)",
        "shotsAgainst": "49.2% (30.1) // 50.1% (30.5) // 50.6% (29.3) // 45.8% (26.6)",
        "scoringAgainst": "49.4% (28.9) // 52.5% (31.3) // 55.7% (32.9) // 52.2% (30.5)",
        "oppCorsi": "46.6% (51.3) // 45.9% (51.2) // 50.3% (56.8) // 49.0% (55.7)",
        "oppFenwick": "46.7% (39.3) // 45.0% (37.9) // 49.4% (43.2) // 47.0% (42.0)",
        "oppShots": "47.2% (28.7) // 45.6% (28.5) // 49.9% (33.0) // 47.0% (31.0)",
        "oppScoring": "46.9% (27.9) // 45.6% (27.6) // 51.2% (30.8) // 48.3% (28.7)",
        "oppCorsiAgainst": "53.4% (58.8) // 54.1% (60.3) // 49.7% (56.2) // 51.0% (58.0)",
        "oppFenwickAgainst": "53.3% (44.8) // 55.0% (46.4) // 50.6% (44.2) // 53.0% (47.3)",
        "oppShotsAgainst": "52.8% (32.2) // 54.4% (34.1) // 50.1% (33.2) // 53.0% (35.0)",
        "oppScoringAgainst": "53.1% (31.7) // 54.4% (33.0) // 48.8% (29.4) // 51.7% (30.7)",
        "savesPerGame": 27.4,
        "savesPerGameLast1": 23.0,
        "savesPerGameLast3": 23.7,
        "savesPerGameLast5": 29.2,
        "savesPer60": 27.3,
        "savesPer60Last1": 24.7,
        "savesPer60Last3": 23.9,
        "savesPer60Last5": 29.7,
        "shotsPerGame": 31.3,
        "shotsPerGameLast5": 28.2,
        "shotsAgainstPerGame": 30.4,
        "shotsAgainstPerGameLast5": 32.4,
        "oppSavesAgainstPer60": 25.9,
        "oppSavesAgainstPer60Last1": 30.3,
        "oppSavesAgainstPer60Last3": 26.4,
        "oppSavesAgainstPer60Last5": 29.0,
        "oppShotsAgainstPerGame": 32.5,
        "oppShotsAgainstPerGameLast5": 33.2,
        "savesProj": 24.7,
        "savesProjLast5": 30.2,
        "savesProjLast3": 22.2,
        "oppSavesAgainstProj": 25.0,
        "oppSavesAgainstProjLast5": 29.2,
        "oppSavesAgainstProjLast3": 22.3,
        "totalOver": 51,
        "totalOverLast5": 100,
        "lastTotalOver": 52,
        "last5": "2,1,2,1,1,3,0,2,1,0",
        "overOdds": "-130",
        "underOdds": "+100",
        "overUnder": "-130 / +100"
    },
    {
        "player": "Dylan Strome",
        "team": "WSH",
        "opponent": "STL",
        "propType": "ast",
        "line": 0.5,
        "ppLine": "PP2",
        "avg": 0.5,
        "hit": false,
        "diffAvg": 0.0,
        "diffAbs": 0.4,
        "lastAvg": 0.38,
        "diff": -0.24,
        "avgMin": 16,
        "proj": 0.3,
        "lastAvgMin": 17.43,
        "oppOver": 0,
        "teamOver": 0,
        "gameLine": "-170",
        "+/-": -3,
        "L5_+/-": "+5.0",
        "prevMatchup": "2022-11-17 2.0 ast",
        "winLossSplits": "0.65 - 0.35",
        "awayHome": "H",
        "playedYesterday": "N",
        "awayHomeSplits": "0.61 - 0.38",
        "savesAboveExp": -0.215,
        "gsaa": -0.82,
        "corsi": "50.7% (59.3) // 48.8% (56.1) // 47.8% (53.5) // 50.1% (57.7)",
        "fenwick": "50.5% (43.5) // 48.3% (41.5) // 46.2% (37.7) // 49.2% (41.2)",
        "shots": "50.8% (31.0) // 49.9% (30.4) // 49.4% (28.6) // 54.2% (31.5)",
        "scoring": "50.6% (29.6) // 47.5% (28.4) // 44.3% (26.2) // 47.8% (27.9)",
        "corsiAgainst": "49.3% (57.8) // 51.2% (58.9) // 52.2% (58.6) // 49.9% (57.4)",
        "fenwickAgainst": "49.5% (42.7) // 51.7% (44.4) // 53.8% (43.9) // 50.8% (42.5)",
        "shotsAgainst": "49.2% (30.1) // 50.1% (30.5) // 50.6% (29.3) // 45.8% (26.6)",
        "scoringAgainst": "49.4% (28.9) // 52.5% (31.3) // 55.7% (32.9) // 52.2% (30.5)",
        "oppCorsi": "46.6% (51.3) // 45.9% (51.2) // 50.3% (56.8) // 49.0% (55.7)",
        "oppFenwick": "46.7% (39.3) // 45.0% (37.9) // 49.4% (43.2) // 47.0% (42.0)",
        "oppShots": "47.2% (28.7) // 45.6% (28.5) // 49.9% (33.0) // 47.0% (31.0)",
        "oppScoring": "46.9% (27.9) // 45.6% (27.6) // 51.2% (30.8) // 48.3% (28.7)",
        "oppCorsiAgainst": "53.4% (58.8) // 54.1% (60.3) // 49.7% (56.2) // 51.0% (58.0)",
        "oppFenwickAgainst": "53.3% (44.8) // 55.0% (46.4) // 50.6% (44.2) // 53.0% (47.3)",
        "oppShotsAgainst": "52.8% (32.2) // 54.4% (34.1) // 50.1% (33.2) // 53.0% (35.0)",
        "oppScoringAgainst": "53.1% (31.7) // 54.4% (33.0) // 48.8% (29.4) // 51.7% (30.7)",
        "savesPerGame": 27.4,
        "savesPerGameLast1": 23.0,
        "savesPerGameLast3": 23.7,
        "savesPerGameLast5": 29.2,
        "savesPer60": 27.3,
        "savesPer60Last1": 24.7,
        "savesPer60Last3": 23.9,
        "savesPer60Last5": 29.7,
        "shotsPerGame": 31.3,
        "shotsPerGameLast5": 28.2,
        "shotsAgainstPerGame": 30.4,
        "shotsAgainstPerGameLast5": 32.4,
        "oppSavesAgainstPer60": 25.9,
        "oppSavesAgainstPer60Last1": 30.3,
        "oppSavesAgainstPer60Last3": 26.4,
        "oppSavesAgainstPer60Last5": 29.0,
        "oppShotsAgainstPerGame": 32.5,
        "oppShotsAgainstPerGameLast5": 33.2,
        "savesProj": 24.7,
        "savesProjLast5": 30.2,
        "savesProjLast3": 22.2,
        "oppSavesAgainstProj": 25.0,
        "oppSavesAgainstProjLast5": 29.2,
        "oppSavesAgainstProjLast3": 22.3,
        "totalOver": 40,
        "totalOverLast5": 80,
        "lastTotalOver": 38,
        "last5": "2,1,1,0,1,2,0,1,1,0",
        "overOdds": "+145",
        "underOdds": "-180",
        "overUnder": "+145 / -180"
    },
    {
        "player": "Evgeny Kuznetsov",
        "team": "WSH",
        "opponent": "STL",
        "propType": "sog",
        "line": 2.5,
        "ppLine": "PP1",
        "avg": 2.25,
        "hit": false,
        "diffAvg": -0.1,
        "diffAbs": 0.16,
        "lastAvg": 2.39,
        "diff": -0.04,
        "avgMin": 18,
        "proj": 2.1,
        "lastAvgMin": 20.27,
        "oppOver": 0,
        "teamOver": 0,
        "gameLine": "-170",
        "+/-": -14,
        "L5_+/-": -4.0,
        "prevMatchup": "2022-11-17 6.0 sog",
        "winLossSplits": "2.02 - 2.33",
        "awayHome": "H",
        "playedYesterday": "N",
        "awayHomeSplits": "2.14 - 2.36",
        "savesAboveExp": -0.215,
        "gsaa": -0.82,
        "corsi": "50.7% (59.3) // 48.8% (56.1) // 47.8% (53.5) // 50.1% (57.7)",
        "fenwick": "50.5% (43.5) // 48.3% (41.5) // 46.2% (37.7) // 49.2% (41.2)",
        "shots": "50.8% (31.0) // 49.9% (30.4) // 49.4% (28.6) // 54.2% (31.5)",
        "scoring": "50.6% (29.6) // 47.5% (28.4) // 44.3% (26.2) // 47.8% (27.9)",
        "corsiAgainst": "49.3% (57.8) // 51.2% (58.9) // 52.2% (58.6) // 49.9% (57.4)",
        "fenwickAgainst": "49.5% (42.7) // 51.7% (44.4) // 53.8% (43.9) // 50.8% (42.5)",
        "shotsAgainst": "49.2% (30.1) // 50.1% (30.5) // 50.6% (29.3) // 45.8% (26.6)",
        "scoringAgainst": "49.4% (28.9) // 52.5% (31.3) // 55.7% (32.9) // 52.2% (30.5)",
        "oppCorsi": "46.6% (51.3) // 45.9% (51.2) // 50.3% (56.8) // 49.0% (55.7)",
        "oppFenwick": "46.7% (39.3) // 45.0% (37.9) // 49.4% (43.2) // 47.0% (42.0)",
        "oppShots": "47.2% (28.7) // 45.6% (28.5) // 49.9% (33.0) // 47.0% (31.0)",
        "oppScoring": "46.9% (27.9) // 45.6% (27.6) // 51.2% (30.8) // 48.3% (28.7)",
        "oppCorsiAgainst": "53.4% (58.8) // 54.1% (60.3) // 49.7% (56.2) // 51.0% (58.0)",
        "oppFenwickAgainst": "53.3% (44.8) // 55.0% (46.4) // 50.6% (44.2) // 53.0% (47.3)",
        "oppShotsAgainst": "52.8% (32.2) // 54.4% (34.1) // 50.1% (33.2) // 53.0% (35.0)",
        "oppScoringAgainst": "53.1% (31.7) // 54.4% (33.0) // 48.8% (29.4) // 51.7% (30.7)",
        "savesPerGame": 27.4,
        "savesPerGameLast1": 23.0,
        "savesPerGameLast3": 23.7,
        "savesPerGameLast5": 29.2,
        "savesPer60": 27.3,
        "savesPer60Last1": 24.7,
        "savesPer60Last3": 23.9,
        "savesPer60Last5": 29.7,
        "shotsPerGame": 31.3,
        "shotsPerGameLast5": 28.2,
        "shotsAgainstPerGame": 30.4,
        "shotsAgainstPerGameLast5": 32.4,
        "oppSavesAgainstPer60": 25.9,
        "oppSavesAgainstPer60Last1": 30.3,
        "oppSavesAgainstPer60Last3": 26.4,
        "oppSavesAgainstPer60Last5": 29.0,
        "oppShotsAgainstPerGame": 32.5,
        "oppShotsAgainstPerGameLast5": 33.2,
        "savesProj": 24.7,
        "savesProjLast5": 30.2,
        "savesProjLast3": 22.2,
        "oppSavesAgainstProj": 25.0,
        "oppSavesAgainstProjLast5": 29.2,
        "oppSavesAgainstProjLast3": 22.3,
        "totalOver": 38,
        "totalOverLast5": 20,
        "lastTotalOver": 46,
        "last5": "4,0,2,2,2,2,2,2,4,2",
        "overOdds": "+120",
        "underOdds": "-150",
        "overUnder": "+120 / -150"
    },
    {
        "player": "Evgeny Kuznetsov",
        "team": "WSH",
        "opponent": "STL",
        "propType": "pts",
        "line": 0.5,
        "ppLine": "PP1",
        "avg": 0.75,
        "hit": false,
        "diffAvg": 0.5,
        "diffAbs": 0.6,
        "lastAvg": 0.9,
        "diff": 0.8,
        "avgMin": 18,
        "proj": 0.8,
        "lastAvgMin": 20.27,
        "oppOver": 0,
        "teamOver": 0,
        "gameLine": "-170",
        "+/-": -14,
        "L5_+/-": -4.0,
        "prevMatchup": "2022-11-17 1.0 pts",
        "winLossSplits": "1.2 - 0.34",
        "awayHome": "H",
        "playedYesterday": "N",
        "awayHomeSplits": "0.63 - 0.88",
        "savesAboveExp": -0.215,
        "gsaa": -0.82,
        "corsi": "50.7% (59.3) // 48.8% (56.1) // 47.8% (53.5) // 50.1% (57.7)",
        "fenwick": "50.5% (43.5) // 48.3% (41.5) // 46.2% (37.7) // 49.2% (41.2)",
        "shots": "50.8% (31.0) // 49.9% (30.4) // 49.4% (28.6) // 54.2% (31.5)",
        "scoring": "50.6% (29.6) // 47.5% (28.4) // 44.3% (26.2) // 47.8% (27.9)",
        "corsiAgainst": "49.3% (57.8) // 51.2% (58.9) // 52.2% (58.6) // 49.9% (57.4)",
        "fenwickAgainst": "49.5% (42.7) // 51.7% (44.4) // 53.8% (43.9) // 50.8% (42.5)",
        "shotsAgainst": "49.2% (30.1) // 50.1% (30.5) // 50.6% (29.3) // 45.8% (26.6)",
        "scoringAgainst": "49.4% (28.9) // 52.5% (31.3) // 55.7% (32.9) // 52.2% (30.5)",
        "oppCorsi": "46.6% (51.3) // 45.9% (51.2) // 50.3% (56.8) // 49.0% (55.7)",
        "oppFenwick": "46.7% (39.3) // 45.0% (37.9) // 49.4% (43.2) // 47.0% (42.0)",
        "oppShots": "47.2% (28.7) // 45.6% (28.5) // 49.9% (33.0) // 47.0% (31.0)",
        "oppScoring": "46.9% (27.9) // 45.6% (27.6) // 51.2% (30.8) // 48.3% (28.7)",
        "oppCorsiAgainst": "53.4% (58.8) // 54.1% (60.3) // 49.7% (56.2) // 51.0% (58.0)",
        "oppFenwickAgainst": "53.3% (44.8) // 55.0% (46.4) // 50.6% (44.2) // 53.0% (47.3)",
        "oppShotsAgainst": "52.8% (32.2) // 54.4% (34.1) // 50.1% (33.2) // 53.0% (35.0)",
        "oppScoringAgainst": "53.1% (31.7) // 54.4% (33.0) // 48.8% (29.4) // 51.7% (30.7)",
        "savesPerGame": 27.4,
        "savesPerGameLast1": 23.0,
        "savesPerGameLast3": 23.7,
        "savesPerGameLast5": 29.2,
        "savesPer60": 27.3,
        "savesPer60Last1": 24.7,
        "savesPer60Last3": 23.9,
        "savesPer60Last5": 29.7,
        "shotsPerGame": 31.3,
        "shotsPerGameLast5": 28.2,
        "shotsAgainstPerGame": 30.4,
        "shotsAgainstPerGameLast5": 32.4,
        "oppSavesAgainstPer60": 25.9,
        "oppSavesAgainstPer60Last1": 30.3,
        "oppSavesAgainstPer60Last3": 26.4,
        "oppSavesAgainstPer60Last5": 29.0,
        "oppShotsAgainstPerGame": 32.5,
        "oppShotsAgainstPerGameLast5": 33.2,
        "savesProj": 24.7,
        "savesProjLast5": 30.2,
        "savesProjLast3": 22.2,
        "oppSavesAgainstProj": 25.0,
        "oppSavesAgainstProjLast5": 29.2,
        "oppSavesAgainstProjLast3": 22.3,
        "totalOver": 51,
        "totalOverLast5": 20,
        "lastTotalOver": 69,
        "last5": "1,0,0,0,0,0,0,1,4,0",
        "overOdds": "-180",
        "underOdds": "+145",
        "overUnder": "-180 / +145"
    },
    {
        "player": "Evgeny Kuznetsov",
        "team": "WSH",
        "opponent": "STL",
        "propType": "ast",
        "line": 0.5,
        "ppLine": "PP1",
        "avg": 0.57,
        "hit": false,
        "diffAvg": 0.14,
        "diffAbs": 0.2,
        "lastAvg": 0.62,
        "diff": 0.24,
        "avgMin": 18,
        "proj": 0.6,
        "lastAvgMin": 20.27,
        "oppOver": 0,
        "teamOver": 0,
        "gameLine": "-170",
        "+/-": -14,
        "L5_+/-": -4.0,
        "prevMatchup": "2022-11-17 1.0 ast",
        "winLossSplits": "0.92 - 0.23",
        "awayHome": "H",
        "playedYesterday": "N",
        "awayHomeSplits": "0.54 - 0.61",
        "savesAboveExp": -0.215,
        "gsaa": -0.82,
        "corsi": "50.7% (59.3) // 48.8% (56.1) // 47.8% (53.5) // 50.1% (57.7)",
        "fenwick": "50.5% (43.5) // 48.3% (41.5) // 46.2% (37.7) // 49.2% (41.2)",
        "shots": "50.8% (31.0) // 49.9% (30.4) // 49.4% (28.6) // 54.2% (31.5)",
        "scoring": "50.6% (29.6) // 47.5% (28.4) // 44.3% (26.2) // 47.8% (27.9)",
        "corsiAgainst": "49.3% (57.8) // 51.2% (58.9) // 52.2% (58.6) // 49.9% (57.4)",
        "fenwickAgainst": "49.5% (42.7) // 51.7% (44.4) // 53.8% (43.9) // 50.8% (42.5)",
        "shotsAgainst": "49.2% (30.1) // 50.1% (30.5) // 50.6% (29.3) // 45.8% (26.6)",
        "scoringAgainst": "49.4% (28.9) // 52.5% (31.3) // 55.7% (32.9) // 52.2% (30.5)",
        "oppCorsi": "46.6% (51.3) // 45.9% (51.2) // 50.3% (56.8) // 49.0% (55.7)",
        "oppFenwick": "46.7% (39.3) // 45.0% (37.9) // 49.4% (43.2) // 47.0% (42.0)",
        "oppShots": "47.2% (28.7) // 45.6% (28.5) // 49.9% (33.0) // 47.0% (31.0)",
        "oppScoring": "46.9% (27.9) // 45.6% (27.6) // 51.2% (30.8) // 48.3% (28.7)",
        "oppCorsiAgainst": "53.4% (58.8) // 54.1% (60.3) // 49.7% (56.2) // 51.0% (58.0)",
        "oppFenwickAgainst": "53.3% (44.8) // 55.0% (46.4) // 50.6% (44.2) // 53.0% (47.3)",
        "oppShotsAgainst": "52.8% (32.2) // 54.4% (34.1) // 50.1% (33.2) // 53.0% (35.0)",
        "oppScoringAgainst": "53.1% (31.7) // 54.4% (33.0) // 48.8% (29.4) // 51.7% (30.7)",
        "savesPerGame": 27.4,
        "savesPerGameLast1": 23.0,
        "savesPerGameLast3": 23.7,
        "savesPerGameLast5": 29.2,
        "savesPer60": 27.3,
        "savesPer60Last1": 24.7,
        "savesPer60Last3": 23.9,
        "savesPer60Last5": 29.7,
        "shotsPerGame": 31.3,
        "shotsPerGameLast5": 28.2,
        "shotsAgainstPerGame": 30.4,
        "shotsAgainstPerGameLast5": 32.4,
        "oppSavesAgainstPer60": 25.9,
        "oppSavesAgainstPer60Last1": 30.3,
        "oppSavesAgainstPer60Last3": 26.4,
        "oppSavesAgainstPer60Last5": 29.0,
        "oppShotsAgainstPerGame": 32.5,
        "oppShotsAgainstPerGameLast5": 33.2,
        "savesProj": 24.7,
        "savesProjLast5": 30.2,
        "savesProjLast3": 22.2,
        "oppSavesAgainstProj": 25.0,
        "oppSavesAgainstProjLast5": 29.2,
        "oppSavesAgainstProjLast3": 22.3,
        "totalOver": 43,
        "totalOverLast5": 0,
        "lastTotalOver": 51,
        "last5": "0,0,0,0,0,0,0,1,2,0",
        "overOdds": "-110",
        "underOdds": "-120",
        "overUnder": "-110 / -120"
    },
    {
        "player": "Jakub Vrana",
        "team": "STL",
        "opponent": "WSH",
        "propType": "sog",
        "line": 2.5,
        "ppLine": "PP1",
        "avg": 2.6,
        "hit": false,
        "diffAvg": 0.04,
        "diffAbs": 0.12,
        "lastAvg": 2.5,
        "diff": 0.0,
        "avgMin": 13,
        "proj": 2.2,
        "lastAvgMin": 14.93,
        "oppOver": 0,
        "teamOver": 0,
        "gameLine": "+145",
        "+/-": -2,
        "L5_+/-": -1.0,
        "prevMatchup": "2023-02-21 2.0 sog",
        "winLossSplits": "2.35 - 2.54",
        "awayHome": "A",
        "playedYesterday": "N",
        "awayHomeSplits": "2.6 - 2.6",
        "savesAboveExp": 0.193,
        "gsaa": 9.22,
        "corsi": "46.6% (51.3) // 45.9% (51.2) // 50.3% (56.8) // 49.0% (55.7)",
        "fenwick": "46.7% (39.3) // 45.0% (37.9) // 49.4% (43.2) // 47.0% (42.0)",
        "shots": "47.2% (28.7) // 45.6% (28.5) // 49.9% (33.0) // 47.0% (31.0)",
        "scoring": "46.9% (27.9) // 45.6% (27.6) // 51.2% (30.8) // 48.3% (28.7)",
        "corsiAgainst": "53.4% (58.8) // 54.1% (60.3) // 49.7% (56.2) // 51.0% (58.0)",
        "fenwickAgainst": "53.3% (44.8) // 55.0% (46.4) // 50.6% (44.2) // 53.0% (47.3)",
        "shotsAgainst": "52.8% (32.2) // 54.4% (34.1) // 50.1% (33.2) // 53.0% (35.0)",
        "scoringAgainst": "53.1% (31.7) // 54.4% (33.0) // 48.8% (29.4) // 51.7% (30.7)",
        "oppCorsi": "50.7% (59.3) // 48.8% (56.1) // 47.8% (53.5) // 50.1% (57.7)",
        "oppFenwick": "50.5% (43.5) // 48.3% (41.5) // 46.2% (37.7) // 49.2% (41.2)",
        "oppShots": "50.8% (31.0) // 49.9% (30.4) // 49.4% (28.6) // 54.2% (31.5)",
        "oppScoring": "50.6% (29.6) // 47.5% (28.4) // 44.3% (26.2) // 47.8% (27.9)",
        "oppCorsiAgainst": "49.3% (57.8) // 51.2% (58.9) // 52.2% (58.6) // 49.9% (57.4)",
        "oppFenwickAgainst": "49.5% (42.7) // 51.7% (44.4) // 53.8% (43.9) // 50.8% (42.5)",
        "oppShotsAgainst": "49.2% (30.1) // 50.1% (30.5) // 50.6% (29.3) // 45.8% (26.6)",
        "oppScoringAgainst": "49.4% (28.9) // 52.5% (31.3) // 55.7% (32.9) // 52.2% (30.5)",
        "savesPerGame": 28.7,
        "savesPerGameLast1": 27.0,
        "savesPerGameLast3": 30.0,
        "savesPerGameLast5": 28.6,
        "savesPer60": 28.7,
        "savesPer60Last1": 26.8,
        "savesPer60Last3": 29.6,
        "savesPer60Last5": 28.4,
        "shotsPerGame": 29.0,
        "shotsPerGameLast5": 33.0,
        "shotsAgainstPerGame": 32.5,
        "shotsAgainstPerGameLast5": 33.2,
        "oppSavesAgainstPer60": 28.3,
        "oppSavesAgainstPer60Last1": 35.7,
        "oppSavesAgainstPer60Last3": 28.4,
        "oppSavesAgainstPer60Last5": 24.9,
        "oppShotsAgainstPerGame": 30.4,
        "oppShotsAgainstPerGameLast5": 32.4,
        "savesProj": 29.7,
        "savesProjLast5": 26.0,
        "savesProjLast3": 30.7,
        "oppSavesAgainstProj": 28.7,
        "oppSavesAgainstProjLast5": 26.4,
        "oppSavesAgainstProjLast3": 30.6,
        "totalOver": 50,
        "totalOverLast5": 80,
        "lastTotalOver": 27,
        "last5": "5,1,3,4,6,0,0,2,2,3",
        "overOdds": "+110",
        "underOdds": "-140",
        "overUnder": "+110 / -140"
    },
    {
        "player": "Jakub Vrana",
        "team": "STL",
        "opponent": "WSH",
        "propType": "pts",
        "line": 0.5,
        "ppLine": "PP1",
        "avg": 0.6,
        "hit": false,
        "diffAvg": 0.2,
        "diffAbs": 0.2,
        "lastAvg": 0.73,
        "diff": 0.46,
        "avgMin": 13,
        "proj": 0.6,
        "lastAvgMin": 14.93,
        "oppOver": 0,
        "teamOver": 0,
        "gameLine": "+145",
        "+/-": -2,
        "L5_+/-": -1.0,
        "prevMatchup": "2023-02-21 0.0 pts",
        "winLossSplits": "0.54 - 0.67",
        "awayHome": "A",
        "playedYesterday": "N",
        "awayHomeSplits": "0.4 - 0.8",
        "savesAboveExp": 0.193,
        "gsaa": 9.22,
        "corsi": "46.6% (51.3) // 45.9% (51.2) // 50.3% (56.8) // 49.0% (55.7)",
        "fenwick": "46.7% (39.3) // 45.0% (37.9) // 49.4% (43.2) // 47.0% (42.0)",
        "shots": "47.2% (28.7) // 45.6% (28.5) // 49.9% (33.0) // 47.0% (31.0)",
        "scoring": "46.9% (27.9) // 45.6% (27.6) // 51.2% (30.8) // 48.3% (28.7)",
        "corsiAgainst": "53.4% (58.8) // 54.1% (60.3) // 49.7% (56.2) // 51.0% (58.0)",
        "fenwickAgainst": "53.3% (44.8) // 55.0% (46.4) // 50.6% (44.2) // 53.0% (47.3)",
        "shotsAgainst": "52.8% (32.2) // 54.4% (34.1) // 50.1% (33.2) // 53.0% (35.0)",
        "scoringAgainst": "53.1% (31.7) // 54.4% (33.0) // 48.8% (29.4) // 51.7% (30.7)",
        "oppCorsi": "50.7% (59.3) // 48.8% (56.1) // 47.8% (53.5) // 50.1% (57.7)",
        "oppFenwick": "50.5% (43.5) // 48.3% (41.5) // 46.2% (37.7) // 49.2% (41.2)",
        "oppShots": "50.8% (31.0) // 49.9% (30.4) // 49.4% (28.6) // 54.2% (31.5)",
        "oppScoring": "50.6% (29.6) // 47.5% (28.4) // 44.3% (26.2) // 47.8% (27.9)",
        "oppCorsiAgainst": "49.3% (57.8) // 51.2% (58.9) // 52.2% (58.6) // 49.9% (57.4)",
        "oppFenwickAgainst": "49.5% (42.7) // 51.7% (44.4) // 53.8% (43.9) // 50.8% (42.5)",
        "oppShotsAgainst": "49.2% (30.1) // 50.1% (30.5) // 50.6% (29.3) // 45.8% (26.6)",
        "oppScoringAgainst": "49.4% (28.9) // 52.5% (31.3) // 55.7% (32.9) // 52.2% (30.5)",
        "savesPerGame": 28.7,
        "savesPerGameLast1": 27.0,
        "savesPerGameLast3": 30.0,
        "savesPerGameLast5": 28.6,
        "savesPer60": 28.7,
        "savesPer60Last1": 26.8,
        "savesPer60Last3": 29.6,
        "savesPer60Last5": 28.4,
        "shotsPerGame": 29.0,
        "shotsPerGameLast5": 33.0,
        "shotsAgainstPerGame": 32.5,
        "shotsAgainstPerGameLast5": 33.2,
        "oppSavesAgainstPer60": 28.3,
        "oppSavesAgainstPer60Last1": 35.7,
        "oppSavesAgainstPer60Last3": 28.4,
        "oppSavesAgainstPer60Last5": 24.9,
        "oppShotsAgainstPerGame": 30.4,
        "oppShotsAgainstPerGameLast5": 32.4,
        "savesProj": 29.7,
        "savesProjLast5": 26.0,
        "savesProjLast3": 30.7,
        "oppSavesAgainstProj": 28.7,
        "oppSavesAgainstProjLast5": 26.4,
        "oppSavesAgainstProjLast3": 30.6,
        "totalOver": 40,
        "totalOverLast5": 60,
        "lastTotalOver": 50,
        "last5": "2,1,0,1,0,0,0,0,2,0",
        "overOdds": "+115",
        "underOdds": "-145",
        "overUnder": "+115 / -145"
    },
    {
        "player": "Jakub Vrana",
        "team": "STL",
        "opponent": "WSH",
        "propType": "ast",
        "line": 0.5,
        "ppLine": "PP1",
        "avg": 0.1,
        "hit": false,
        "diffAvg": -0.8,
        "diffAbs": 0.6,
        "lastAvg": 0.23,
        "diff": -0.54,
        "avgMin": 13,
        "proj": 0.2,
        "lastAvgMin": 14.93,
        "oppOver": 0,
        "teamOver": 0,
        "gameLine": "+145",
        "+/-": -2,
        "L5_+/-": -1.0,
        "prevMatchup": "2023-02-21 0.0 ast",
        "winLossSplits": "0.19 - 0.0",
        "awayHome": "A",
        "playedYesterday": "N",
        "awayHomeSplits": "0.2 - 0.0",
        "savesAboveExp": 0.193,
        "gsaa": 9.22,
        "corsi": "46.6% (51.3) // 45.9% (51.2) // 50.3% (56.8) // 49.0% (55.7)",
        "fenwick": "46.7% (39.3) // 45.0% (37.9) // 49.4% (43.2) // 47.0% (42.0)",
        "shots": "47.2% (28.7) // 45.6% (28.5) // 49.9% (33.0) // 47.0% (31.0)",
        "scoring": "46.9% (27.9) // 45.6% (27.6) // 51.2% (30.8) // 48.3% (28.7)",
        "corsiAgainst": "53.4% (58.8) // 54.1% (60.3) // 49.7% (56.2) // 51.0% (58.0)",
        "fenwickAgainst": "53.3% (44.8) // 55.0% (46.4) // 50.6% (44.2) // 53.0% (47.3)",
        "shotsAgainst": "52.8% (32.2) // 54.4% (34.1) // 50.1% (33.2) // 53.0% (35.0)",
        "scoringAgainst": "53.1% (31.7) // 54.4% (33.0) // 48.8% (29.4) // 51.7% (30.7)",
        "oppCorsi": "50.7% (59.3) // 48.8% (56.1) // 47.8% (53.5) // 50.1% (57.7)",
        "oppFenwick": "50.5% (43.5) // 48.3% (41.5) // 46.2% (37.7) // 49.2% (41.2)",
        "oppShots": "50.8% (31.0) // 49.9% (30.4) // 49.4% (28.6) // 54.2% (31.5)",
        "oppScoring": "50.6% (29.6) // 47.5% (28.4) // 44.3% (26.2) // 47.8% (27.9)",
        "oppCorsiAgainst": "49.3% (57.8) // 51.2% (58.9) // 52.2% (58.6) // 49.9% (57.4)",
        "oppFenwickAgainst": "49.5% (42.7) // 51.7% (44.4) // 53.8% (43.9) // 50.8% (42.5)",
        "oppShotsAgainst": "49.2% (30.1) // 50.1% (30.5) // 50.6% (29.3) // 45.8% (26.6)",
        "oppScoringAgainst": "49.4% (28.9) // 52.5% (31.3) // 55.7% (32.9) // 52.2% (30.5)",
        "savesPerGame": 28.7,
        "savesPerGameLast1": 27.0,
        "savesPerGameLast3": 30.0,
        "savesPerGameLast5": 28.6,
        "savesPer60": 28.7,
        "savesPer60Last1": 26.8,
        "savesPer60Last3": 29.6,
        "savesPer60Last5": 28.4,
        "shotsPerGame": 29.0,
        "shotsPerGameLast5": 33.0,
        "shotsAgainstPerGame": 32.5,
        "shotsAgainstPerGameLast5": 33.2,
        "oppSavesAgainstPer60": 28.3,
        "oppSavesAgainstPer60Last1": 35.7,
        "oppSavesAgainstPer60Last3": 28.4,
        "oppSavesAgainstPer60Last5": 24.9,
        "oppShotsAgainstPerGame": 30.4,
        "oppShotsAgainstPerGameLast5": 32.4,
        "savesProj": 29.7,
        "savesProjLast5": 26.0,
        "savesProjLast3": 30.7,
        "oppSavesAgainstProj": 28.7,
        "oppSavesAgainstProjLast5": 26.4,
        "oppSavesAgainstProjLast3": 30.6,
        "totalOver": 10,
        "totalOverLast5": 0,
        "lastTotalOver": 23,
        "last5": "0,0,0,0,0,0,0,0,1,0",
        "overOdds": "+290",
        "underOdds": "-380",
        "overUnder": "+290 / -380"
    },
    {
        "player": "Jordan Kyrou",
        "team": "STL",
        "opponent": "WSH",
        "propType": "sog",
        "line": 3.5,
        "ppLine": "PP1",
        "avg": 3.55,
        "hit": false,
        "diffAvg": 0.01,
        "diffAbs": 0.34,
        "lastAvg": 2.14,
        "diff": -0.39,
        "avgMin": 18,
        "proj": 2.3,
        "lastAvgMin": 16.57,
        "oppOver": 0,
        "teamOver": 0,
        "gameLine": "+145",
        "+/-": -38,
        "L5_+/-": -11.0,
        "prevMatchup": "2022-11-17 3.0 sog",
        "winLossSplits": "3.95 - 3.22",
        "awayHome": "A",
        "playedYesterday": "N",
        "awayHomeSplits": "3.83 - 3.29",
        "savesAboveExp": 0.193,
        "gsaa": 9.22,
        "corsi": "46.6% (51.3) // 45.9% (51.2) // 50.3% (56.8) // 49.0% (55.7)",
        "fenwick": "46.7% (39.3) // 45.0% (37.9) // 49.4% (43.2) // 47.0% (42.0)",
        "shots": "47.2% (28.7) // 45.6% (28.5) // 49.9% (33.0) // 47.0% (31.0)",
        "scoring": "46.9% (27.9) // 45.6% (27.6) // 51.2% (30.8) // 48.3% (28.7)",
        "corsiAgainst": "53.4% (58.8) // 54.1% (60.3) // 49.7% (56.2) // 51.0% (58.0)",
        "fenwickAgainst": "53.3% (44.8) // 55.0% (46.4) // 50.6% (44.2) // 53.0% (47.3)",
        "shotsAgainst": "52.8% (32.2) // 54.4% (34.1) // 50.1% (33.2) // 53.0% (35.0)",
        "scoringAgainst": "53.1% (31.7) // 54.4% (33.0) // 48.8% (29.4) // 51.7% (30.7)",
