[
    {
        "player": "Aaron Ekblad",
        "team": "FLA",
        "opponent": "TOR",
        "propType": "sog",
        "line": 2.5,
        "ppLine": "PP2",
        "avg": 3.06,
        "hit": false,
        "diffAvg": 0.22,
        "diffAbs": 0.08,
        "lastAvg": 2.54,
        "diff": 0.02,
        "avgMin": 23,
        "proj": 2.3,
        "lastAvgMin": 24.92,
        "oppOver": 0,
        "teamOver": 0,
        "gameLine": "+125",
        "+/-": -16,
        "L5_+/-": -2.0,
        "prevMatchup": "2023-03-23 2.0 sog 2023-01-17 1.0 sog",
        "winLossSplits": "2.92 - 3.01",
        "awayHome": "A",
        "playedYesterday": "N",
        "awayHomeSplits": "2.55 - 3.56",
        "savesAboveExp": 0.388,
        "gsaa": 9.72,
        "corsi": "54.5% (66.4) // 59.4% (68.7) // 57.8% (66.2) // 55.0% (64.7)",
        "fenwick": "53.9% (50.0) // 57.3% (50.5) // 56.4% (49.2) // 53.8% (47.3)",
        "shots": "53.9% (36.6) // 57.5% (37.5) // 54.8% (34.4) // 51.8% (34.3)",
        "scoring": "54.9% (34.8) // 59.6% (34.4) // 56.3% (32.2) // 53.0% (29.7)",
        "corsiAgainst": "45.5% (55.4) // 40.6% (47.0) // 42.2% (48.4) // 45.0% (53.0)",
        "fenwickAgainst": "46.1% (42.8) // 42.7% (37.6) // 43.6% (38.0) // 46.2% (40.7)",
        "shotsAgainst": "46.1% (31.4) // 42.5% (27.8) // 45.2% (28.4) // 48.2% (32.0)",
        "scoringAgainst": "45.1% (28.6) // 40.4% (23.3) // 43.7% (25.0) // 47.0% (26.3)",
        "oppCorsi": "50.9% (57.4) // 47.8% (53.8) // 57.7% (65.2) // 57.6% (66.7)",
        "oppFenwick": "51.7% (43.7) // 47.7% (40.5) // 56.4% (48.2) // 57.0% (50.3)",
        "oppShots": "52.1% (31.6) // 47.9% (28.9) // 53.0% (33.0) // 54.4% (35.0)",
        "oppScoring": "54.0% (33.4) // 51.8% (30.4) // 63.3% (38.8) // 64.7% (41.0)",
        "oppCorsiAgainst": "49.1% (55.4) // 52.2% (58.7) // 42.3% (47.8) // 42.4% (49.0)",
        "oppFenwickAgainst": "48.3% (40.8) // 52.3% (44.4) // 43.6% (37.2) // 43.0% (38.0)",
        "oppShotsAgainst": "47.9% (29.0) // 52.1% (31.5) // 47.0% (29.2) // 45.6% (29.3)",
        "oppScoringAgainst": "46.0% (28.5) // 48.2% (28.3) // 36.7% (22.5) // 35.3% (22.3)",
        "savesPerGame": 28.2,
        "savesPerGameLast1": 22.0,
        "savesPerGameLast3": 27.0,
        "savesPerGameLast5": 23.8,
        "savesPer60": 28.0,
        "savesPer60Last1": 21.7,
        "savesPer60Last3": 26.4,
        "savesPer60Last5": 23.2,
        "shotsPerGame": 36.9,
        "shotsPerGameLast5": 34.4,
        "shotsAgainstPerGame": 31.6,
        "shotsAgainstPerGameLast5": 28.4,
        "oppSavesAgainstPer60": 28.2,
        "oppSavesAgainstPer60Last1": 31.0,
        "oppSavesAgainstPer60Last3": 31.4,
        "oppSavesAgainstPer60Last5": 28.8,
        "oppShotsAgainstPerGame": 29.3,
        "oppShotsAgainstPerGameLast5": 33.8,
        "savesProj": 30.0,
        "savesProjLast5": 25.0,
        "savesProjLast3": 30.9,
        "oppSavesAgainstProj": 28.5,
        "oppSavesAgainstProjLast5": 24.6,
        "oppSavesAgainstProjLast3": 29.4,
        "totalOver": 56,
        "totalOverLast5": 20,
        "totalOverLast15": 53,
        "lastTotalOver": 56,
        "last5": "4,2,2,0,0,4,5,2,4,4",
        "overOdds": "-145",
        "underOdds": "+115",
        "overUnder": "-145 / +115"
    },
    {
        "player": "Aaron Ekblad",
        "team": "FLA",
        "opponent": "TOR",
        "propType": "pts",
        "line": 0.5,
        "ppLine": "PP2",
        "avg": 0.49,
        "hit": false,
        "diffAvg": -0.02,
        "diffAbs": 0.4,
        "lastAvg": 0.8,
        "diff": 0.6,
        "avgMin": 23,
        "proj": 0.7,
        "lastAvgMin": 24.92,
        "oppOver": 0,
        "teamOver": 0,
        "gameLine": "+125",
        "+/-": -16,
        "L5_+/-": -2.0,
        "prevMatchup": "2023-03-23 0.0 pts 2023-01-17 1.0 pts",
        "winLossSplits": "0.6 - 0.34",
        "awayHome": "A",
        "playedYesterday": "N",
        "awayHomeSplits": "0.48 - 0.5",
        "savesAboveExp": 0.388,
        "gsaa": 9.72,
        "corsi": "54.5% (66.4) // 59.4% (68.7) // 57.8% (66.2) // 55.0% (64.7)",
        "fenwick": "53.9% (50.0) // 57.3% (50.5) // 56.4% (49.2) // 53.8% (47.3)",
        "shots": "53.9% (36.6) // 57.5% (37.5) // 54.8% (34.4) // 51.8% (34.3)",
        "scoring": "54.9% (34.8) // 59.6% (34.4) // 56.3% (32.2) // 53.0% (29.7)",
        "corsiAgainst": "45.5% (55.4) // 40.6% (47.0) // 42.2% (48.4) // 45.0% (53.0)",
        "fenwickAgainst": "46.1% (42.8) // 42.7% (37.6) // 43.6% (38.0) // 46.2% (40.7)",
        "shotsAgainst": "46.1% (31.4) // 42.5% (27.8) // 45.2% (28.4) // 48.2% (32.0)",
        "scoringAgainst": "45.1% (28.6) // 40.4% (23.3) // 43.7% (25.0) // 47.0% (26.3)",
        "oppCorsi": "50.9% (57.4) // 47.8% (53.8) // 57.7% (65.2) // 57.6% (66.7)",
        "oppFenwick": "51.7% (43.7) // 47.7% (40.5) // 56.4% (48.2) // 57.0% (50.3)",
        "oppShots": "52.1% (31.6) // 47.9% (28.9) // 53.0% (33.0) // 54.4% (35.0)",
        "oppScoring": "54.0% (33.4) // 51.8% (30.4) // 63.3% (38.8) // 64.7% (41.0)",
        "oppCorsiAgainst": "49.1% (55.4) // 52.2% (58.7) // 42.3% (47.8) // 42.4% (49.0)",
        "oppFenwickAgainst": "48.3% (40.8) // 52.3% (44.4) // 43.6% (37.2) // 43.0% (38.0)",
        "oppShotsAgainst": "47.9% (29.0) // 52.1% (31.5) // 47.0% (29.2) // 45.6% (29.3)",
        "oppScoringAgainst": "46.0% (28.5) // 48.2% (28.3) // 36.7% (22.5) // 35.3% (22.3)",
        "savesPerGame": 28.2,
        "savesPerGameLast1": 22.0,
        "savesPerGameLast3": 27.0,
        "savesPerGameLast5": 23.8,
        "savesPer60": 28.0,
        "savesPer60Last1": 21.7,
        "savesPer60Last3": 26.4,
        "savesPer60Last5": 23.2,
        "shotsPerGame": 36.9,
        "shotsPerGameLast5": 34.4,
        "shotsAgainstPerGame": 31.6,
        "shotsAgainstPerGameLast5": 28.4,
        "oppSavesAgainstPer60": 28.2,
        "oppSavesAgainstPer60Last1": 31.0,
        "oppSavesAgainstPer60Last3": 31.4,
        "oppSavesAgainstPer60Last5": 28.8,
        "oppShotsAgainstPerGame": 29.3,
        "oppShotsAgainstPerGameLast5": 33.8,
        "savesProj": 30.0,
        "savesProjLast5": 25.0,
        "savesProjLast3": 30.9,
        "oppSavesAgainstProj": 28.5,
        "oppSavesAgainstProjLast5": 24.6,
        "oppSavesAgainstProjLast3": 29.4,
        "totalOver": 35,
        "totalOverLast5": 20,
        "totalOverLast15": 20,
        "lastTotalOver": 53,
        "last5": "1,0,0,0,0,0,2,0,0,0",
        "overOdds": "+160",
        "underOdds": "-195",
        "overUnder": "+160 / -195"
    },
    {
        "player": "Aaron Ekblad",
        "team": "FLA",
        "opponent": "TOR",
        "propType": "ast",
        "line": 0.5,
        "ppLine": "PP2",
        "avg": 0.3,
        "hit": false,
        "diffAvg": -0.4,
        "diffAbs": 0.0,
        "lastAvg": 0.59,
        "diff": 0.18,
        "avgMin": 23,
        "proj": 0.5,
        "lastAvgMin": 24.92,
        "oppOver": 0,
        "teamOver": 0,
        "gameLine": "+125",
        "+/-": -16,
        "L5_+/-": -2.0,
        "prevMatchup": "2023-03-23 0.0 ast 2023-01-17 1.0 ast",
        "winLossSplits": "0.34 - 0.23",
        "awayHome": "A",
        "playedYesterday": "N",
        "awayHomeSplits": "0.32 - 0.28",
        "savesAboveExp": 0.388,
        "gsaa": 9.72,
        "corsi": "54.5% (66.4) // 59.4% (68.7) // 57.8% (66.2) // 55.0% (64.7)",
        "fenwick": "53.9% (50.0) // 57.3% (50.5) // 56.4% (49.2) // 53.8% (47.3)",
        "shots": "53.9% (36.6) // 57.5% (37.5) // 54.8% (34.4) // 51.8% (34.3)",
        "scoring": "54.9% (34.8) // 59.6% (34.4) // 56.3% (32.2) // 53.0% (29.7)",
        "corsiAgainst": "45.5% (55.4) // 40.6% (47.0) // 42.2% (48.4) // 45.0% (53.0)",
        "fenwickAgainst": "46.1% (42.8) // 42.7% (37.6) // 43.6% (38.0) // 46.2% (40.7)",
        "shotsAgainst": "46.1% (31.4) // 42.5% (27.8) // 45.2% (28.4) // 48.2% (32.0)",
        "scoringAgainst": "45.1% (28.6) // 40.4% (23.3) // 43.7% (25.0) // 47.0% (26.3)",
        "oppCorsi": "50.9% (57.4) // 47.8% (53.8) // 57.7% (65.2) // 57.6% (66.7)",
        "oppFenwick": "51.7% (43.7) // 47.7% (40.5) // 56.4% (48.2) // 57.0% (50.3)",
        "oppShots": "52.1% (31.6) // 47.9% (28.9) // 53.0% (33.0) // 54.4% (35.0)",
        "oppScoring": "54.0% (33.4) // 51.8% (30.4) // 63.3% (38.8) // 64.7% (41.0)",
        "oppCorsiAgainst": "49.1% (55.4) // 52.2% (58.7) // 42.3% (47.8) // 42.4% (49.0)",
        "oppFenwickAgainst": "48.3% (40.8) // 52.3% (44.4) // 43.6% (37.2) // 43.0% (38.0)",
        "oppShotsAgainst": "47.9% (29.0) // 52.1% (31.5) // 47.0% (29.2) // 45.6% (29.3)",
        "oppScoringAgainst": "46.0% (28.5) // 48.2% (28.3) // 36.7% (22.5) // 35.3% (22.3)",
        "savesPerGame": 28.2,
        "savesPerGameLast1": 22.0,
        "savesPerGameLast3": 27.0,
        "savesPerGameLast5": 23.8,
        "savesPer60": 28.0,
        "savesPer60Last1": 21.7,
        "savesPer60Last3": 26.4,
        "savesPer60Last5": 23.2,
        "shotsPerGame": 36.9,
        "shotsPerGameLast5": 34.4,
        "shotsAgainstPerGame": 31.6,
        "shotsAgainstPerGameLast5": 28.4,
        "oppSavesAgainstPer60": 28.2,
        "oppSavesAgainstPer60Last1": 31.0,
        "oppSavesAgainstPer60Last3": 31.4,
        "oppSavesAgainstPer60Last5": 28.8,
        "oppShotsAgainstPerGame": 29.3,
        "oppShotsAgainstPerGameLast5": 33.8,
        "savesProj": 30.0,
        "savesProjLast5": 25.0,
        "savesProjLast3": 30.9,
        "oppSavesAgainstProj": 28.5,
        "oppSavesAgainstProjLast5": 24.6,
        "oppSavesAgainstProjLast3": 29.4,
        "totalOver": 24,
        "totalOverLast5": 20,
        "totalOverLast15": 7,
        "lastTotalOver": 41,
        "last5": "1,0,0,0,0,0,0,0,0,0",
        "overOdds": "+250",
        "underOdds": "-320",
        "overUnder": "+250 / -320"
    },
    {
        "player": "Aaron Ekblad",
        "team": "FLA",
        "opponent": "TOR",
        "propType": "g",
        "line": 0.5,
        "ppLine": "PP2",
        "avg": 0.19,
        "hit": false,
        "diffAvg": -0.62,
        "diffAbs": 0.6,
        "lastAvg": 0.21,
        "diff": -0.58,
        "avgMin": 23,
        "proj": 0.2,
        "lastAvgMin": 24.92,
        "oppOver": 0,
        "teamOver": 0,
        "gameLine": "+125",
        "+/-": -16,
        "L5_+/-": -2.0,
        "prevMatchup": "2023-03-23 0.0 g 2023-01-17 0.0 g",
        "winLossSplits": "0.27 - 0.11",
        "awayHome": "A",
        "playedYesterday": "N",
        "awayHomeSplits": "0.16 - 0.22",
        "savesAboveExp": 0.388,
        "gsaa": 9.72,
        "corsi": "54.5% (66.4) // 59.4% (68.7) // 57.8% (66.2) // 55.0% (64.7)",
        "fenwick": "53.9% (50.0) // 57.3% (50.5) // 56.4% (49.2) // 53.8% (47.3)",
        "shots": "53.9% (36.6) // 57.5% (37.5) // 54.8% (34.4) // 51.8% (34.3)",
        "scoring": "54.9% (34.8) // 59.6% (34.4) // 56.3% (32.2) // 53.0% (29.7)",
        "corsiAgainst": "45.5% (55.4) // 40.6% (47.0) // 42.2% (48.4) // 45.0% (53.0)",
        "fenwickAgainst": "46.1% (42.8) // 42.7% (37.6) // 43.6% (38.0) // 46.2% (40.7)",
        "shotsAgainst": "46.1% (31.4) // 42.5% (27.8) // 45.2% (28.4) // 48.2% (32.0)",
        "scoringAgainst": "45.1% (28.6) // 40.4% (23.3) // 43.7% (25.0) // 47.0% (26.3)",
        "oppCorsi": "50.9% (57.4) // 47.8% (53.8) // 57.7% (65.2) // 57.6% (66.7)",
        "oppFenwick": "51.7% (43.7) // 47.7% (40.5) // 56.4% (48.2) // 57.0% (50.3)",
        "oppShots": "52.1% (31.6) // 47.9% (28.9) // 53.0% (33.0) // 54.4% (35.0)",
        "oppScoring": "54.0% (33.4) // 51.8% (30.4) // 63.3% (38.8) // 64.7% (41.0)",
        "oppCorsiAgainst": "49.1% (55.4) // 52.2% (58.7) // 42.3% (47.8) // 42.4% (49.0)",
        "oppFenwickAgainst": "48.3% (40.8) // 52.3% (44.4) // 43.6% (37.2) // 43.0% (38.0)",
        "oppShotsAgainst": "47.9% (29.0) // 52.1% (31.5) // 47.0% (29.2) // 45.6% (29.3)",
        "oppScoringAgainst": "46.0% (28.5) // 48.2% (28.3) // 36.7% (22.5) // 35.3% (22.3)",
        "savesPerGame": 28.2,
        "savesPerGameLast1": 22.0,
        "savesPerGameLast3": 27.0,
        "savesPerGameLast5": 23.8,
        "savesPer60": 28.0,
        "savesPer60Last1": 21.7,
        "savesPer60Last3": 26.4,
        "savesPer60Last5": 23.2,
        "shotsPerGame": 36.9,
        "shotsPerGameLast5": 34.4,
        "shotsAgainstPerGame": 31.6,
        "shotsAgainstPerGameLast5": 28.4,
        "oppSavesAgainstPer60": 28.2,
        "oppSavesAgainstPer60Last1": 31.0,
        "oppSavesAgainstPer60Last3": 31.4,
        "oppSavesAgainstPer60Last5": 28.8,
        "oppShotsAgainstPerGame": 29.3,
        "oppShotsAgainstPerGameLast5": 33.8,
        "savesProj": 30.0,
        "savesProjLast5": 25.0,
        "savesProjLast3": 30.9,
        "oppSavesAgainstProj": 28.5,
        "oppSavesAgainstProjLast5": 24.6,
        "oppSavesAgainstProjLast3": 29.4,
        "totalOver": 16,
        "totalOverLast5": 0,
        "totalOverLast15": 13,
        "lastTotalOver": 20,
        "last5": "0,0,0,0,0,0,2,0,0,0",
        "overOdds": "+400",
        "underOdds": "0",
        "overUnder": "+400 / 0"
    },
    {
        "player": "Aleksander Barkov",
        "team": "FLA",
        "opponent": "TOR",
        "propType": "sog",
        "line": 3.5,
        "ppLine": "PP1",
        "avg": 3.15,
        "hit": false,
        "diffAvg": -0.1,
        "diffAbs": 0.17,
        "lastAvg": 2.78,
        "diff": -0.21,
        "avgMin": 21,
        "proj": 2.9,
        "lastAvgMin": 20.3,
        "oppOver": 0,
        "teamOver": 0,
        "gameLine": "+125",
        "+/-": "+4",
        "L5_+/-": -1.0,
        "prevMatchup": "2023-03-23 1.0 sog 2023-01-17 2.0 sog",
        "winLossSplits": "3.28 - 2.96",
        "awayHome": "A",
        "playedYesterday": "N",
        "awayHomeSplits": "2.69 - 3.58",
        "savesAboveExp": 0.388,
        "gsaa": 9.72,
        "corsi": "54.5% (66.4) // 59.4% (68.7) // 57.8% (66.2) // 55.0% (64.7)",
        "fenwick": "53.9% (50.0) // 57.3% (50.5) // 56.4% (49.2) // 53.8% (47.3)",
        "shots": "53.9% (36.6) // 57.5% (37.5) // 54.8% (34.4) // 51.8% (34.3)",
        "scoring": "54.9% (34.8) // 59.6% (34.4) // 56.3% (32.2) // 53.0% (29.7)",
        "corsiAgainst": "45.5% (55.4) // 40.6% (47.0) // 42.2% (48.4) // 45.0% (53.0)",
        "fenwickAgainst": "46.1% (42.8) // 42.7% (37.6) // 43.6% (38.0) // 46.2% (40.7)",
        "shotsAgainst": "46.1% (31.4) // 42.5% (27.8) // 45.2% (28.4) // 48.2% (32.0)",
        "scoringAgainst": "45.1% (28.6) // 40.4% (23.3) // 43.7% (25.0) // 47.0% (26.3)",
        "oppCorsi": "50.9% (57.4) // 47.8% (53.8) // 57.7% (65.2) // 57.6% (66.7)",
        "oppFenwick": "51.7% (43.7) // 47.7% (40.5) // 56.4% (48.2) // 57.0% (50.3)",
        "oppShots": "52.1% (31.6) // 47.9% (28.9) // 53.0% (33.0) // 54.4% (35.0)",
        "oppScoring": "54.0% (33.4) // 51.8% (30.4) // 63.3% (38.8) // 64.7% (41.0)",
        "oppCorsiAgainst": "49.1% (55.4) // 52.2% (58.7) // 42.3% (47.8) // 42.4% (49.0)",
        "oppFenwickAgainst": "48.3% (40.8) // 52.3% (44.4) // 43.6% (37.2) // 43.0% (38.0)",
        "oppShotsAgainst": "47.9% (29.0) // 52.1% (31.5) // 47.0% (29.2) // 45.6% (29.3)",
        "oppScoringAgainst": "46.0% (28.5) // 48.2% (28.3) // 36.7% (22.5) // 35.3% (22.3)",
        "savesPerGame": 28.2,
        "savesPerGameLast1": 22.0,
        "savesPerGameLast3": 27.0,
        "savesPerGameLast5": 23.8,
        "savesPer60": 28.0,
        "savesPer60Last1": 21.7,
        "savesPer60Last3": 26.4,
        "savesPer60Last5": 23.2,
        "shotsPerGame": 36.9,
        "shotsPerGameLast5": 34.4,
        "shotsAgainstPerGame": 31.6,
        "shotsAgainstPerGameLast5": 28.4,
        "oppSavesAgainstPer60": 28.2,
        "oppSavesAgainstPer60Last1": 31.0,
        "oppSavesAgainstPer60Last3": 31.4,
        "oppSavesAgainstPer60Last5": 28.8,
        "oppShotsAgainstPerGame": 29.3,
        "oppShotsAgainstPerGameLast5": 33.8,
        "savesProj": 30.0,
        "savesProjLast5": 25.0,
        "savesProjLast3": 30.9,
        "oppSavesAgainstProj": 28.5,
        "oppSavesAgainstProjLast5": 24.6,
        "oppSavesAgainstProjLast3": 29.4,
        "totalOver": 45,
        "totalOverLast5": 40,
        "totalOverLast15": 60,
        "lastTotalOver": 42,
        "last5": "1,4,1,7,3,6,4,3,3,5",
        "overOdds": "+130",
        "underOdds": "-160",
        "overUnder": "+130 / -160"
    },
    {
        "player": "Aleksander Barkov",
        "team": "FLA",
        "opponent": "TOR",
        "propType": "pts",
        "line": 1.5,
        "ppLine": "PP1",
        "avg": 1.1,
        "hit": false,
        "diffAvg": -0.27,
        "diffAbs": 0.2,
        "lastAvg": 1.14,
        "diff": -0.24,
        "avgMin": 21,
        "proj": 1.2,
        "lastAvgMin": 20.3,
        "oppOver": 0,
        "teamOver": 0,
        "gameLine": "+125",
        "+/-": "+4",
        "L5_+/-": -1.0,
        "prevMatchup": "2023-03-23 1.0 pts 2023-01-17 2.0 pts",
        "winLossSplits": "1.59 - 0.63",
        "awayHome": "A",
        "playedYesterday": "N",
        "awayHomeSplits": "0.83 - 1.35",
        "savesAboveExp": 0.388,
        "gsaa": 9.72,
        "corsi": "54.5% (66.4) // 59.4% (68.7) // 57.8% (66.2) // 55.0% (64.7)",
        "fenwick": "53.9% (50.0) // 57.3% (50.5) // 56.4% (49.2) // 53.8% (47.3)",
        "shots": "53.9% (36.6) // 57.5% (37.5) // 54.8% (34.4) // 51.8% (34.3)",
        "scoring": "54.9% (34.8) // 59.6% (34.4) // 56.3% (32.2) // 53.0% (29.7)",
        "corsiAgainst": "45.5% (55.4) // 40.6% (47.0) // 42.2% (48.4) // 45.0% (53.0)",
        "fenwickAgainst": "46.1% (42.8) // 42.7% (37.6) // 43.6% (38.0) // 46.2% (40.7)",
        "shotsAgainst": "46.1% (31.4) // 42.5% (27.8) // 45.2% (28.4) // 48.2% (32.0)",
        "scoringAgainst": "45.1% (28.6) // 40.4% (23.3) // 43.7% (25.0) // 47.0% (26.3)",
        "oppCorsi": "50.9% (57.4) // 47.8% (53.8) // 57.7% (65.2) // 57.6% (66.7)",
        "oppFenwick": "51.7% (43.7) // 47.7% (40.5) // 56.4% (48.2) // 57.0% (50.3)",
        "oppShots": "52.1% (31.6) // 47.9% (28.9) // 53.0% (33.0) // 54.4% (35.0)",
        "oppScoring": "54.0% (33.4) // 51.8% (30.4) // 63.3% (38.8) // 64.7% (41.0)",
        "oppCorsiAgainst": "49.1% (55.4) // 52.2% (58.7) // 42.3% (47.8) // 42.4% (49.0)",
        "oppFenwickAgainst": "48.3% (40.8) // 52.3% (44.4) // 43.6% (37.2) // 43.0% (38.0)",
        "oppShotsAgainst": "47.9% (29.0) // 52.1% (31.5) // 47.0% (29.2) // 45.6% (29.3)",
        "oppScoringAgainst": "46.0% (28.5) // 48.2% (28.3) // 36.7% (22.5) // 35.3% (22.3)",
        "savesPerGame": 28.2,
        "savesPerGameLast1": 22.0,
        "savesPerGameLast3": 27.0,
        "savesPerGameLast5": 23.8,
        "savesPer60": 28.0,
        "savesPer60Last1": 21.7,
        "savesPer60Last3": 26.4,
        "savesPer60Last5": 23.2,
        "shotsPerGame": 36.9,
        "shotsPerGameLast5": 34.4,
        "shotsAgainstPerGame": 31.6,
        "shotsAgainstPerGameLast5": 28.4,
        "oppSavesAgainstPer60": 28.2,
        "oppSavesAgainstPer60Last1": 31.0,
        "oppSavesAgainstPer60Last3": 31.4,
        "oppSavesAgainstPer60Last5": 28.8,
        "oppShotsAgainstPerGame": 29.3,
        "oppShotsAgainstPerGameLast5": 33.8,
        "savesProj": 30.0,
        "savesProjLast5": 25.0,
        "savesProjLast3": 30.9,
        "oppSavesAgainstProj": 28.5,
        "oppSavesAgainstProjLast5": 24.6,
        "oppSavesAgainstProjLast3": 29.4,
        "totalOver": 32,
        "totalOverLast5": 40,
        "totalOverLast15": 40,
        "lastTotalOver": 41,
        "last5": "0,2,1,2,1,2,2,2,1,1",
        "overOdds": "+150",
        "underOdds": "-185",
        "overUnder": "+150 / -185"
    },
    {
        "player": "Aleksander Barkov",
        "team": "FLA",
        "opponent": "TOR",
        "propType": "ast",
        "line": 0.5,
        "ppLine": "PP1",
        "avg": 0.77,
        "hit": false,
        "diffAvg": 0.54,
        "diffAbs": 0.4,
        "lastAvg": 0.64,
        "diff": 0.28,
        "avgMin": 21,
        "proj": 0.7,
        "lastAvgMin": 20.3,
        "oppOver": 0,
        "teamOver": 0,
        "gameLine": "+125",
        "+/-": "+4",
        "L5_+/-": -1.0,
        "prevMatchup": "2023-03-23 1.0 ast 2023-01-17 1.0 ast",
        "winLossSplits": "1.12 - 0.47",
        "awayHome": "A",
        "playedYesterday": "N",
        "awayHomeSplits": "0.66 - 0.87",
        "savesAboveExp": 0.388,
        "gsaa": 9.72,
        "corsi": "54.5% (66.4) // 59.4% (68.7) // 57.8% (66.2) // 55.0% (64.7)",
        "fenwick": "53.9% (50.0) // 57.3% (50.5) // 56.4% (49.2) // 53.8% (47.3)",
        "shots": "53.9% (36.6) // 57.5% (37.5) // 54.8% (34.4) // 51.8% (34.3)",
        "scoring": "54.9% (34.8) // 59.6% (34.4) // 56.3% (32.2) // 53.0% (29.7)",
        "corsiAgainst": "45.5% (55.4) // 40.6% (47.0) // 42.2% (48.4) // 45.0% (53.0)",
        "fenwickAgainst": "46.1% (42.8) // 42.7% (37.6) // 43.6% (38.0) // 46.2% (40.7)",
        "shotsAgainst": "46.1% (31.4) // 42.5% (27.8) // 45.2% (28.4) // 48.2% (32.0)",
        "scoringAgainst": "45.1% (28.6) // 40.4% (23.3) // 43.7% (25.0) // 47.0% (26.3)",
        "oppCorsi": "50.9% (57.4) // 47.8% (53.8) // 57.7% (65.2) // 57.6% (66.7)",
        "oppFenwick": "51.7% (43.7) // 47.7% (40.5) // 56.4% (48.2) // 57.0% (50.3)",
        "oppShots": "52.1% (31.6) // 47.9% (28.9) // 53.0% (33.0) // 54.4% (35.0)",
        "oppScoring": "54.0% (33.4) // 51.8% (30.4) // 63.3% (38.8) // 64.7% (41.0)",
        "oppCorsiAgainst": "49.1% (55.4) // 52.2% (58.7) // 42.3% (47.8) // 42.4% (49.0)",
        "oppFenwickAgainst": "48.3% (40.8) // 52.3% (44.4) // 43.6% (37.2) // 43.0% (38.0)",
        "oppShotsAgainst": "47.9% (29.0) // 52.1% (31.5) // 47.0% (29.2) // 45.6% (29.3)",
        "oppScoringAgainst": "46.0% (28.5) // 48.2% (28.3) // 36.7% (22.5) // 35.3% (22.3)",
        "savesPerGame": 28.2,
        "savesPerGameLast1": 22.0,
        "savesPerGameLast3": 27.0,
        "savesPerGameLast5": 23.8,
        "savesPer60": 28.0,
        "savesPer60Last1": 21.7,
        "savesPer60Last3": 26.4,
        "savesPer60Last5": 23.2,
        "shotsPerGame": 36.9,
        "shotsPerGameLast5": 34.4,
        "shotsAgainstPerGame": 31.6,
        "shotsAgainstPerGameLast5": 28.4,
        "oppSavesAgainstPer60": 28.2,
        "oppSavesAgainstPer60Last1": 31.0,
        "oppSavesAgainstPer60Last3": 31.4,
        "oppSavesAgainstPer60Last5": 28.8,
        "oppShotsAgainstPerGame": 29.3,
        "oppShotsAgainstPerGameLast5": 33.8,
        "savesProj": 30.0,
        "savesProjLast5": 25.0,
        "savesProjLast3": 30.9,
        "oppSavesAgainstProj": 28.5,
        "oppSavesAgainstProjLast5": 24.6,
        "oppSavesAgainstProjLast3": 29.4,
        "totalOver": 53,
        "totalOverLast5": 60,
        "totalOverLast15": 60,
        "lastTotalOver": 50,
        "last5": "0,0,1,2,1,1,2,2,1,0",
        "overOdds": "-155",
        "underOdds": "+125",
        "overUnder": "-155 / +125"
    },
    {
        "player": "Aleksander Barkov",
        "team": "FLA",
        "opponent": "TOR",
        "propType": "g",
        "line": 0.5,
        "ppLine": "PP1",
        "avg": 0.33,
        "hit": false,
        "diffAvg": -0.34,
        "diffAbs": 0.0,
        "lastAvg": 0.51,
        "diff": 0.02,
        "avgMin": 21,
        "proj": 0.5,
        "lastAvgMin": 20.3,
        "oppOver": 0,
        "teamOver": 0,
        "gameLine": "+125",
        "+/-": "+4",
        "L5_+/-": -1.0,
        "prevMatchup": "2023-03-23 0.0 g 2023-01-17 1.0 g",
        "winLossSplits": "0.47 - 0.16",
        "awayHome": "A",
        "playedYesterday": "N",
        "awayHomeSplits": "0.17 - 0.48",
        "savesAboveExp": 0.388,
        "gsaa": 9.72,
        "corsi": "54.5% (66.4) // 59.4% (68.7) // 57.8% (66.2) // 55.0% (64.7)",
        "fenwick": "53.9% (50.0) // 57.3% (50.5) // 56.4% (49.2) // 53.8% (47.3)",
        "shots": "53.9% (36.6) // 57.5% (37.5) // 54.8% (34.4) // 51.8% (34.3)",
        "scoring": "54.9% (34.8) // 59.6% (34.4) // 56.3% (32.2) // 53.0% (29.7)",
        "corsiAgainst": "45.5% (55.4) // 40.6% (47.0) // 42.2% (48.4) // 45.0% (53.0)",
        "fenwickAgainst": "46.1% (42.8) // 42.7% (37.6) // 43.6% (38.0) // 46.2% (40.7)",
        "shotsAgainst": "46.1% (31.4) // 42.5% (27.8) // 45.2% (28.4) // 48.2% (32.0)",
        "scoringAgainst": "45.1% (28.6) // 40.4% (23.3) // 43.7% (25.0) // 47.0% (26.3)",
        "oppCorsi": "50.9% (57.4) // 47.8% (53.8) // 57.7% (65.2) // 57.6% (66.7)",
        "oppFenwick": "51.7% (43.7) // 47.7% (40.5) // 56.4% (48.2) // 57.0% (50.3)",
        "oppShots": "52.1% (31.6) // 47.9% (28.9) // 53.0% (33.0) // 54.4% (35.0)",
        "oppScoring": "54.0% (33.4) // 51.8% (30.4) // 63.3% (38.8) // 64.7% (41.0)",
        "oppCorsiAgainst": "49.1% (55.4) // 52.2% (58.7) // 42.3% (47.8) // 42.4% (49.0)",
        "oppFenwickAgainst": "48.3% (40.8) // 52.3% (44.4) // 43.6% (37.2) // 43.0% (38.0)",
        "oppShotsAgainst": "47.9% (29.0) // 52.1% (31.5) // 47.0% (29.2) // 45.6% (29.3)",
        "oppScoringAgainst": "46.0% (28.5) // 48.2% (28.3) // 36.7% (22.5) // 35.3% (22.3)",
        "savesPerGame": 28.2,
        "savesPerGameLast1": 22.0,
        "savesPerGameLast3": 27.0,
        "savesPerGameLast5": 23.8,
        "savesPer60": 28.0,
        "savesPer60Last1": 21.7,
        "savesPer60Last3": 26.4,
        "savesPer60Last5": 23.2,
        "shotsPerGame": 36.9,
        "shotsPerGameLast5": 34.4,
        "shotsAgainstPerGame": 31.6,
        "shotsAgainstPerGameLast5": 28.4,
        "oppSavesAgainstPer60": 28.2,
        "oppSavesAgainstPer60Last1": 31.0,
        "oppSavesAgainstPer60Last3": 31.4,
        "oppSavesAgainstPer60Last5": 28.8,
        "oppShotsAgainstPerGame": 29.3,
        "oppShotsAgainstPerGameLast5": 33.8,
        "savesProj": 30.0,
        "savesProjLast5": 25.0,
        "savesProjLast3": 30.9,
        "oppSavesAgainstProj": 28.5,
        "oppSavesAgainstProjLast5": 24.6,
        "oppSavesAgainstProjLast3": 29.4,
        "totalOver": 28,
        "totalOverLast5": 20,
        "totalOverLast15": 27,
        "lastTotalOver": 42,
        "last5": "0,2,0,0,0,1,0,0,0,1",
        "overOdds": "+170",
        "underOdds": "0",
        "overUnder": "+170 / 0"
    },
    {
        "player": "Auston Matthews",
        "team": "TOR",
        "opponent": "FLA",
        "propType": "sog",
        "line": 4.5,
        "ppLine": "PP1",
        "avg": 4.39,
        "hit": false,
        "diffAvg": -0.02,
        "diffAbs": 0.07,
        "lastAvg": 4.3,
        "diff": -0.04,
        "avgMin": 20,
        "proj": 4.2,
        "lastAvgMin": 20.6,
        "oppOver": 0,
        "teamOver": 0,
        "gameLine": "-145",
        "+/-": "+31",
        "L5_+/-": "+9.0",
        "prevMatchup": "2023-03-23 4.0 sog 2023-01-17 5.0 sog",
        "winLossSplits": "4.4 - 4.33",
        "awayHome": "H",
        "playedYesterday": "N",
        "awayHomeSplits": "4.44 - 4.34",
        "savesAboveExp": -0.102,
        "gsaa": -4.33,
        "corsi": "50.9% (57.4) // 47.8% (53.8) // 57.7% (65.2) // 57.6% (66.7)",
        "fenwick": "51.7% (43.7) // 47.7% (40.5) // 56.4% (48.2) // 57.0% (50.3)",
        "shots": "52.1% (31.6) // 47.9% (28.9) // 53.0% (33.0) // 54.4% (35.0)",
        "scoring": "54.0% (33.4) // 51.8% (30.4) // 63.3% (38.8) // 64.7% (41.0)",
        "corsiAgainst": "49.1% (55.4) // 52.2% (58.7) // 42.3% (47.8) // 42.4% (49.0)",
        "fenwickAgainst": "48.3% (40.8) // 52.3% (44.4) // 43.6% (37.2) // 43.0% (38.0)",
        "shotsAgainst": "47.9% (29.0) // 52.1% (31.5) // 47.0% (29.2) // 45.6% (29.3)",
        "scoringAgainst": "46.0% (28.5) // 48.2% (28.3) // 36.7% (22.5) // 35.3% (22.3)",
        "oppCorsi": "54.5% (66.4) // 59.4% (68.7) // 57.8% (66.2) // 55.0% (64.7)",
        "oppFenwick": "53.9% (50.0) // 57.3% (50.5) // 56.4% (49.2) // 53.8% (47.3)",
        "oppShots": "53.9% (36.6) // 57.5% (37.5) // 54.8% (34.4) // 51.8% (34.3)",
        "oppScoring": "54.9% (34.8) // 59.6% (34.4) // 56.3% (32.2) // 53.0% (29.7)",
        "oppCorsiAgainst": "45.5% (55.4) // 40.6% (47.0) // 42.2% (48.4) // 45.0% (53.0)",
        "oppFenwickAgainst": "46.1% (42.8) // 42.7% (37.6) // 43.6% (38.0) // 46.2% (40.7)",
        "oppShotsAgainst": "46.1% (31.4) // 42.5% (27.8) // 45.2% (28.4) // 48.2% (32.0)",
        "oppScoringAgainst": "45.1% (28.6) // 40.4% (23.3) // 43.7% (25.0) // 47.0% (26.3)",
        "savesPerGame": 26.5,
        "savesPerGameLast1": 23.0,
        "savesPerGameLast3": 26.3,
        "savesPerGameLast5": 29.8,
        "savesPer60": 26.5,
        "savesPer60Last1": 23.0,
        "savesPer60Last3": 26.1,
        "savesPer60Last5": 30.1,
        "shotsPerGame": 31.8,
        "shotsPerGameLast5": 32.2,
        "shotsAgainstPerGame": 29.3,
        "shotsAgainstPerGameLast5": 33.8,
        "oppSavesAgainstPer60": 33.3,
        "oppSavesAgainstPer60Last1": 32.9,
        "oppSavesAgainstPer60Last3": 31.8,
        "oppSavesAgainstPer60Last5": 31.3,
        "oppShotsAgainstPerGame": 31.6,
        "oppShotsAgainstPerGameLast5": 28.4,
        "savesProj": 31.7,
        "savesProjLast5": 33.7,
        "savesProjLast3": 29.8,
        "oppSavesAgainstProj": 31.4,
        "oppSavesAgainstProjLast5": 31.1,
        "oppSavesAgainstProjLast3": 27.2,
        "totalOver": 44,
        "totalOverLast5": 40,
        "totalOverLast15": 53,
        "lastTotalOver": 41,
        "last5": "5,15,4,3,4,5,5,5,8,4",
        "overOdds": "-110",
        "underOdds": "-120",
        "overUnder": "-110 / -120"
    },
    {
        "player": "Auston Matthews",
        "team": "TOR",
        "opponent": "FLA",
        "propType": "pts",
        "line": 1.5,
        "ppLine": "PP1",
        "avg": 1.17,
        "hit": false,
        "diffAvg": -0.22,
        "diffAbs": 0.13,
        "lastAvg": 1.31,
        "diff": -0.13,
        "avgMin": 20,
        "proj": 1.3,
        "lastAvgMin": 20.6,
        "oppOver": 0,
        "teamOver": 0,
        "gameLine": "-145",
        "+/-": "+31",
        "L5_+/-": "+9.0",
        "prevMatchup": "2023-03-23 2.0 pts 2023-01-17 1.0 pts",
        "winLossSplits": "1.45 - 0.79",
        "awayHome": "H",
        "playedYesterday": "N",
        "awayHomeSplits": "1.12 - 1.22",
        "savesAboveExp": -0.102,
        "gsaa": -4.33,
        "corsi": "50.9% (57.4) // 47.8% (53.8) // 57.7% (65.2) // 57.6% (66.7)",
        "fenwick": "51.7% (43.7) // 47.7% (40.5) // 56.4% (48.2) // 57.0% (50.3)",
        "shots": "52.1% (31.6) // 47.9% (28.9) // 53.0% (33.0) // 54.4% (35.0)",
        "scoring": "54.0% (33.4) // 51.8% (30.4) // 63.3% (38.8) // 64.7% (41.0)",
        "corsiAgainst": "49.1% (55.4) // 52.2% (58.7) // 42.3% (47.8) // 42.4% (49.0)",
        "fenwickAgainst": "48.3% (40.8) // 52.3% (44.4) // 43.6% (37.2) // 43.0% (38.0)",
        "shotsAgainst": "47.9% (29.0) // 52.1% (31.5) // 47.0% (29.2) // 45.6% (29.3)",
        "scoringAgainst": "46.0% (28.5) // 48.2% (28.3) // 36.7% (22.5) // 35.3% (22.3)",
        "oppCorsi": "54.5% (66.4) // 59.4% (68.7) // 57.8% (66.2) // 55.0% (64.7)",
        "oppFenwick": "53.9% (50.0) // 57.3% (50.5) // 56.4% (49.2) // 53.8% (47.3)",
        "oppShots": "53.9% (36.6) // 57.5% (37.5) // 54.8% (34.4) // 51.8% (34.3)",
        "oppScoring": "54.9% (34.8) // 59.6% (34.4) // 56.3% (32.2) // 53.0% (29.7)",
        "oppCorsiAgainst": "45.5% (55.4) // 40.6% (47.0) // 42.2% (48.4) // 45.0% (53.0)",
        "oppFenwickAgainst": "46.1% (42.8) // 42.7% (37.6) // 43.6% (38.0) // 46.2% (40.7)",
        "oppShotsAgainst": "46.1% (31.4) // 42.5% (27.8) // 45.2% (28.4) // 48.2% (32.0)",
        "oppScoringAgainst": "45.1% (28.6) // 40.4% (23.3) // 43.7% (25.0) // 47.0% (26.3)",
        "savesPerGame": 26.5,
        "savesPerGameLast1": 23.0,
        "savesPerGameLast3": 26.3,
        "savesPerGameLast5": 29.8,
        "savesPer60": 26.5,
        "savesPer60Last1": 23.0,
        "savesPer60Last3": 26.1,
        "savesPer60Last5": 30.1,
        "shotsPerGame": 31.8,
        "shotsPerGameLast5": 32.2,
        "shotsAgainstPerGame": 29.3,
        "shotsAgainstPerGameLast5": 33.8,
        "oppSavesAgainstPer60": 33.3,
        "oppSavesAgainstPer60Last1": 32.9,
        "oppSavesAgainstPer60Last3": 31.8,
        "oppSavesAgainstPer60Last5": 31.3,
        "oppShotsAgainstPerGame": 31.6,
        "oppShotsAgainstPerGameLast5": 28.4,
        "savesProj": 31.7,
        "savesProjLast5": 33.7,
        "savesProjLast3": 29.8,
        "oppSavesAgainstProj": 31.4,
        "oppSavesAgainstProjLast5": 31.1,
        "oppSavesAgainstProjLast3": 27.2,
        "totalOver": 33,
        "totalOverLast5": 80,
        "totalOverLast15": 47,
        "lastTotalOver": 46,
        "last5": "2,2,2,1,2,1,0,3,2,1",
        "overOdds": "+125",
        "underOdds": "-155",
        "overUnder": "+125 / -155"
    },
    {
        "player": "Auston Matthews",
        "team": "TOR",
        "opponent": "FLA",
        "propType": "ast",
        "line": 0.5,
        "ppLine": "PP1",
        "avg": 0.62,
        "hit": false,
        "diffAvg": 0.24,
        "diffAbs": 0.2,
        "lastAvg": 0.57,
        "diff": 0.14,
        "avgMin": 20,
        "proj": 0.6,
        "lastAvgMin": 20.6,
        "oppOver": 0,
        "teamOver": 0,
        "gameLine": "-145",
        "+/-": "+31",
        "L5_+/-": "+9.0",
        "prevMatchup": "2023-03-23 0.0 ast 2023-01-17 0.0 ast",
        "winLossSplits": "0.76 - 0.42",
        "awayHome": "H",
        "playedYesterday": "N",
        "awayHomeSplits": "0.65 - 0.59",
        "savesAboveExp": -0.102,
        "gsaa": -4.33,
        "corsi": "50.9% (57.4) // 47.8% (53.8) // 57.7% (65.2) // 57.6% (66.7)",
        "fenwick": "51.7% (43.7) // 47.7% (40.5) // 56.4% (48.2) // 57.0% (50.3)",
        "shots": "52.1% (31.6) // 47.9% (28.9) // 53.0% (33.0) // 54.4% (35.0)",
        "scoring": "54.0% (33.4) // 51.8% (30.4) // 63.3% (38.8) // 64.7% (41.0)",
        "corsiAgainst": "49.1% (55.4) // 52.2% (58.7) // 42.3% (47.8) // 42.4% (49.0)",
        "fenwickAgainst": "48.3% (40.8) // 52.3% (44.4) // 43.6% (37.2) // 43.0% (38.0)",
        "shotsAgainst": "47.9% (29.0) // 52.1% (31.5) // 47.0% (29.2) // 45.6% (29.3)",
        "scoringAgainst": "46.0% (28.5) // 48.2% (28.3) // 36.7% (22.5) // 35.3% (22.3)",
        "oppCorsi": "54.5% (66.4) // 59.4% (68.7) // 57.8% (66.2) // 55.0% (64.7)",
        "oppFenwick": "53.9% (50.0) // 57.3% (50.5) // 56.4% (49.2) // 53.8% (47.3)",
        "oppShots": "53.9% (36.6) // 57.5% (37.5) // 54.8% (34.4) // 51.8% (34.3)",
        "oppScoring": "54.9% (34.8) // 59.6% (34.4) // 56.3% (32.2) // 53.0% (29.7)",
        "oppCorsiAgainst": "45.5% (55.4) // 40.6% (47.0) // 42.2% (48.4) // 45.0% (53.0)",
        "oppFenwickAgainst": "46.1% (42.8) // 42.7% (37.6) // 43.6% (38.0) // 46.2% (40.7)",
        "oppShotsAgainst": "46.1% (31.4) // 42.5% (27.8) // 45.2% (28.4) // 48.2% (32.0)",
        "oppScoringAgainst": "45.1% (28.6) // 40.4% (23.3) // 43.7% (25.0) // 47.0% (26.3)",
        "savesPerGame": 26.5,
        "savesPerGameLast1": 23.0,
        "savesPerGameLast3": 26.3,
        "savesPerGameLast5": 29.8,
        "savesPer60": 26.5,
        "savesPer60Last1": 23.0,
        "savesPer60Last3": 26.1,
        "savesPer60Last5": 30.1,
        "shotsPerGame": 31.8,
        "shotsPerGameLast5": 32.2,
        "shotsAgainstPerGame": 29.3,
        "shotsAgainstPerGameLast5": 33.8,
        "oppSavesAgainstPer60": 33.3,
        "oppSavesAgainstPer60Last1": 32.9,
        "oppSavesAgainstPer60Last3": 31.8,
        "oppSavesAgainstPer60Last5": 31.3,
        "oppShotsAgainstPerGame": 31.6,
        "oppShotsAgainstPerGameLast5": 28.4,
        "savesProj": 31.7,
        "savesProjLast5": 33.7,
        "savesProjLast3": 29.8,
        "oppSavesAgainstProj": 31.4,
        "oppSavesAgainstProjLast5": 31.1,
        "oppSavesAgainstProjLast3": 27.2,
        "totalOver": 48,
        "totalOverLast5": 60,
        "totalOverLast15": 47,
        "lastTotalOver": 47,
        "last5": "2,0,0,1,2,0,0,2,1,0",
        "overOdds": "-130",
        "underOdds": "+100",
        "overUnder": "-130 / +100"
    },
    {
        "player": "Auston Matthews",
        "team": "TOR",
        "opponent": "FLA",
        "propType": "g",
        "line": 0.5,
        "ppLine": "PP1",
        "avg": 0.55,
        "hit": false,
        "diffAvg": 0.1,
        "diffAbs": 0.4,
        "lastAvg": 0.74,
        "diff": 0.48,
        "avgMin": 20,
        "proj": 0.7,
        "lastAvgMin": 20.6,
        "oppOver": 0,
        "teamOver": 0,
        "gameLine": "-145",
        "+/-": "+31",
        "L5_+/-": "+9.0",
        "prevMatchup": "2023-03-23 2.0 g 2023-01-17 1.0 g",
        "winLossSplits": "0.69 - 0.37",
        "awayHome": "H",
        "playedYesterday": "N",
        "awayHomeSplits": "0.47 - 0.62",
        "savesAboveExp": -0.102,
        "gsaa": -4.33,
        "corsi": "50.9% (57.4) // 47.8% (53.8) // 57.7% (65.2) // 57.6% (66.7)",
        "fenwick": "51.7% (43.7) // 47.7% (40.5) // 56.4% (48.2) // 57.0% (50.3)",
        "shots": "52.1% (31.6) // 47.9% (28.9) // 53.0% (33.0) // 54.4% (35.0)",
        "scoring": "54.0% (33.4) // 51.8% (30.4) // 63.3% (38.8) // 64.7% (41.0)",
        "corsiAgainst": "49.1% (55.4) // 52.2% (58.7) // 42.3% (47.8) // 42.4% (49.0)",
        "fenwickAgainst": "48.3% (40.8) // 52.3% (44.4) // 43.6% (37.2) // 43.0% (38.0)",
        "shotsAgainst": "47.9% (29.0) // 52.1% (31.5) // 47.0% (29.2) // 45.6% (29.3)",
        "scoringAgainst": "46.0% (28.5) // 48.2% (28.3) // 36.7% (22.5) // 35.3% (22.3)",
        "oppCorsi": "54.5% (66.4) // 59.4% (68.7) // 57.8% (66.2) // 55.0% (64.7)",
        "oppFenwick": "53.9% (50.0) // 57.3% (50.5) // 56.4% (49.2) // 53.8% (47.3)",
        "oppShots": "53.9% (36.6) // 57.5% (37.5) // 54.8% (34.4) // 51.8% (34.3)",
        "oppScoring": "54.9% (34.8) // 59.6% (34.4) // 56.3% (32.2) // 53.0% (29.7)",
        "oppCorsiAgainst": "45.5% (55.4) // 40.6% (47.0) // 42.2% (48.4) // 45.0% (53.0)",
        "oppFenwickAgainst": "46.1% (42.8) // 42.7% (37.6) // 43.6% (38.0) // 46.2% (40.7)",
        "oppShotsAgainst": "46.1% (31.4) // 42.5% (27.8) // 45.2% (28.4) // 48.2% (32.0)",
        "oppScoringAgainst": "45.1% (28.6) // 40.4% (23.3) // 43.7% (25.0) // 47.0% (26.3)",
        "savesPerGame": 26.5,
        "savesPerGameLast1": 23.0,
        "savesPerGameLast3": 26.3,
        "savesPerGameLast5": 29.8,
        "savesPer60": 26.5,
        "savesPer60Last1": 23.0,
        "savesPer60Last3": 26.1,
        "savesPer60Last5": 30.1,
        "shotsPerGame": 31.8,
        "shotsPerGameLast5": 32.2,
        "shotsAgainstPerGame": 29.3,
        "shotsAgainstPerGameLast5": 33.8,
        "oppSavesAgainstPer60": 33.3,
        "oppSavesAgainstPer60Last1": 32.9,
        "oppSavesAgainstPer60Last3": 31.8,
        "oppSavesAgainstPer60Last5": 31.3,
        "oppShotsAgainstPerGame": 31.6,
        "oppShotsAgainstPerGameLast5": 28.4,
        "savesProj": 31.7,
        "savesProjLast5": 33.7,
        "savesProjLast3": 29.8,
        "oppSavesAgainstProj": 31.4,
        "oppSavesAgainstProjLast5": 31.1,
        "oppSavesAgainstProjLast3": 27.2,
        "totalOver": 47,
        "totalOverLast5": 40,
        "totalOverLast15": 47,
        "lastTotalOver": 54,
        "last5": "0,2,2,0,0,1,0,1,1,1",
        "overOdds": "-135",
        "underOdds": "0",
        "overUnder": "-135 / 0"
    },
    {
        "player": "Brandon Montour",
        "team": "FLA",
        "opponent": "TOR",
        "propType": "sog",
        "line": 2.5,
        "ppLine": "PP1",
        "avg": 3.01,
        "hit": false,
        "diffAvg": 0.2,
        "diffAbs": 0.08,
        "lastAvg": 1.68,
        "diff": -0.33,
        "avgMin": 24,
        "proj": 2.3,
        "lastAvgMin": 17.88,
        "oppOver": 0,
        "teamOver": 0,
        "gameLine": "+125",
        "+/-": "+4",
        "L5_+/-": -1.0,
        "prevMatchup": "2023-03-23 4.0 sog 2023-01-17 1.0 sog",
        "winLossSplits": "3.01 - 2.99",
        "awayHome": "A",
        "playedYesterday": "N",
        "awayHomeSplits": "3.03 - 3.0",
        "savesAboveExp": 0.388,
        "gsaa": 9.72,
