[
    {
        "player": "Alex Tuch",
        "team": "BUF",
        "opponent": "BOS",
        "propType": "sog",
        "line": 2.5,
        "ppLine": "",
        "avg": 2.88,
        "hit": false,
        "diffAvg": 0.15,
        "diffAbs": 0.16,
        "lastAvg": 2.78,
        "diff": 0.11,
        "avgMin": 19,
        "proj": 2.9,
        "lastAvgMin": 18.4,
        "oppOver": 0,
        "teamOver": 0,
        "gameLine": "+160",
        "+/-": "+10",
        "L5_+/-": 0.0,
        "prevMatchup": "2022-12-31 2.0 sog, 2022-11-12 2.0 sog",
        "winLossSplits": "3.19 - 2.57",
        "awayHome": "H",
        "playedYesterday": "N",
        "awayHomeSplits": "2.78 - 3.0",
        "savesAboveExp": 0.892,
        "gsaa": 37.45,
        "corsi": "51.1% (57.8) // 50.6% (58.8) // 51.0% (57.1) // 52.8% (58.7)",
        "fenwick": "49.6% (43.5) // 48.7% (43.8) // 50.2% (42.6) // 53.1% (44.1)",
        "shots": "49.3% (32.0) // 47.6% (31.7) // 48.8% (30.5) // 51.4% (30.5)",
        "scoring": "50.0% (30.7) // 49.0% (30.0) // 47.4% (26.4) // 51.8% (27.9)",
        "corsiAgainst": "48.9% (55.3) // 49.4% (57.4) // 49.0% (54.7) // 47.2% (52.5)",
        "fenwickAgainst": "50.4% (44.2) // 51.3% (46.2) // 49.8% (42.2) // 46.9% (38.9)",
        "shotsAgainst": "50.7% (33.0) // 52.4% (35.0) // 51.2% (32.0) // 48.6% (28.9)",
        "scoringAgainst": "50.0% (30.7) // 51.0% (31.2) // 52.6% (29.3) // 48.2% (25.9)",
        "oppCorsi": "51.5% (58.2) // 51.9% (58.2) // 55.1% (62.3) // 51.3% (59.0)",
        "oppFenwick": "52.0% (43.9) // 50.8% (42.7) // 53.8% (45.8) // 52.8% (47.3)",
        "oppShots": "52.7% (32.6) // 50.6% (31.4) // 53.7% (33.8) // 52.0% (34.7)",
        "oppScoring": "53.0% (32.2) // 53.3% (34.0) // 56.3% (35.0) // 51.6% (31.7)",
        "oppCorsiAgainst": "48.5% (54.7) // 48.1% (54.1) // 44.9% (50.8) // 48.7% (56.0)",
        "oppFenwickAgainst": "48.0% (40.6) // 49.2% (41.3) // 46.2% (39.3) // 47.2% (42.3)",
        "oppShotsAgainst": "47.3% (29.3) // 49.4% (30.6) // 46.3% (29.2) // 48.0% (32.0)",
        "oppScoringAgainst": "47.0% (28.6) // 46.7% (29.8) // 43.7% (27.2) // 48.4% (29.7)",
        "savesPerGame": 29.6,
        "savesPerGameLast1": 17.0,
        "savesPerGameLast3": 25.7,
        "savesPerGameLast5": 28.0,
        "savesPer60": 29.7,
        "savesPer60Last1": 17.0,
        "savesPer60Last3": 26.4,
        "savesPer60Last5": 28.7,
        "shotsPerGame": 32.3,
        "shotsPerGameLast5": 31.2,
        "shotsAgainstPerGame": 33.2,
        "shotsAgainstPerGameLast5": 32.8,
        "oppSavesAgainstPer60": 29.2,
        "oppSavesAgainstPer60Last1": 33.0,
        "oppSavesAgainstPer60Last3": 31.8,
        "oppSavesAgainstPer60Last5": 31.9,
        "oppShotsAgainstPerGame": 29.6,
        "oppShotsAgainstPerGameLast5": 30.6,
        "savesProj": 31.5,
        "savesProjLast5": 32.9,
        "savesProjLast3": 29.6,
        "oppSavesAgainstProj": 30.5,
        "oppSavesAgainstProjLast5": 31.6,
        "oppSavesAgainstProjLast3": 29.2,
        "totalOver": 65,
        "totalOverLast5": 60,
        "lastTotalOver": 58,
        "last5": "1,3,5,5,0,2,3,2,3,0",
        "overOdds": "-140",
        "underOdds": "+100",
        "overUnder": "-140 / +100"
    },
    {
        "player": "Alex Tuch",
        "team": "BUF",
        "opponent": "BOS",
        "propType": "pts",
        "line": 0.5,
        "ppLine": "",
        "avg": 1.07,
        "hit": false,
        "diffAvg": 1.14,
        "diffAbs": 0.6,
        "lastAvg": 0.76,
        "diff": 0.52,
        "avgMin": 19,
        "proj": 0.8,
        "lastAvgMin": 18.4,
        "oppOver": 0,
        "teamOver": 0,
        "gameLine": "+160",
        "+/-": "+10",
        "L5_+/-": 0.0,
        "prevMatchup": "2022-12-31 4.0 pts, 2022-11-12 0.0 pts",
        "winLossSplits": "1.58 - 0.6",
        "awayHome": "H",
        "playedYesterday": "N",
        "awayHomeSplits": "1.22 - 0.89",
        "savesAboveExp": 0.892,
        "gsaa": 37.45,
        "corsi": "51.1% (57.8) // 50.6% (58.8) // 51.0% (57.1) // 52.8% (58.7)",
        "fenwick": "49.6% (43.5) // 48.7% (43.8) // 50.2% (42.6) // 53.1% (44.1)",
        "shots": "49.3% (32.0) // 47.6% (31.7) // 48.8% (30.5) // 51.4% (30.5)",
        "scoring": "50.0% (30.7) // 49.0% (30.0) // 47.4% (26.4) // 51.8% (27.9)",
        "corsiAgainst": "48.9% (55.3) // 49.4% (57.4) // 49.0% (54.7) // 47.2% (52.5)",
        "fenwickAgainst": "50.4% (44.2) // 51.3% (46.2) // 49.8% (42.2) // 46.9% (38.9)",
        "shotsAgainst": "50.7% (33.0) // 52.4% (35.0) // 51.2% (32.0) // 48.6% (28.9)",
        "scoringAgainst": "50.0% (30.7) // 51.0% (31.2) // 52.6% (29.3) // 48.2% (25.9)",
        "oppCorsi": "51.5% (58.2) // 51.9% (58.2) // 55.1% (62.3) // 51.3% (59.0)",
        "oppFenwick": "52.0% (43.9) // 50.8% (42.7) // 53.8% (45.8) // 52.8% (47.3)",
        "oppShots": "52.7% (32.6) // 50.6% (31.4) // 53.7% (33.8) // 52.0% (34.7)",
        "oppScoring": "53.0% (32.2) // 53.3% (34.0) // 56.3% (35.0) // 51.6% (31.7)",
        "oppCorsiAgainst": "48.5% (54.7) // 48.1% (54.1) // 44.9% (50.8) // 48.7% (56.0)",
        "oppFenwickAgainst": "48.0% (40.6) // 49.2% (41.3) // 46.2% (39.3) // 47.2% (42.3)",
        "oppShotsAgainst": "47.3% (29.3) // 49.4% (30.6) // 46.3% (29.2) // 48.0% (32.0)",
        "oppScoringAgainst": "47.0% (28.6) // 46.7% (29.8) // 43.7% (27.2) // 48.4% (29.7)",
        "savesPerGame": 29.6,
        "savesPerGameLast1": 17.0,
        "savesPerGameLast3": 25.7,
        "savesPerGameLast5": 28.0,
        "savesPer60": 29.7,
        "savesPer60Last1": 17.0,
        "savesPer60Last3": 26.4,
        "savesPer60Last5": 28.7,
        "shotsPerGame": 32.3,
        "shotsPerGameLast5": 31.2,
        "shotsAgainstPerGame": 33.2,
        "shotsAgainstPerGameLast5": 32.8,
        "oppSavesAgainstPer60": 29.2,
        "oppSavesAgainstPer60Last1": 33.0,
        "oppSavesAgainstPer60Last3": 31.8,
        "oppSavesAgainstPer60Last5": 31.9,
        "oppShotsAgainstPerGame": 29.6,
        "oppShotsAgainstPerGameLast5": 30.6,
        "savesProj": 31.5,
        "savesProjLast5": 32.9,
        "savesProjLast3": 29.6,
        "oppSavesAgainstProj": 30.5,
        "oppSavesAgainstProjLast5": 31.6,
        "oppSavesAgainstProjLast3": 29.2,
        "totalOver": 63,
        "totalOverLast5": 40,
        "lastTotalOver": 54,
        "last5": "0,0,2,1,0,2,2,2,0,0",
        "overOdds": "-160",
        "underOdds": "+120",
        "overUnder": "-160 / +120"
    },
    {
        "player": "Alex Tuch",
        "team": "BUF",
        "opponent": "BOS",
        "propType": "ast",
        "line": 0.5,
        "ppLine": "",
        "avg": 0.57,
        "hit": false,
        "diffAvg": 0.14,
        "diffAbs": 0.0,
        "lastAvg": 0.52,
        "diff": 0.04,
        "avgMin": 19,
        "proj": 0.5,
        "lastAvgMin": 18.4,
        "oppOver": 0,
        "teamOver": 0,
        "gameLine": "+160",
        "+/-": "+10",
        "L5_+/-": 0.0,
        "prevMatchup": "2022-12-31 2.0 ast, 2022-11-12 0.0 ast",
        "winLossSplits": "0.87 - 0.3",
        "awayHome": "H",
        "playedYesterday": "N",
        "awayHomeSplits": "0.66 - 0.46",
        "savesAboveExp": 0.892,
        "gsaa": 37.45,
        "corsi": "51.1% (57.8) // 50.6% (58.8) // 51.0% (57.1) // 52.8% (58.7)",
        "fenwick": "49.6% (43.5) // 48.7% (43.8) // 50.2% (42.6) // 53.1% (44.1)",
        "shots": "49.3% (32.0) // 47.6% (31.7) // 48.8% (30.5) // 51.4% (30.5)",
        "scoring": "50.0% (30.7) // 49.0% (30.0) // 47.4% (26.4) // 51.8% (27.9)",
        "corsiAgainst": "48.9% (55.3) // 49.4% (57.4) // 49.0% (54.7) // 47.2% (52.5)",
        "fenwickAgainst": "50.4% (44.2) // 51.3% (46.2) // 49.8% (42.2) // 46.9% (38.9)",
        "shotsAgainst": "50.7% (33.0) // 52.4% (35.0) // 51.2% (32.0) // 48.6% (28.9)",
        "scoringAgainst": "50.0% (30.7) // 51.0% (31.2) // 52.6% (29.3) // 48.2% (25.9)",
        "oppCorsi": "51.5% (58.2) // 51.9% (58.2) // 55.1% (62.3) // 51.3% (59.0)",
        "oppFenwick": "52.0% (43.9) // 50.8% (42.7) // 53.8% (45.8) // 52.8% (47.3)",
        "oppShots": "52.7% (32.6) // 50.6% (31.4) // 53.7% (33.8) // 52.0% (34.7)",
        "oppScoring": "53.0% (32.2) // 53.3% (34.0) // 56.3% (35.0) // 51.6% (31.7)",
        "oppCorsiAgainst": "48.5% (54.7) // 48.1% (54.1) // 44.9% (50.8) // 48.7% (56.0)",
        "oppFenwickAgainst": "48.0% (40.6) // 49.2% (41.3) // 46.2% (39.3) // 47.2% (42.3)",
        "oppShotsAgainst": "47.3% (29.3) // 49.4% (30.6) // 46.3% (29.2) // 48.0% (32.0)",
        "oppScoringAgainst": "47.0% (28.6) // 46.7% (29.8) // 43.7% (27.2) // 48.4% (29.7)",
        "savesPerGame": 29.6,
        "savesPerGameLast1": 17.0,
        "savesPerGameLast3": 25.7,
        "savesPerGameLast5": 28.0,
        "savesPer60": 29.7,
        "savesPer60Last1": 17.0,
        "savesPer60Last3": 26.4,
        "savesPer60Last5": 28.7,
        "shotsPerGame": 32.3,
        "shotsPerGameLast5": 31.2,
        "shotsAgainstPerGame": 33.2,
        "shotsAgainstPerGameLast5": 32.8,
        "oppSavesAgainstPer60": 29.2,
        "oppSavesAgainstPer60Last1": 33.0,
        "oppSavesAgainstPer60Last3": 31.8,
        "oppSavesAgainstPer60Last5": 31.9,
        "oppShotsAgainstPerGame": 29.6,
        "oppShotsAgainstPerGameLast5": 30.6,
        "savesProj": 31.5,
        "savesProjLast5": 32.9,
        "savesProjLast3": 29.6,
        "oppSavesAgainstProj": 30.5,
        "oppSavesAgainstProjLast5": 31.6,
        "oppSavesAgainstProjLast3": 29.2,
        "totalOver": 40,
        "totalOverLast5": 0,
        "lastTotalOver": 42,
        "last5": "0,0,0,0,0,1,1,1,0,0",
        "overOdds": "+140",
        "underOdds": "-180",
        "overUnder": "+140 / -180"
    },
    {
        "player": "Brad Marchand",
        "team": "BOS",
        "opponent": "BUF",
        "propType": "sog",
        "line": 2.5,
        "ppLine": "PP1",
        "avg": 2.62,
        "hit": false,
        "diffAvg": 0.05,
        "diffAbs": 0.16,
        "lastAvg": 3.14,
        "diff": 0.26,
        "avgMin": 18,
        "proj": 2.9,
        "lastAvgMin": 19.25,
        "oppOver": 0,
        "teamOver": 0,
        "gameLine": "-190",
        "+/-": "+23",
        "L5_+/-": -1.0,
        "prevMatchup": "2023-03-02 2.0 sog, 2022-12-31 6.0 sog, 2022-11-12 3.0 sog",
        "winLossSplits": "2.23 - 3.38",
        "awayHome": "A",
        "playedYesterday": "Y",
        "awayHomeSplits": "2.94 - 2.25",
        "savesAboveExp": "-",
        "gsaa": "-",
        "corsi": "51.5% (58.2) // 51.9% (58.2) // 55.1% (62.3) // 51.3% (59.0)",
        "fenwick": "52.0% (43.9) // 50.8% (42.7) // 53.8% (45.8) // 52.8% (47.3)",
        "shots": "52.7% (32.6) // 50.6% (31.4) // 53.7% (33.8) // 52.0% (34.7)",
        "scoring": "53.0% (32.2) // 53.3% (34.0) // 56.3% (35.0) // 51.6% (31.7)",
        "corsiAgainst": "48.5% (54.7) // 48.1% (54.1) // 44.9% (50.8) // 48.7% (56.0)",
        "fenwickAgainst": "48.0% (40.6) // 49.2% (41.3) // 46.2% (39.3) // 47.2% (42.3)",
        "shotsAgainst": "47.3% (29.3) // 49.4% (30.6) // 46.3% (29.2) // 48.0% (32.0)",
        "scoringAgainst": "47.0% (28.6) // 46.7% (29.8) // 43.7% (27.2) // 48.4% (29.7)",
        "oppCorsi": "51.1% (57.8) // 50.6% (58.8) // 51.0% (57.1) // 52.8% (58.7)",
        "oppFenwick": "49.6% (43.5) // 48.7% (43.8) // 50.2% (42.6) // 53.1% (44.1)",
        "oppShots": "49.3% (32.0) // 47.6% (31.7) // 48.8% (30.5) // 51.4% (30.5)",
        "oppScoring": "50.0% (30.7) // 49.0% (30.0) // 47.4% (26.4) // 51.8% (27.9)",
        "oppCorsiAgainst": "48.9% (55.3) // 49.4% (57.4) // 49.0% (54.7) // 47.2% (52.5)",
        "oppFenwickAgainst": "50.4% (44.2) // 51.3% (46.2) // 49.8% (42.2) // 46.9% (38.9)",
        "oppShotsAgainst": "50.7% (33.0) // 52.4% (35.0) // 51.2% (32.0) // 48.6% (28.9)",
        "oppScoringAgainst": "50.0% (30.7) // 51.0% (31.2) // 52.6% (29.3) // 48.2% (25.9)",
        "savesPerGame": 27.5,
        "savesPerGameLast1": 29.0,
        "savesPerGameLast3": 29.3,
        "savesPerGameLast5": 27.6,
        "savesPer60": 27.6,
        "savesPer60Last1": 29.0,
        "savesPer60Last3": 29.2,
        "savesPer60Last5": 27.4,
        "shotsPerGame": 33.0,
        "shotsPerGameLast5": 35.0,
        "shotsAgainstPerGame": 29.6,
        "shotsAgainstPerGameLast5": 30.6,
        "oppSavesAgainstPer60": 28.7,
        "oppSavesAgainstPer60Last1": 36.0,
        "oppSavesAgainstPer60Last3": 27.8,
        "oppSavesAgainstPer60Last5": 28.1,
        "oppShotsAgainstPerGame": 33.2,
        "oppShotsAgainstPerGameLast5": 32.8,
        "savesProj": 26.7,
        "savesProjLast5": 26.0,
        "savesProjLast3": 27.5,
        "oppSavesAgainstProj": 27.6,
        "oppSavesAgainstProjLast5": 29.3,
        "oppSavesAgainstProjLast3": 30.4,
        "totalOver": 45,
        "totalOverLast5": 40,
        "lastTotalOver": 61,
        "last5": "1,1,6,4,0,3,2,2,1,2",
        "overOdds": "-110",
        "underOdds": "-130",
        "overUnder": "-110 / -130"
    },
    {
        "player": "Brad Marchand",
        "team": "BOS",
        "opponent": "BUF",
        "propType": "pts",
        "line": 0.5,
        "ppLine": "PP1",
        "avg": 0.98,
        "hit": false,
        "diffAvg": 0.96,
        "diffAbs": 1.0,
        "lastAvg": 1.04,
        "diff": 1.08,
        "avgMin": 18,
        "proj": 1.0,
        "lastAvgMin": 19.25,
        "oppOver": 0,
        "teamOver": 0,
        "gameLine": "-190",
        "+/-": "+23",
        "L5_+/-": -1.0,
        "prevMatchup": "2023-03-02 0.0 pts, 2022-12-31 2.0 pts, 2022-11-12 2.0 pts",
        "winLossSplits": "1.09 - 0.62",
        "awayHome": "A",
        "playedYesterday": "Y",
        "awayHomeSplits": "0.88 - 1.11",
        "savesAboveExp": "-",
        "gsaa": "-",
        "corsi": "51.5% (58.2) // 51.9% (58.2) // 55.1% (62.3) // 51.3% (59.0)",
        "fenwick": "52.0% (43.9) // 50.8% (42.7) // 53.8% (45.8) // 52.8% (47.3)",
        "shots": "52.7% (32.6) // 50.6% (31.4) // 53.7% (33.8) // 52.0% (34.7)",
        "scoring": "53.0% (32.2) // 53.3% (34.0) // 56.3% (35.0) // 51.6% (31.7)",
        "corsiAgainst": "48.5% (54.7) // 48.1% (54.1) // 44.9% (50.8) // 48.7% (56.0)",
        "fenwickAgainst": "48.0% (40.6) // 49.2% (41.3) // 46.2% (39.3) // 47.2% (42.3)",
        "shotsAgainst": "47.3% (29.3) // 49.4% (30.6) // 46.3% (29.2) // 48.0% (32.0)",
        "scoringAgainst": "47.0% (28.6) // 46.7% (29.8) // 43.7% (27.2) // 48.4% (29.7)",
        "oppCorsi": "51.1% (57.8) // 50.6% (58.8) // 51.0% (57.1) // 52.8% (58.7)",
        "oppFenwick": "49.6% (43.5) // 48.7% (43.8) // 50.2% (42.6) // 53.1% (44.1)",
        "oppShots": "49.3% (32.0) // 47.6% (31.7) // 48.8% (30.5) // 51.4% (30.5)",
        "oppScoring": "50.0% (30.7) // 49.0% (30.0) // 47.4% (26.4) // 51.8% (27.9)",
        "oppCorsiAgainst": "48.9% (55.3) // 49.4% (57.4) // 49.0% (54.7) // 47.2% (52.5)",
        "oppFenwickAgainst": "50.4% (44.2) // 51.3% (46.2) // 49.8% (42.2) // 46.9% (38.9)",
        "oppShotsAgainst": "50.7% (33.0) // 52.4% (35.0) // 51.2% (32.0) // 48.6% (28.9)",
        "oppScoringAgainst": "50.0% (30.7) // 51.0% (31.2) // 52.6% (29.3) // 48.2% (25.9)",
        "savesPerGame": 27.5,
        "savesPerGameLast1": 29.0,
        "savesPerGameLast3": 29.3,
        "savesPerGameLast5": 27.6,
        "savesPer60": 27.6,
        "savesPer60Last1": 29.0,
        "savesPer60Last3": 29.2,
        "savesPer60Last5": 27.4,
        "shotsPerGame": 33.0,
        "shotsPerGameLast5": 35.0,
        "shotsAgainstPerGame": 29.6,
        "shotsAgainstPerGameLast5": 30.6,
        "oppSavesAgainstPer60": 28.7,
        "oppSavesAgainstPer60Last1": 36.0,
        "oppSavesAgainstPer60Last3": 27.8,
        "oppSavesAgainstPer60Last5": 28.1,
        "oppShotsAgainstPerGame": 33.2,
        "oppShotsAgainstPerGameLast5": 32.8,
        "savesProj": 26.7,
        "savesProjLast5": 26.0,
        "savesProjLast3": 27.5,
        "oppSavesAgainstProj": 27.6,
        "oppSavesAgainstProjLast5": 29.3,
        "oppSavesAgainstProjLast3": 30.4,
        "totalOver": 68,
        "totalOverLast5": 40,
        "lastTotalOver": 68,
        "last5": "3,0,1,0,0,1,1,0,1,0",
        "overOdds": "-180",
        "underOdds": "+140",
        "overUnder": "-180 / +140"
    },
    {
        "player": "Brad Marchand",
        "team": "BOS",
        "opponent": "BUF",
        "propType": "ast",
        "line": 0.5,
        "ppLine": "PP1",
        "avg": 0.65,
        "hit": false,
        "diffAvg": 0.3,
        "diffAbs": 0.2,
        "lastAvg": 0.62,
        "diff": 0.24,
        "avgMin": 18,
        "proj": 0.6,
        "lastAvgMin": 19.25,
        "oppOver": 0,
        "teamOver": 0,
        "gameLine": "-190",
        "+/-": "+23",
        "L5_+/-": -1.0,
        "prevMatchup": "2023-03-02 0.0 ast, 2022-12-31 1.0 ast, 2022-11-12 2.0 ast",
        "winLossSplits": "0.78 - 0.25",
        "awayHome": "A",
        "playedYesterday": "Y",
        "awayHomeSplits": "0.53 - 0.79",
        "savesAboveExp": "-",
        "gsaa": "-",
        "corsi": "51.5% (58.2) // 51.9% (58.2) // 55.1% (62.3) // 51.3% (59.0)",
        "fenwick": "52.0% (43.9) // 50.8% (42.7) // 53.8% (45.8) // 52.8% (47.3)",
        "shots": "52.7% (32.6) // 50.6% (31.4) // 53.7% (33.8) // 52.0% (34.7)",
        "scoring": "53.0% (32.2) // 53.3% (34.0) // 56.3% (35.0) // 51.6% (31.7)",
        "corsiAgainst": "48.5% (54.7) // 48.1% (54.1) // 44.9% (50.8) // 48.7% (56.0)",
        "fenwickAgainst": "48.0% (40.6) // 49.2% (41.3) // 46.2% (39.3) // 47.2% (42.3)",
        "shotsAgainst": "47.3% (29.3) // 49.4% (30.6) // 46.3% (29.2) // 48.0% (32.0)",
        "scoringAgainst": "47.0% (28.6) // 46.7% (29.8) // 43.7% (27.2) // 48.4% (29.7)",
        "oppCorsi": "51.1% (57.8) // 50.6% (58.8) // 51.0% (57.1) // 52.8% (58.7)",
        "oppFenwick": "49.6% (43.5) // 48.7% (43.8) // 50.2% (42.6) // 53.1% (44.1)",
        "oppShots": "49.3% (32.0) // 47.6% (31.7) // 48.8% (30.5) // 51.4% (30.5)",
        "oppScoring": "50.0% (30.7) // 49.0% (30.0) // 47.4% (26.4) // 51.8% (27.9)",
        "oppCorsiAgainst": "48.9% (55.3) // 49.4% (57.4) // 49.0% (54.7) // 47.2% (52.5)",
        "oppFenwickAgainst": "50.4% (44.2) // 51.3% (46.2) // 49.8% (42.2) // 46.9% (38.9)",
        "oppShotsAgainst": "50.7% (33.0) // 52.4% (35.0) // 51.2% (32.0) // 48.6% (28.9)",
        "oppScoringAgainst": "50.0% (30.7) // 51.0% (31.2) // 52.6% (29.3) // 48.2% (25.9)",
        "savesPerGame": 27.5,
        "savesPerGameLast1": 29.0,
        "savesPerGameLast3": 29.3,
        "savesPerGameLast5": 27.6,
        "savesPer60": 27.6,
        "savesPer60Last1": 29.0,
        "savesPer60Last3": 29.2,
        "savesPer60Last5": 27.4,
        "shotsPerGame": 33.0,
        "shotsPerGameLast5": 35.0,
        "shotsAgainstPerGame": 29.6,
        "shotsAgainstPerGameLast5": 30.6,
        "oppSavesAgainstPer60": 28.7,
        "oppSavesAgainstPer60Last1": 36.0,
        "oppSavesAgainstPer60Last3": 27.8,
        "oppSavesAgainstPer60Last5": 28.1,
        "oppShotsAgainstPerGame": 33.2,
        "oppShotsAgainstPerGameLast5": 32.8,
        "savesProj": 26.7,
        "savesProjLast5": 26.0,
        "savesProjLast3": 27.5,
        "oppSavesAgainstProj": 27.6,
        "oppSavesAgainstProjLast5": 29.3,
        "oppSavesAgainstProjLast3": 30.4,
        "totalOver": 48,
        "totalOverLast5": 40,
        "lastTotalOver": 51,
        "last5": "3,0,1,0,0,0,1,0,1,0",
        "overOdds": "+110",
        "underOdds": "-150",
        "overUnder": "+110 / -150"
    },
    {
        "player": "David Pastrnak",
        "team": "BOS",
        "opponent": "BUF",
        "propType": "sog",
        "line": 4.5,
        "ppLine": "PP1",
        "avg": 4.72,
        "hit": false,
        "diffAvg": 0.05,
        "diffAbs": 0.11,
        "lastAvg": 3.95,
        "diff": -0.12,
        "avgMin": 19,
        "proj": 4.0,
        "lastAvgMin": 18.6,
        "oppOver": 0,
        "teamOver": 0,
        "gameLine": "-190",
        "+/-": "+31",
        "L5_+/-": "+3.0",
        "prevMatchup": "2023-03-02 4.0 sog, 2022-12-31 6.0 sog, 2022-11-12 3.0 sog",
        "winLossSplits": "4.65 - 4.29",
        "awayHome": "A",
        "playedYesterday": "Y",
        "awayHomeSplits": "4.6 - 4.85",
        "savesAboveExp": "-",
        "gsaa": "-",
        "corsi": "51.5% (58.2) // 51.9% (58.2) // 55.1% (62.3) // 51.3% (59.0)",
        "fenwick": "52.0% (43.9) // 50.8% (42.7) // 53.8% (45.8) // 52.8% (47.3)",
        "shots": "52.7% (32.6) // 50.6% (31.4) // 53.7% (33.8) // 52.0% (34.7)",
        "scoring": "53.0% (32.2) // 53.3% (34.0) // 56.3% (35.0) // 51.6% (31.7)",
        "corsiAgainst": "48.5% (54.7) // 48.1% (54.1) // 44.9% (50.8) // 48.7% (56.0)",
        "fenwickAgainst": "48.0% (40.6) // 49.2% (41.3) // 46.2% (39.3) // 47.2% (42.3)",
        "shotsAgainst": "47.3% (29.3) // 49.4% (30.6) // 46.3% (29.2) // 48.0% (32.0)",
        "scoringAgainst": "47.0% (28.6) // 46.7% (29.8) // 43.7% (27.2) // 48.4% (29.7)",
        "oppCorsi": "51.1% (57.8) // 50.6% (58.8) // 51.0% (57.1) // 52.8% (58.7)",
        "oppFenwick": "49.6% (43.5) // 48.7% (43.8) // 50.2% (42.6) // 53.1% (44.1)",
        "oppShots": "49.3% (32.0) // 47.6% (31.7) // 48.8% (30.5) // 51.4% (30.5)",
        "oppScoring": "50.0% (30.7) // 49.0% (30.0) // 47.4% (26.4) // 51.8% (27.9)",
        "oppCorsiAgainst": "48.9% (55.3) // 49.4% (57.4) // 49.0% (54.7) // 47.2% (52.5)",
        "oppFenwickAgainst": "50.4% (44.2) // 51.3% (46.2) // 49.8% (42.2) // 46.9% (38.9)",
        "oppShotsAgainst": "50.7% (33.0) // 52.4% (35.0) // 51.2% (32.0) // 48.6% (28.9)",
        "oppScoringAgainst": "50.0% (30.7) // 51.0% (31.2) // 52.6% (29.3) // 48.2% (25.9)",
        "savesPerGame": 27.5,
        "savesPerGameLast1": 29.0,
        "savesPerGameLast3": 29.3,
        "savesPerGameLast5": 27.6,
        "savesPer60": 27.6,
        "savesPer60Last1": 29.0,
        "savesPer60Last3": 29.2,
        "savesPer60Last5": 27.4,
        "shotsPerGame": 33.0,
        "shotsPerGameLast5": 35.0,
        "shotsAgainstPerGame": 29.6,
        "shotsAgainstPerGameLast5": 30.6,
        "oppSavesAgainstPer60": 28.7,
        "oppSavesAgainstPer60Last1": 36.0,
        "oppSavesAgainstPer60Last3": 27.8,
        "oppSavesAgainstPer60Last5": 28.1,
        "oppShotsAgainstPerGame": 33.2,
        "oppShotsAgainstPerGameLast5": 32.8,
        "savesProj": 26.7,
        "savesProjLast5": 26.0,
        "savesProjLast3": 27.5,
        "oppSavesAgainstProj": 27.6,
        "oppSavesAgainstProjLast5": 29.3,
        "oppSavesAgainstProjLast3": 30.4,
        "totalOver": 56,
        "totalOverLast5": 60,
        "lastTotalOver": 46,
        "last5": "6,5,3,2,7,6,3,4,2,4",
        "overOdds": "-105",
        "underOdds": "-135",
        "overUnder": "-105 / -135"
    },
    {
        "player": "David Pastrnak",
        "team": "BOS",
        "opponent": "BUF",
        "propType": "pts",
        "line": 1.5,
        "ppLine": "PP1",
        "avg": 1.34,
        "hit": false,
        "diffAvg": -0.11,
        "diffAbs": 0.33,
        "lastAvg": 0.97,
        "diff": -0.35,
        "avgMin": 19,
        "proj": 1.0,
        "lastAvgMin": 18.6,
        "oppOver": 0,
        "teamOver": 0,
        "gameLine": "-190",
        "+/-": "+31",
        "L5_+/-": "+3.0",
        "prevMatchup": "2023-03-02 3.0 pts, 2022-12-31 2.0 pts, 2022-11-12 1.0 pts",
        "winLossSplits": "1.47 - 0.92",
        "awayHome": "A",
        "playedYesterday": "Y",
        "awayHomeSplits": "1.31 - 1.36",
        "savesAboveExp": "-",
        "gsaa": "-",
        "corsi": "51.5% (58.2) // 51.9% (58.2) // 55.1% (62.3) // 51.3% (59.0)",
        "fenwick": "52.0% (43.9) // 50.8% (42.7) // 53.8% (45.8) // 52.8% (47.3)",
        "shots": "52.7% (32.6) // 50.6% (31.4) // 53.7% (33.8) // 52.0% (34.7)",
        "scoring": "53.0% (32.2) // 53.3% (34.0) // 56.3% (35.0) // 51.6% (31.7)",
        "corsiAgainst": "48.5% (54.7) // 48.1% (54.1) // 44.9% (50.8) // 48.7% (56.0)",
        "fenwickAgainst": "48.0% (40.6) // 49.2% (41.3) // 46.2% (39.3) // 47.2% (42.3)",
        "shotsAgainst": "47.3% (29.3) // 49.4% (30.6) // 46.3% (29.2) // 48.0% (32.0)",
        "scoringAgainst": "47.0% (28.6) // 46.7% (29.8) // 43.7% (27.2) // 48.4% (29.7)",
        "oppCorsi": "51.1% (57.8) // 50.6% (58.8) // 51.0% (57.1) // 52.8% (58.7)",
        "oppFenwick": "49.6% (43.5) // 48.7% (43.8) // 50.2% (42.6) // 53.1% (44.1)",
        "oppShots": "49.3% (32.0) // 47.6% (31.7) // 48.8% (30.5) // 51.4% (30.5)",
        "oppScoring": "50.0% (30.7) // 49.0% (30.0) // 47.4% (26.4) // 51.8% (27.9)",
        "oppCorsiAgainst": "48.9% (55.3) // 49.4% (57.4) // 49.0% (54.7) // 47.2% (52.5)",
        "oppFenwickAgainst": "50.4% (44.2) // 51.3% (46.2) // 49.8% (42.2) // 46.9% (38.9)",
        "oppShotsAgainst": "50.7% (33.0) // 52.4% (35.0) // 51.2% (32.0) // 48.6% (28.9)",
        "oppScoringAgainst": "50.0% (30.7) // 51.0% (31.2) // 52.6% (29.3) // 48.2% (25.9)",
        "savesPerGame": 27.5,
        "savesPerGameLast1": 29.0,
        "savesPerGameLast3": 29.3,
        "savesPerGameLast5": 27.6,
        "savesPer60": 27.6,
        "savesPer60Last1": 29.0,
        "savesPer60Last3": 29.2,
        "savesPer60Last5": 27.4,
        "shotsPerGame": 33.0,
        "shotsPerGameLast5": 35.0,
        "shotsAgainstPerGame": 29.6,
        "shotsAgainstPerGameLast5": 30.6,
        "oppSavesAgainstPer60": 28.7,
        "oppSavesAgainstPer60Last1": 36.0,
        "oppSavesAgainstPer60Last3": 27.8,
        "oppSavesAgainstPer60Last5": 28.1,
        "oppShotsAgainstPerGame": 33.2,
        "oppShotsAgainstPerGameLast5": 32.8,
        "savesProj": 26.7,
        "savesProjLast5": 26.0,
        "savesProjLast3": 27.5,
        "oppSavesAgainstProj": 27.6,
        "oppSavesAgainstProjLast5": 29.3,
        "oppSavesAgainstProjLast3": 30.4,
        "totalOver": 40,
        "totalOverLast5": 40,
        "lastTotalOver": 31,
        "last5": "2,1,1,2,0,2,1,3,0,1",
        "overOdds": "+150",
        "underOdds": "-200",
        "overUnder": "+150 / -200"
    },
    {
        "player": "David Pastrnak",
        "team": "BOS",
        "opponent": "BUF",
        "propType": "ast",
        "line": 0.5,
        "ppLine": "PP1",
        "avg": 0.65,
        "hit": false,
        "diffAvg": 0.3,
        "diffAbs": 0.0,
        "lastAvg": 0.47,
        "diff": -0.06,
        "avgMin": 19,
        "proj": 0.5,
        "lastAvgMin": 18.6,
        "oppOver": 0,
        "teamOver": 0,
        "gameLine": "-190",
        "+/-": "+31",
        "L5_+/-": "+3.0",
        "prevMatchup": "2023-03-02 2.0 ast, 2022-12-31 1.0 ast, 2022-11-12 1.0 ast",
        "winLossSplits": "0.71 - 0.47",
        "awayHome": "A",
        "playedYesterday": "Y",
        "awayHomeSplits": "0.66 - 0.64",
        "savesAboveExp": "-",
        "gsaa": "-",
        "corsi": "51.5% (58.2) // 51.9% (58.2) // 55.1% (62.3) // 51.3% (59.0)",
        "fenwick": "52.0% (43.9) // 50.8% (42.7) // 53.8% (45.8) // 52.8% (47.3)",
        "shots": "52.7% (32.6) // 50.6% (31.4) // 53.7% (33.8) // 52.0% (34.7)",
        "scoring": "53.0% (32.2) // 53.3% (34.0) // 56.3% (35.0) // 51.6% (31.7)",
        "corsiAgainst": "48.5% (54.7) // 48.1% (54.1) // 44.9% (50.8) // 48.7% (56.0)",
        "fenwickAgainst": "48.0% (40.6) // 49.2% (41.3) // 46.2% (39.3) // 47.2% (42.3)",
        "shotsAgainst": "47.3% (29.3) // 49.4% (30.6) // 46.3% (29.2) // 48.0% (32.0)",
        "scoringAgainst": "47.0% (28.6) // 46.7% (29.8) // 43.7% (27.2) // 48.4% (29.7)",
        "oppCorsi": "51.1% (57.8) // 50.6% (58.8) // 51.0% (57.1) // 52.8% (58.7)",
        "oppFenwick": "49.6% (43.5) // 48.7% (43.8) // 50.2% (42.6) // 53.1% (44.1)",
        "oppShots": "49.3% (32.0) // 47.6% (31.7) // 48.8% (30.5) // 51.4% (30.5)",
        "oppScoring": "50.0% (30.7) // 49.0% (30.0) // 47.4% (26.4) // 51.8% (27.9)",
        "oppCorsiAgainst": "48.9% (55.3) // 49.4% (57.4) // 49.0% (54.7) // 47.2% (52.5)",
        "oppFenwickAgainst": "50.4% (44.2) // 51.3% (46.2) // 49.8% (42.2) // 46.9% (38.9)",
        "oppShotsAgainst": "50.7% (33.0) // 52.4% (35.0) // 51.2% (32.0) // 48.6% (28.9)",
        "oppScoringAgainst": "50.0% (30.7) // 51.0% (31.2) // 52.6% (29.3) // 48.2% (25.9)",
        "savesPerGame": 27.5,
        "savesPerGameLast1": 29.0,
        "savesPerGameLast3": 29.3,
        "savesPerGameLast5": 27.6,
        "savesPer60": 27.6,
        "savesPer60Last1": 29.0,
        "savesPer60Last3": 29.2,
        "savesPer60Last5": 27.4,
        "shotsPerGame": 33.0,
        "shotsPerGameLast5": 35.0,
        "shotsAgainstPerGame": 29.6,
        "shotsAgainstPerGameLast5": 30.6,
        "oppSavesAgainstPer60": 28.7,
        "oppSavesAgainstPer60Last1": 36.0,
        "oppSavesAgainstPer60Last3": 27.8,
        "oppSavesAgainstPer60Last5": 28.1,
        "oppShotsAgainstPerGame": 33.2,
        "oppShotsAgainstPerGameLast5": 32.8,
        "savesProj": 26.7,
        "savesProjLast5": 26.0,
        "savesProjLast3": 27.5,
        "oppSavesAgainstProj": 27.6,
        "oppSavesAgainstProjLast5": 29.3,
        "oppSavesAgainstProjLast3": 30.4,
        "totalOver": 53,
        "totalOverLast5": 80,
        "lastTotalOver": 43,
        "last5": "1,1,1,1,0,1,0,2,0,1",
        "overOdds": "-105",
        "underOdds": "-135",
        "overUnder": "-105 / -135"
    },
    {
        "player": "Dylan Cozens",
        "team": "BUF",
        "opponent": "BOS",
        "propType": "sog",
        "line": 2.5,
        "ppLine": "",
        "avg": 2.63,
        "hit": false,
        "diffAvg": 0.05,
        "diffAbs": 0.2,
        "lastAvg": 2.03,
        "diff": -0.19,
        "avgMin": 16,
        "proj": 2.0,
        "lastAvgMin": 15.88,
        "oppOver": 0,
        "teamOver": 0,
        "gameLine": "+160",
        "+/-": "+1",
        "L5_+/-": -8.0,
        "prevMatchup": "2023-03-02 0.0 sog, 2022-12-31 3.0 sog, 2022-11-12 1.0 sog",
        "winLossSplits": "2.93 - 2.23",
        "awayHome": "H",
        "playedYesterday": "N",
        "awayHomeSplits": "2.45 - 2.79",
        "savesAboveExp": 0.892,
        "gsaa": 37.45,
        "corsi": "51.1% (57.8) // 50.6% (58.8) // 51.0% (57.1) // 52.8% (58.7)",
        "fenwick": "49.6% (43.5) // 48.7% (43.8) // 50.2% (42.6) // 53.1% (44.1)",
        "shots": "49.3% (32.0) // 47.6% (31.7) // 48.8% (30.5) // 51.4% (30.5)",
        "scoring": "50.0% (30.7) // 49.0% (30.0) // 47.4% (26.4) // 51.8% (27.9)",
        "corsiAgainst": "48.9% (55.3) // 49.4% (57.4) // 49.0% (54.7) // 47.2% (52.5)",
        "fenwickAgainst": "50.4% (44.2) // 51.3% (46.2) // 49.8% (42.2) // 46.9% (38.9)",
        "shotsAgainst": "50.7% (33.0) // 52.4% (35.0) // 51.2% (32.0) // 48.6% (28.9)",
        "scoringAgainst": "50.0% (30.7) // 51.0% (31.2) // 52.6% (29.3) // 48.2% (25.9)",
        "oppCorsi": "51.5% (58.2) // 51.9% (58.2) // 55.1% (62.3) // 51.3% (59.0)",
        "oppFenwick": "52.0% (43.9) // 50.8% (42.7) // 53.8% (45.8) // 52.8% (47.3)",
        "oppShots": "52.7% (32.6) // 50.6% (31.4) // 53.7% (33.8) // 52.0% (34.7)",
        "oppScoring": "53.0% (32.2) // 53.3% (34.0) // 56.3% (35.0) // 51.6% (31.7)",
        "oppCorsiAgainst": "48.5% (54.7) // 48.1% (54.1) // 44.9% (50.8) // 48.7% (56.0)",
        "oppFenwickAgainst": "48.0% (40.6) // 49.2% (41.3) // 46.2% (39.3) // 47.2% (42.3)",
        "oppShotsAgainst": "47.3% (29.3) // 49.4% (30.6) // 46.3% (29.2) // 48.0% (32.0)",
        "oppScoringAgainst": "47.0% (28.6) // 46.7% (29.8) // 43.7% (27.2) // 48.4% (29.7)",
        "savesPerGame": 29.6,
        "savesPerGameLast1": 17.0,
        "savesPerGameLast3": 25.7,
        "savesPerGameLast5": 28.0,
        "savesPer60": 29.7,
        "savesPer60Last1": 17.0,
        "savesPer60Last3": 26.4,
        "savesPer60Last5": 28.7,
        "shotsPerGame": 32.3,
        "shotsPerGameLast5": 31.2,
        "shotsAgainstPerGame": 33.2,
        "shotsAgainstPerGameLast5": 32.8,
        "oppSavesAgainstPer60": 29.2,
        "oppSavesAgainstPer60Last1": 33.0,
        "oppSavesAgainstPer60Last3": 31.8,
        "oppSavesAgainstPer60Last5": 31.9,
        "oppShotsAgainstPerGame": 29.6,
        "oppShotsAgainstPerGameLast5": 30.6,
        "savesProj": 31.5,
        "savesProjLast5": 32.9,
        "savesProjLast3": 29.6,
        "oppSavesAgainstProj": 30.5,
        "oppSavesAgainstProjLast5": 31.6,
        "oppSavesAgainstProjLast3": 29.2,
        "totalOver": 48,
        "totalOverLast5": 60,
        "lastTotalOver": 32,
        "last5": "3,2,4,3,1,4,6,5,0,0",
        "overOdds": "+115",
        "underOdds": "-155",
        "overUnder": "+115 / -155"
    },
    {
        "player": "Dylan Cozens",
        "team": "BUF",
        "opponent": "BOS",
        "propType": "pts",
        "line": 0.5,
        "ppLine": "",
        "avg": 0.85,
        "hit": false,
        "diffAvg": 0.7,
        "diffAbs": 0.0,
        "lastAvg": 0.48,
        "diff": -0.04,
        "avgMin": 16,
        "proj": 0.5,
        "lastAvgMin": 15.88,
        "oppOver": 0,
        "teamOver": 0,
        "gameLine": "+160",
        "+/-": "+1",
        "L5_+/-": -8.0,
        "prevMatchup": "2023-03-02 0.0 pts, 2022-12-31 2.0 pts, 2022-11-12 0.0 pts",
        "winLossSplits": "1.15 - 0.5",
        "awayHome": "H",
        "playedYesterday": "N",
        "awayHomeSplits": "0.79 - 0.91",
        "savesAboveExp": 0.892,
        "gsaa": 37.45,
        "corsi": "51.1% (57.8) // 50.6% (58.8) // 51.0% (57.1) // 52.8% (58.7)",
        "fenwick": "49.6% (43.5) // 48.7% (43.8) // 50.2% (42.6) // 53.1% (44.1)",
        "shots": "49.3% (32.0) // 47.6% (31.7) // 48.8% (30.5) // 51.4% (30.5)",
        "scoring": "50.0% (30.7) // 49.0% (30.0) // 47.4% (26.4) // 51.8% (27.9)",
        "corsiAgainst": "48.9% (55.3) // 49.4% (57.4) // 49.0% (54.7) // 47.2% (52.5)",
        "fenwickAgainst": "50.4% (44.2) // 51.3% (46.2) // 49.8% (42.2) // 46.9% (38.9)",
        "shotsAgainst": "50.7% (33.0) // 52.4% (35.0) // 51.2% (32.0) // 48.6% (28.9)",
        "scoringAgainst": "50.0% (30.7) // 51.0% (31.2) // 52.6% (29.3) // 48.2% (25.9)",
        "oppCorsi": "51.5% (58.2) // 51.9% (58.2) // 55.1% (62.3) // 51.3% (59.0)",
        "oppFenwick": "52.0% (43.9) // 50.8% (42.7) // 53.8% (45.8) // 52.8% (47.3)",
        "oppShots": "52.7% (32.6) // 50.6% (31.4) // 53.7% (33.8) // 52.0% (34.7)",
        "oppScoring": "53.0% (32.2) // 53.3% (34.0) // 56.3% (35.0) // 51.6% (31.7)",
        "oppCorsiAgainst": "48.5% (54.7) // 48.1% (54.1) // 44.9% (50.8) // 48.7% (56.0)",
        "oppFenwickAgainst": "48.0% (40.6) // 49.2% (41.3) // 46.2% (39.3) // 47.2% (42.3)",
        "oppShotsAgainst": "47.3% (29.3) // 49.4% (30.6) // 46.3% (29.2) // 48.0% (32.0)",
        "oppScoringAgainst": "47.0% (28.6) // 46.7% (29.8) // 43.7% (27.2) // 48.4% (29.7)",
        "savesPerGame": 29.6,
        "savesPerGameLast1": 17.0,
        "savesPerGameLast3": 25.7,
        "savesPerGameLast5": 28.0,
        "savesPer60": 29.7,
        "savesPer60Last1": 17.0,
        "savesPer60Last3": 26.4,
        "savesPer60Last5": 28.7,
        "shotsPerGame": 32.3,
        "shotsPerGameLast5": 31.2,
        "shotsAgainstPerGame": 33.2,
        "shotsAgainstPerGameLast5": 32.8,
        "oppSavesAgainstPer60": 29.2,
        "oppSavesAgainstPer60Last1": 33.0,
        "oppSavesAgainstPer60Last3": 31.8,
        "oppSavesAgainstPer60Last5": 31.9,
        "oppShotsAgainstPerGame": 29.6,
        "oppShotsAgainstPerGameLast5": 30.6,
        "savesProj": 31.5,
        "savesProjLast5": 32.9,
        "savesProjLast3": 29.6,
        "oppSavesAgainstProj": 30.5,
        "oppSavesAgainstProjLast5": 31.6,
        "oppSavesAgainstProjLast3": 29.2,
        "totalOver": 57,
        "totalOverLast5": 20,
        "lastTotalOver": 33,
        "last5": "0,0,2,0,0,1,1,1,0,0",
        "overOdds": "+110",
        "underOdds": "-150",
        "overUnder": "+110 / -150"
    },
    {
        "player": "Dylan Cozens",
        "team": "BUF",
        "opponent": "BOS",
        "propType": "ast",
        "line": 0.5,
        "ppLine": "",
        "avg": 0.46,
        "hit": false,
        "diffAvg": -0.08,
        "diffAbs": 0.4,
        "lastAvg": 0.32,
        "diff": -0.36,
        "avgMin": 16,
        "proj": 0.3,
        "lastAvgMin": 15.88,
        "oppOver": 0,
        "teamOver": 0,
        "gameLine": "+160",
        "+/-": "+1",
        "L5_+/-": -8.0,
        "prevMatchup": "2023-03-02 0.0 ast, 2022-12-31 1.0 ast, 2022-11-12 0.0 ast",
        "winLossSplits": "0.57 - 0.3",
        "awayHome": "H",
        "playedYesterday": "N",
        "awayHomeSplits": "0.36 - 0.56",
        "savesAboveExp": 0.892,
        "gsaa": 37.45,
        "corsi": "51.1% (57.8) // 50.6% (58.8) // 51.0% (57.1) // 52.8% (58.7)",
        "fenwick": "49.6% (43.5) // 48.7% (43.8) // 50.2% (42.6) // 53.1% (44.1)",
        "shots": "49.3% (32.0) // 47.6% (31.7) // 48.8% (30.5) // 51.4% (30.5)",
        "scoring": "50.0% (30.7) // 49.0% (30.0) // 47.4% (26.4) // 51.8% (27.9)",
        "corsiAgainst": "48.9% (55.3) // 49.4% (57.4) // 49.0% (54.7) // 47.2% (52.5)",
        "fenwickAgainst": "50.4% (44.2) // 51.3% (46.2) // 49.8% (42.2) // 46.9% (38.9)",
        "shotsAgainst": "50.7% (33.0) // 52.4% (35.0) // 51.2% (32.0) // 48.6% (28.9)",
        "scoringAgainst": "50.0% (30.7) // 51.0% (31.2) // 52.6% (29.3) // 48.2% (25.9)",
        "oppCorsi": "51.5% (58.2) // 51.9% (58.2) // 55.1% (62.3) // 51.3% (59.0)",
        "oppFenwick": "52.0% (43.9) // 50.8% (42.7) // 53.8% (45.8) // 52.8% (47.3)",
        "oppShots": "52.7% (32.6) // 50.6% (31.4) // 53.7% (33.8) // 52.0% (34.7)",
        "oppScoring": "53.0% (32.2) // 53.3% (34.0) // 56.3% (35.0) // 51.6% (31.7)",
        "oppCorsiAgainst": "48.5% (54.7) // 48.1% (54.1) // 44.9% (50.8) // 48.7% (56.0)",
        "oppFenwickAgainst": "48.0% (40.6) // 49.2% (41.3) // 46.2% (39.3) // 47.2% (42.3)",
        "oppShotsAgainst": "47.3% (29.3) // 49.4% (30.6) // 46.3% (29.2) // 48.0% (32.0)",
        "oppScoringAgainst": "47.0% (28.6) // 46.7% (29.8) // 43.7% (27.2) // 48.4% (29.7)",
        "savesPerGame": 29.6,
        "savesPerGameLast1": 17.0,
        "savesPerGameLast3": 25.7,
        "savesPerGameLast5": 28.0,
        "savesPer60": 29.7,
        "savesPer60Last1": 17.0,
        "savesPer60Last3": 26.4,
        "savesPer60Last5": 28.7,
        "shotsPerGame": 32.3,
        "shotsPerGameLast5": 31.2,
        "shotsAgainstPerGame": 33.2,
        "shotsAgainstPerGameLast5": 32.8,
        "oppSavesAgainstPer60": 29.2,
        "oppSavesAgainstPer60Last1": 33.0,
        "oppSavesAgainstPer60Last3": 31.8,
        "oppSavesAgainstPer60Last5": 31.9,
        "oppShotsAgainstPerGame": 29.6,
        "oppShotsAgainstPerGameLast5": 30.6,
        "savesProj": 31.5,
        "savesProjLast5": 32.9,
        "savesProjLast3": 29.6,
        "oppSavesAgainstProj": 30.5,
        "oppSavesAgainstProjLast5": 31.6,
        "oppSavesAgainstProjLast3": 29.2,
        "totalOver": 33,
        "totalOverLast5": 20,
        "lastTotalOver": 22,
        "last5": "0,0,1,0,0,0,0,1,0,0",
        "overOdds": "+225",
        "underOdds": "-320",
        "overUnder": "+225 / -320"
    },
    {
        "player": "Jake Debrusk",
        "team": "BOS",
        "opponent": "BUF",
        "propType": "sog",
        "line": 2.5,
        "ppLine": "PP1",
        "avg": 2.96,
        "hit": false,
        "diffAvg": 0.18,
        "diffAbs": 0.0,
        "lastAvg": 2.19,
        "diff": -0.12,
        "avgMin": 17,
        "proj": 2.5,
        "lastAvgMin": 15.03,
        "oppOver": 0,
        "teamOver": 0,
        "gameLine": "-190",
        "+/-": "+18",
        "L5_+/-": "+1.0",
        "prevMatchup": "2023-03-02 2.0 sog, 2022-12-31 1.0 sog, 2022-11-12 1.0 sog",
        "winLossSplits": "3.15 - 2.3",
        "awayHome": "A",
        "playedYesterday": "Y",
        "awayHomeSplits": "2.87 - 3.04",
        "savesAboveExp": "-",
        "gsaa": "-",
        "corsi": "51.5% (58.2) // 51.9% (58.2) // 55.1% (62.3) // 51.3% (59.0)",
        "fenwick": "52.0% (43.9) // 50.8% (42.7) // 53.8% (45.8) // 52.8% (47.3)",
        "shots": "52.7% (32.6) // 50.6% (31.4) // 53.7% (33.8) // 52.0% (34.7)",
