[
    {
        "player": "Cale Makar",
        "team": "COL",
        "opponent": "DET",
        "propType": "sog",
        "line": 3.5,
        "ppLine": "PP1",
        "avg": 3.0,
        "hit": false,
        "diffAvg": -0.14,
        "diffAbs": 0.29,
        "lastAvg": 2.42,
        "diff": -0.31,
        "avgMin": 26,
        "proj": 2.5,
        "lastAvgMin": 25.67,
        "oppOver": 0,
        "teamOver": 0,
        "gameLine": "-180",
        "+/-": "+12",
        "L5_+/-": "+5.0",
        "prevMatchup": "2023-01-16 5.0 sog",
        "winLossSplits": "3.15 - 2.71",
        "awayHome": "A",
        "playedYesterday": "N",
        "awayHomeSplits": "2.62 - 3.36",
        "savesAboveExp": -0.011,
        "gsaa": -2.34,
        "corsi": "52.2% (59.9) // 56.8% (62.6) // 60.4% (65.4) // 56.0% (60.6)",
        "fenwick": "51.5% (44.0) // 56.5% (45.3) // 59.0% (47.0) // 54.9% (41.5)",
        "shots": "51.5% (32.8) // 56.0% (32.8) // 57.2% (32.5) // 55.8% (29.8)",
        "scoring": "53.1% (30.0) // 57.7% (31.6) // 60.6% (34.6) // 59.2% (35.4)",
        "corsiAgainst": "47.8% (54.8) // 43.2% (47.7) // 39.6% (42.9) // 44.0% (47.7)",
        "fenwickAgainst": "48.5% (41.4) // 43.5% (34.8) // 41.0% (32.7) // 45.1% (34.1)",
        "shotsAgainst": "48.5% (30.9) // 44.0% (25.8) // 42.8% (24.3) // 44.2% (23.7)",
        "scoringAgainst": "46.9% (26.5) // 42.3% (23.2) // 39.4% (22.5) // 40.8% (24.3)",
        "oppCorsi": "47.1% (52.3) // 47.9% (53.0) // 50.7% (56.0) // 50.0% (54.0)",
        "oppFenwick": "47.8% (39.2) // 48.5% (38.9) // 55.5% (44.5) // 54.6% (41.5)",
        "oppShots": "48.3% (28.4) // 48.9% (28.9) // 54.3% (31.8) // 52.9% (27.5)",
        "oppScoring": "45.8% (25.8) // 46.6% (27.4) // 49.6% (31.0) // 50.4% (32.5)",
        "oppCorsiAgainst": "52.9% (58.8) // 52.1% (57.6) // 49.3% (54.5) // 50.0% (54.0)",
        "oppFenwickAgainst": "52.2% (42.9) // 51.5% (41.4) // 44.5% (35.8) // 45.4% (34.5)",
        "oppShotsAgainst": "51.7% (30.4) // 51.1% (30.2) // 45.7% (26.8) // 47.1% (24.5)",
        "oppScoringAgainst": "54.2% (30.5) // 53.4% (31.4) // 50.4% (31.5) // 49.6% (32.0)",
        "savesPerGame": 28.5,
        "savesPerGameLast1": 32.0,
        "savesPerGameLast3": 21.3,
        "savesPerGameLast5": 21.6,
        "savesPer60": 28.6,
        "savesPer60Last1": 32.0,
        "savesPer60Last3": 21.9,
        "savesPer60Last5": 21.9,
        "shotsPerGame": 33.3,
        "shotsPerGameLast5": 33.2,
        "shotsAgainstPerGame": 31.3,
        "shotsAgainstPerGameLast5": 24.8,
        "oppSavesAgainstPer60": 25.9,
        "oppSavesAgainstPer60Last1": 29.3,
        "oppSavesAgainstPer60Last3": 27.1,
        "oppSavesAgainstPer60Last5": 28.8,
        "oppShotsAgainstPerGame": 30.8,
        "oppShotsAgainstPerGameLast5": 28.8,
        "savesProj": 26.7,
        "savesProjLast5": 22.1,
        "savesProjLast3": 20.6,
        "oppSavesAgainstProj": 26.2,
        "oppSavesAgainstProjLast5": 22.7,
        "oppSavesAgainstProjLast3": 20.5,
        "totalOver": 43,
        "totalOverLast5": 40,
        "lastTotalOver": 38,
        "last5": "1,4,0,5,2,5,2,1,1,2",
        "overOdds": "+125",
        "underOdds": "-155",
        "overUnder": "+125 / -155"
    },
    {
        "player": "Cale Makar",
        "team": "COL",
        "opponent": "DET",
        "propType": "pts",
        "line": 1.5,
        "ppLine": "PP1",
        "avg": 1.07,
        "hit": false,
        "diffAvg": -0.29,
        "diffAbs": 0.4,
        "lastAvg": 0.87,
        "diff": -0.42,
        "avgMin": 26,
        "proj": 0.9,
        "lastAvgMin": 25.67,
        "oppOver": 0,
        "teamOver": 0,
        "gameLine": "-180",
        "+/-": "+12",
        "L5_+/-": "+5.0",
        "prevMatchup": "2023-01-16 3.0 pts",
        "winLossSplits": "1.42 - 0.68",
        "awayHome": "A",
        "playedYesterday": "N",
        "awayHomeSplits": "1.0 - 1.14",
        "savesAboveExp": -0.011,
        "gsaa": -2.34,
        "corsi": "52.2% (59.9) // 56.8% (62.6) // 60.4% (65.4) // 56.0% (60.6)",
        "fenwick": "51.5% (44.0) // 56.5% (45.3) // 59.0% (47.0) // 54.9% (41.5)",
        "shots": "51.5% (32.8) // 56.0% (32.8) // 57.2% (32.5) // 55.8% (29.8)",
        "scoring": "53.1% (30.0) // 57.7% (31.6) // 60.6% (34.6) // 59.2% (35.4)",
        "corsiAgainst": "47.8% (54.8) // 43.2% (47.7) // 39.6% (42.9) // 44.0% (47.7)",
        "fenwickAgainst": "48.5% (41.4) // 43.5% (34.8) // 41.0% (32.7) // 45.1% (34.1)",
        "shotsAgainst": "48.5% (30.9) // 44.0% (25.8) // 42.8% (24.3) // 44.2% (23.7)",
        "scoringAgainst": "46.9% (26.5) // 42.3% (23.2) // 39.4% (22.5) // 40.8% (24.3)",
        "oppCorsi": "47.1% (52.3) // 47.9% (53.0) // 50.7% (56.0) // 50.0% (54.0)",
        "oppFenwick": "47.8% (39.2) // 48.5% (38.9) // 55.5% (44.5) // 54.6% (41.5)",
        "oppShots": "48.3% (28.4) // 48.9% (28.9) // 54.3% (31.8) // 52.9% (27.5)",
        "oppScoring": "45.8% (25.8) // 46.6% (27.4) // 49.6% (31.0) // 50.4% (32.5)",
        "oppCorsiAgainst": "52.9% (58.8) // 52.1% (57.6) // 49.3% (54.5) // 50.0% (54.0)",
        "oppFenwickAgainst": "52.2% (42.9) // 51.5% (41.4) // 44.5% (35.8) // 45.4% (34.5)",
        "oppShotsAgainst": "51.7% (30.4) // 51.1% (30.2) // 45.7% (26.8) // 47.1% (24.5)",
        "oppScoringAgainst": "54.2% (30.5) // 53.4% (31.4) // 50.4% (31.5) // 49.6% (32.0)",
        "savesPerGame": 28.5,
        "savesPerGameLast1": 32.0,
        "savesPerGameLast3": 21.3,
        "savesPerGameLast5": 21.6,
        "savesPer60": 28.6,
        "savesPer60Last1": 32.0,
        "savesPer60Last3": 21.9,
        "savesPer60Last5": 21.9,
        "shotsPerGame": 33.3,
        "shotsPerGameLast5": 33.2,
        "shotsAgainstPerGame": 31.3,
        "shotsAgainstPerGameLast5": 24.8,
        "oppSavesAgainstPer60": 25.9,
        "oppSavesAgainstPer60Last1": 29.3,
        "oppSavesAgainstPer60Last3": 27.1,
        "oppSavesAgainstPer60Last5": 28.8,
        "oppShotsAgainstPerGame": 30.8,
        "oppShotsAgainstPerGameLast5": 28.8,
        "savesProj": 26.7,
        "savesProjLast5": 22.1,
        "savesProjLast3": 20.6,
        "oppSavesAgainstProj": 26.2,
        "oppSavesAgainstProjLast5": 22.7,
        "oppSavesAgainstProjLast3": 20.5,
        "totalOver": 28,
        "totalOverLast5": 40,
        "lastTotalOver": 34,
        "last5": "2,1,3,1,1,4,1,0,0,0",
        "overOdds": "+180",
        "underOdds": "-220",
        "overUnder": "+180 / -220"
    },
    {
        "player": "Cale Makar",
        "team": "COL",
        "opponent": "DET",
        "propType": "ast",
        "line": 0.5,
        "ppLine": "PP1",
        "avg": 0.78,
        "hit": false,
        "diffAvg": 0.56,
        "diffAbs": 0.2,
        "lastAvg": 0.59,
        "diff": 0.18,
        "avgMin": 26,
        "proj": 0.6,
        "lastAvgMin": 25.67,
        "oppOver": 0,
        "teamOver": 0,
        "gameLine": "-180",
        "+/-": "+12",
        "L5_+/-": "+5.0",
        "prevMatchup": "2023-01-16 1.0 ast",
        "winLossSplits": "1.0 - 0.53",
        "awayHome": "A",
        "playedYesterday": "N",
        "awayHomeSplits": "0.77 - 0.79",
        "savesAboveExp": -0.011,
        "gsaa": -2.34,
        "corsi": "52.2% (59.9) // 56.8% (62.6) // 60.4% (65.4) // 56.0% (60.6)",
        "fenwick": "51.5% (44.0) // 56.5% (45.3) // 59.0% (47.0) // 54.9% (41.5)",
        "shots": "51.5% (32.8) // 56.0% (32.8) // 57.2% (32.5) // 55.8% (29.8)",
        "scoring": "53.1% (30.0) // 57.7% (31.6) // 60.6% (34.6) // 59.2% (35.4)",
        "corsiAgainst": "47.8% (54.8) // 43.2% (47.7) // 39.6% (42.9) // 44.0% (47.7)",
        "fenwickAgainst": "48.5% (41.4) // 43.5% (34.8) // 41.0% (32.7) // 45.1% (34.1)",
        "shotsAgainst": "48.5% (30.9) // 44.0% (25.8) // 42.8% (24.3) // 44.2% (23.7)",
        "scoringAgainst": "46.9% (26.5) // 42.3% (23.2) // 39.4% (22.5) // 40.8% (24.3)",
        "oppCorsi": "47.1% (52.3) // 47.9% (53.0) // 50.7% (56.0) // 50.0% (54.0)",
        "oppFenwick": "47.8% (39.2) // 48.5% (38.9) // 55.5% (44.5) // 54.6% (41.5)",
        "oppShots": "48.3% (28.4) // 48.9% (28.9) // 54.3% (31.8) // 52.9% (27.5)",
        "oppScoring": "45.8% (25.8) // 46.6% (27.4) // 49.6% (31.0) // 50.4% (32.5)",
        "oppCorsiAgainst": "52.9% (58.8) // 52.1% (57.6) // 49.3% (54.5) // 50.0% (54.0)",
        "oppFenwickAgainst": "52.2% (42.9) // 51.5% (41.4) // 44.5% (35.8) // 45.4% (34.5)",
        "oppShotsAgainst": "51.7% (30.4) // 51.1% (30.2) // 45.7% (26.8) // 47.1% (24.5)",
        "oppScoringAgainst": "54.2% (30.5) // 53.4% (31.4) // 50.4% (31.5) // 49.6% (32.0)",
        "savesPerGame": 28.5,
        "savesPerGameLast1": 32.0,
        "savesPerGameLast3": 21.3,
        "savesPerGameLast5": 21.6,
        "savesPer60": 28.6,
        "savesPer60Last1": 32.0,
        "savesPer60Last3": 21.9,
        "savesPer60Last5": 21.9,
        "shotsPerGame": 33.3,
        "shotsPerGameLast5": 33.2,
        "shotsAgainstPerGame": 31.3,
        "shotsAgainstPerGameLast5": 24.8,
        "oppSavesAgainstPer60": 25.9,
        "oppSavesAgainstPer60Last1": 29.3,
        "oppSavesAgainstPer60Last3": 27.1,
        "oppSavesAgainstPer60Last5": 28.8,
        "oppShotsAgainstPerGame": 30.8,
        "oppShotsAgainstPerGameLast5": 28.8,
        "savesProj": 26.7,
        "savesProjLast5": 22.1,
        "savesProjLast3": 20.6,
        "oppSavesAgainstProj": 26.2,
        "oppSavesAgainstProjLast5": 22.7,
        "oppSavesAgainstProjLast3": 20.5,
        "totalOver": 57,
        "totalOverLast5": 80,
        "lastTotalOver": 59,
        "last5": "1,1,3,0,1,3,1,0,0,0",
        "overOdds": "-165",
        "underOdds": "+135",
        "overUnder": "-165 / +135"
    },
    {
        "player": "David Perron",
        "team": "DET",
        "opponent": "COL",
        "propType": "sog",
        "line": 2.5,
        "ppLine": "PP1",
        "avg": 2.45,
        "hit": false,
        "diffAvg": -0.02,
        "diffAbs": 0.16,
        "lastAvg": 2.24,
        "diff": -0.1,
        "avgMin": 16,
        "proj": 2.1,
        "lastAvgMin": 16.98,
        "oppOver": 0,
        "teamOver": 0,
        "gameLine": "+155",
        "+/-": -4,
        "L5_+/-": -5.0,
        "prevMatchup": "2023-01-16 1.0 sog",
        "winLossSplits": "2.55 - 2.13",
        "awayHome": "H",
        "playedYesterday": "N",
        "awayHomeSplits": "2.35 - 2.55",
        "savesAboveExp": 0.16,
        "gsaa": 17.87,
        "corsi": "47.1% (52.3) // 47.9% (53.0) // 50.7% (56.0) // 50.0% (54.0)",
        "fenwick": "47.8% (39.2) // 48.5% (38.9) // 55.5% (44.5) // 54.6% (41.5)",
        "shots": "48.3% (28.4) // 48.9% (28.9) // 54.3% (31.8) // 52.9% (27.5)",
        "scoring": "45.8% (25.8) // 46.6% (27.4) // 49.6% (31.0) // 50.4% (32.5)",
        "corsiAgainst": "52.9% (58.8) // 52.1% (57.6) // 49.3% (54.5) // 50.0% (54.0)",
        "fenwickAgainst": "52.2% (42.9) // 51.5% (41.4) // 44.5% (35.8) // 45.4% (34.5)",
        "shotsAgainst": "51.7% (30.4) // 51.1% (30.2) // 45.7% (26.8) // 47.1% (24.5)",
        "scoringAgainst": "54.2% (30.5) // 53.4% (31.4) // 50.4% (31.5) // 49.6% (32.0)",
        "oppCorsi": "52.2% (59.9) // 56.8% (62.6) // 60.4% (65.4) // 56.0% (60.6)",
        "oppFenwick": "51.5% (44.0) // 56.5% (45.3) // 59.0% (47.0) // 54.9% (41.5)",
        "oppShots": "51.5% (32.8) // 56.0% (32.8) // 57.2% (32.5) // 55.8% (29.8)",
        "oppScoring": "53.1% (30.0) // 57.7% (31.6) // 60.6% (34.6) // 59.2% (35.4)",
        "oppCorsiAgainst": "47.8% (54.8) // 43.2% (47.7) // 39.6% (42.9) // 44.0% (47.7)",
        "oppFenwickAgainst": "48.5% (41.4) // 43.5% (34.8) // 41.0% (32.7) // 45.1% (34.1)",
        "oppShotsAgainst": "48.5% (30.9) // 44.0% (25.8) // 42.8% (24.3) // 44.2% (23.7)",
        "oppScoringAgainst": "46.9% (26.5) // 42.3% (23.2) // 39.4% (22.5) // 40.8% (24.3)",
        "savesPerGame": 27.6,
        "savesPerGameLast1": 14.0,
        "savesPerGameLast3": 26.3,
        "savesPerGameLast5": 26.0,
        "savesPer60": 27.7,
        "savesPer60Last1": 13.3,
        "savesPer60Last3": 25.6,
        "savesPer60Last5": 25.5,
        "shotsPerGame": 28.8,
        "shotsPerGameLast5": 30.6,
        "shotsAgainstPerGame": 30.8,
        "shotsAgainstPerGameLast5": 28.8,
        "oppSavesAgainstPer60": 30.3,
        "oppSavesAgainstPer60Last1": 25.0,
        "oppSavesAgainstPer60Last3": 26.2,
        "oppSavesAgainstPer60Last5": 29.5,
        "oppShotsAgainstPerGame": 31.3,
        "oppShotsAgainstPerGameLast5": 24.8,
        "savesProj": 29.1,
        "savesProjLast5": 26.2,
        "savesProjLast3": 23.3,
        "oppSavesAgainstProj": 29.6,
        "oppSavesAgainstProjLast5": 27.8,
        "oppSavesAgainstProjLast3": 23.8,
        "totalOver": 37,
        "totalOverLast5": 60,
        "lastTotalOver": 49,
        "last5": "1,1,4,4,4,3,2,1,2,2",
        "overOdds": "-110",
        "underOdds": "-120",
        "overUnder": "-110 / -120"
    },
    {
        "player": "David Perron",
        "team": "DET",
        "opponent": "COL",
        "propType": "pts",
        "line": 0.5,
        "ppLine": "PP1",
        "avg": 0.61,
        "hit": false,
        "diffAvg": 0.22,
        "diffAbs": 0.4,
        "lastAvg": 0.72,
        "diff": 0.44,
        "avgMin": 16,
        "proj": 0.7,
        "lastAvgMin": 16.98,
        "oppOver": 0,
        "teamOver": 0,
        "gameLine": "+155",
        "+/-": -4,
        "L5_+/-": -5.0,
        "prevMatchup": "2023-01-16 2.0 pts",
        "winLossSplits": "0.77 - 0.44",
        "awayHome": "H",
        "playedYesterday": "N",
        "awayHomeSplits": "0.74 - 0.48",
        "savesAboveExp": 0.16,
        "gsaa": 17.87,
        "corsi": "47.1% (52.3) // 47.9% (53.0) // 50.7% (56.0) // 50.0% (54.0)",
        "fenwick": "47.8% (39.2) // 48.5% (38.9) // 55.5% (44.5) // 54.6% (41.5)",
        "shots": "48.3% (28.4) // 48.9% (28.9) // 54.3% (31.8) // 52.9% (27.5)",
        "scoring": "45.8% (25.8) // 46.6% (27.4) // 49.6% (31.0) // 50.4% (32.5)",
        "corsiAgainst": "52.9% (58.8) // 52.1% (57.6) // 49.3% (54.5) // 50.0% (54.0)",
        "fenwickAgainst": "52.2% (42.9) // 51.5% (41.4) // 44.5% (35.8) // 45.4% (34.5)",
        "shotsAgainst": "51.7% (30.4) // 51.1% (30.2) // 45.7% (26.8) // 47.1% (24.5)",
        "scoringAgainst": "54.2% (30.5) // 53.4% (31.4) // 50.4% (31.5) // 49.6% (32.0)",
        "oppCorsi": "52.2% (59.9) // 56.8% (62.6) // 60.4% (65.4) // 56.0% (60.6)",
        "oppFenwick": "51.5% (44.0) // 56.5% (45.3) // 59.0% (47.0) // 54.9% (41.5)",
        "oppShots": "51.5% (32.8) // 56.0% (32.8) // 57.2% (32.5) // 55.8% (29.8)",
        "oppScoring": "53.1% (30.0) // 57.7% (31.6) // 60.6% (34.6) // 59.2% (35.4)",
        "oppCorsiAgainst": "47.8% (54.8) // 43.2% (47.7) // 39.6% (42.9) // 44.0% (47.7)",
        "oppFenwickAgainst": "48.5% (41.4) // 43.5% (34.8) // 41.0% (32.7) // 45.1% (34.1)",
        "oppShotsAgainst": "48.5% (30.9) // 44.0% (25.8) // 42.8% (24.3) // 44.2% (23.7)",
        "oppScoringAgainst": "46.9% (26.5) // 42.3% (23.2) // 39.4% (22.5) // 40.8% (24.3)",
        "savesPerGame": 27.6,
        "savesPerGameLast1": 14.0,
        "savesPerGameLast3": 26.3,
        "savesPerGameLast5": 26.0,
        "savesPer60": 27.7,
        "savesPer60Last1": 13.3,
        "savesPer60Last3": 25.6,
        "savesPer60Last5": 25.5,
        "shotsPerGame": 28.8,
        "shotsPerGameLast5": 30.6,
        "shotsAgainstPerGame": 30.8,
        "shotsAgainstPerGameLast5": 28.8,
        "oppSavesAgainstPer60": 30.3,
        "oppSavesAgainstPer60Last1": 25.0,
        "oppSavesAgainstPer60Last3": 26.2,
        "oppSavesAgainstPer60Last5": 29.5,
        "oppShotsAgainstPerGame": 31.3,
        "oppShotsAgainstPerGameLast5": 24.8,
        "savesProj": 29.1,
        "savesProjLast5": 26.2,
        "savesProjLast3": 23.3,
        "oppSavesAgainstProj": 29.6,
        "oppSavesAgainstProjLast5": 27.8,
        "oppSavesAgainstProjLast3": 23.8,
        "totalOver": 45,
        "totalOverLast5": 60,
        "lastTotalOver": 57,
        "last5": "0,0,1,1,1,0,0,0,1,0",
        "overOdds": "-105",
        "underOdds": "-125",
        "overUnder": "-105 / -125"
    },
    {
        "player": "David Perron",
        "team": "DET",
        "opponent": "COL",
        "propType": "ast",
        "line": 0.5,
        "ppLine": "PP1",
        "avg": 0.37,
        "hit": false,
        "diffAvg": -0.26,
        "diffAbs": 0.2,
        "lastAvg": 0.38,
        "diff": -0.24,
        "avgMin": 16,
        "proj": 0.4,
        "lastAvgMin": 16.98,
        "oppOver": 0,
        "teamOver": 0,
        "gameLine": "+155",
        "+/-": -4,
        "L5_+/-": -5.0,
        "prevMatchup": "2023-01-16 1.0 ast",
        "winLossSplits": "0.58 - 0.17",
        "awayHome": "H",
        "playedYesterday": "N",
        "awayHomeSplits": "0.41 - 0.33",
        "savesAboveExp": 0.16,
        "gsaa": 17.87,
        "corsi": "47.1% (52.3) // 47.9% (53.0) // 50.7% (56.0) // 50.0% (54.0)",
        "fenwick": "47.8% (39.2) // 48.5% (38.9) // 55.5% (44.5) // 54.6% (41.5)",
        "shots": "48.3% (28.4) // 48.9% (28.9) // 54.3% (31.8) // 52.9% (27.5)",
        "scoring": "45.8% (25.8) // 46.6% (27.4) // 49.6% (31.0) // 50.4% (32.5)",
        "corsiAgainst": "52.9% (58.8) // 52.1% (57.6) // 49.3% (54.5) // 50.0% (54.0)",
        "fenwickAgainst": "52.2% (42.9) // 51.5% (41.4) // 44.5% (35.8) // 45.4% (34.5)",
        "shotsAgainst": "51.7% (30.4) // 51.1% (30.2) // 45.7% (26.8) // 47.1% (24.5)",
        "scoringAgainst": "54.2% (30.5) // 53.4% (31.4) // 50.4% (31.5) // 49.6% (32.0)",
        "oppCorsi": "52.2% (59.9) // 56.8% (62.6) // 60.4% (65.4) // 56.0% (60.6)",
        "oppFenwick": "51.5% (44.0) // 56.5% (45.3) // 59.0% (47.0) // 54.9% (41.5)",
        "oppShots": "51.5% (32.8) // 56.0% (32.8) // 57.2% (32.5) // 55.8% (29.8)",
        "oppScoring": "53.1% (30.0) // 57.7% (31.6) // 60.6% (34.6) // 59.2% (35.4)",
        "oppCorsiAgainst": "47.8% (54.8) // 43.2% (47.7) // 39.6% (42.9) // 44.0% (47.7)",
        "oppFenwickAgainst": "48.5% (41.4) // 43.5% (34.8) // 41.0% (32.7) // 45.1% (34.1)",
        "oppShotsAgainst": "48.5% (30.9) // 44.0% (25.8) // 42.8% (24.3) // 44.2% (23.7)",
        "oppScoringAgainst": "46.9% (26.5) // 42.3% (23.2) // 39.4% (22.5) // 40.8% (24.3)",
        "savesPerGame": 27.6,
        "savesPerGameLast1": 14.0,
        "savesPerGameLast3": 26.3,
        "savesPerGameLast5": 26.0,
        "savesPer60": 27.7,
        "savesPer60Last1": 13.3,
        "savesPer60Last3": 25.6,
        "savesPer60Last5": 25.5,
        "shotsPerGame": 28.8,
        "shotsPerGameLast5": 30.6,
        "shotsAgainstPerGame": 30.8,
        "shotsAgainstPerGameLast5": 28.8,
        "oppSavesAgainstPer60": 30.3,
        "oppSavesAgainstPer60Last1": 25.0,
        "oppSavesAgainstPer60Last3": 26.2,
        "oppSavesAgainstPer60Last5": 29.5,
        "oppShotsAgainstPerGame": 31.3,
        "oppShotsAgainstPerGameLast5": 24.8,
        "savesProj": 29.1,
        "savesProjLast5": 26.2,
        "savesProjLast3": 23.3,
        "oppSavesAgainstProj": 29.6,
        "oppSavesAgainstProjLast5": 27.8,
        "oppSavesAgainstProjLast3": 23.8,
        "totalOver": 28,
        "totalOverLast5": 40,
        "lastTotalOver": 37,
        "last5": "0,0,1,1,0,0,0,0,0,0",
        "overOdds": "+170",
        "underOdds": "-210",
        "overUnder": "+170 / -210"
    },
    {
        "player": "Devon Toews",
        "team": "COL",
        "opponent": "DET",
        "propType": "sog",
        "line": 1.5,
        "ppLine": "PP2",
        "avg": 2.03,
        "hit": false,
        "diffAvg": 0.35,
        "diffAbs": 0.2,
        "lastAvg": 1.84,
        "diff": 0.23,
        "avgMin": 25,
        "proj": 1.8,
        "lastAvgMin": 25.37,
        "oppOver": 0,
        "teamOver": 0,
        "gameLine": "-180",
        "+/-": "+26",
        "L5_+/-": "+5.0",
        "prevMatchup": "2023-01-16 2.0 sog",
        "winLossSplits": "2.02 - 2.02",
        "awayHome": "A",
        "playedYesterday": "N",
        "awayHomeSplits": "1.75 - 2.3",
        "savesAboveExp": -0.011,
        "gsaa": -2.34,
        "corsi": "52.2% (59.9) // 56.8% (62.6) // 60.4% (65.4) // 56.0% (60.6)",
        "fenwick": "51.5% (44.0) // 56.5% (45.3) // 59.0% (47.0) // 54.9% (41.5)",
        "shots": "51.5% (32.8) // 56.0% (32.8) // 57.2% (32.5) // 55.8% (29.8)",
        "scoring": "53.1% (30.0) // 57.7% (31.6) // 60.6% (34.6) // 59.2% (35.4)",
        "corsiAgainst": "47.8% (54.8) // 43.2% (47.7) // 39.6% (42.9) // 44.0% (47.7)",
        "fenwickAgainst": "48.5% (41.4) // 43.5% (34.8) // 41.0% (32.7) // 45.1% (34.1)",
        "shotsAgainst": "48.5% (30.9) // 44.0% (25.8) // 42.8% (24.3) // 44.2% (23.7)",
        "scoringAgainst": "46.9% (26.5) // 42.3% (23.2) // 39.4% (22.5) // 40.8% (24.3)",
        "oppCorsi": "47.1% (52.3) // 47.9% (53.0) // 50.7% (56.0) // 50.0% (54.0)",
        "oppFenwick": "47.8% (39.2) // 48.5% (38.9) // 55.5% (44.5) // 54.6% (41.5)",
        "oppShots": "48.3% (28.4) // 48.9% (28.9) // 54.3% (31.8) // 52.9% (27.5)",
        "oppScoring": "45.8% (25.8) // 46.6% (27.4) // 49.6% (31.0) // 50.4% (32.5)",
        "oppCorsiAgainst": "52.9% (58.8) // 52.1% (57.6) // 49.3% (54.5) // 50.0% (54.0)",
        "oppFenwickAgainst": "52.2% (42.9) // 51.5% (41.4) // 44.5% (35.8) // 45.4% (34.5)",
        "oppShotsAgainst": "51.7% (30.4) // 51.1% (30.2) // 45.7% (26.8) // 47.1% (24.5)",
        "oppScoringAgainst": "54.2% (30.5) // 53.4% (31.4) // 50.4% (31.5) // 49.6% (32.0)",
        "savesPerGame": 28.5,
        "savesPerGameLast1": 32.0,
        "savesPerGameLast3": 21.3,
        "savesPerGameLast5": 21.6,
        "savesPer60": 28.6,
        "savesPer60Last1": 32.0,
        "savesPer60Last3": 21.9,
        "savesPer60Last5": 21.9,
        "shotsPerGame": 33.3,
        "shotsPerGameLast5": 33.2,
        "shotsAgainstPerGame": 31.3,
        "shotsAgainstPerGameLast5": 24.8,
        "oppSavesAgainstPer60": 25.9,
        "oppSavesAgainstPer60Last1": 29.3,
        "oppSavesAgainstPer60Last3": 27.1,
        "oppSavesAgainstPer60Last5": 28.8,
        "oppShotsAgainstPerGame": 30.8,
        "oppShotsAgainstPerGameLast5": 28.8,
        "savesProj": 26.7,
        "savesProjLast5": 22.1,
        "savesProjLast3": 20.6,
        "oppSavesAgainstProj": 26.2,
        "oppSavesAgainstProjLast5": 22.7,
        "oppSavesAgainstProjLast3": 20.5,
        "totalOver": 57,
        "totalOverLast5": 40,
        "lastTotalOver": 66,
        "last5": "2,1,0,4,1,4,1,4,3,4",
        "overOdds": "-140",
        "underOdds": "+110",
        "overUnder": "-140 / +110"
    },
    {
        "player": "Devon Toews",
        "team": "COL",
        "opponent": "DET",
        "propType": "pts",
        "line": 0.5,
        "ppLine": "PP2",
        "avg": 0.55,
        "hit": false,
        "diffAvg": 0.1,
        "diffAbs": 0.4,
        "lastAvg": 0.66,
        "diff": 0.32,
        "avgMin": 25,
        "proj": 0.7,
        "lastAvgMin": 25.37,
        "oppOver": 0,
        "teamOver": 0,
        "gameLine": "-180",
        "+/-": "+26",
        "L5_+/-": "+5.0",
        "prevMatchup": "2023-01-16 2.0 pts",
        "winLossSplits": "0.76 - 0.32",
        "awayHome": "A",
        "playedYesterday": "N",
        "awayHomeSplits": "0.56 - 0.55",
        "savesAboveExp": -0.011,
        "gsaa": -2.34,
        "corsi": "52.2% (59.9) // 56.8% (62.6) // 60.4% (65.4) // 56.0% (60.6)",
        "fenwick": "51.5% (44.0) // 56.5% (45.3) // 59.0% (47.0) // 54.9% (41.5)",
        "shots": "51.5% (32.8) // 56.0% (32.8) // 57.2% (32.5) // 55.8% (29.8)",
        "scoring": "53.1% (30.0) // 57.7% (31.6) // 60.6% (34.6) // 59.2% (35.4)",
        "corsiAgainst": "47.8% (54.8) // 43.2% (47.7) // 39.6% (42.9) // 44.0% (47.7)",
        "fenwickAgainst": "48.5% (41.4) // 43.5% (34.8) // 41.0% (32.7) // 45.1% (34.1)",
        "shotsAgainst": "48.5% (30.9) // 44.0% (25.8) // 42.8% (24.3) // 44.2% (23.7)",
        "scoringAgainst": "46.9% (26.5) // 42.3% (23.2) // 39.4% (22.5) // 40.8% (24.3)",
        "oppCorsi": "47.1% (52.3) // 47.9% (53.0) // 50.7% (56.0) // 50.0% (54.0)",
        "oppFenwick": "47.8% (39.2) // 48.5% (38.9) // 55.5% (44.5) // 54.6% (41.5)",
        "oppShots": "48.3% (28.4) // 48.9% (28.9) // 54.3% (31.8) // 52.9% (27.5)",
        "oppScoring": "45.8% (25.8) // 46.6% (27.4) // 49.6% (31.0) // 50.4% (32.5)",
        "oppCorsiAgainst": "52.9% (58.8) // 52.1% (57.6) // 49.3% (54.5) // 50.0% (54.0)",
        "oppFenwickAgainst": "52.2% (42.9) // 51.5% (41.4) // 44.5% (35.8) // 45.4% (34.5)",
        "oppShotsAgainst": "51.7% (30.4) // 51.1% (30.2) // 45.7% (26.8) // 47.1% (24.5)",
        "oppScoringAgainst": "54.2% (30.5) // 53.4% (31.4) // 50.4% (31.5) // 49.6% (32.0)",
        "savesPerGame": 28.5,
        "savesPerGameLast1": 32.0,
        "savesPerGameLast3": 21.3,
        "savesPerGameLast5": 21.6,
        "savesPer60": 28.6,
        "savesPer60Last1": 32.0,
        "savesPer60Last3": 21.9,
        "savesPer60Last5": 21.9,
        "shotsPerGame": 33.3,
        "shotsPerGameLast5": 33.2,
        "shotsAgainstPerGame": 31.3,
        "shotsAgainstPerGameLast5": 24.8,
        "oppSavesAgainstPer60": 25.9,
        "oppSavesAgainstPer60Last1": 29.3,
        "oppSavesAgainstPer60Last3": 27.1,
        "oppSavesAgainstPer60Last5": 28.8,
        "oppShotsAgainstPerGame": 30.8,
        "oppShotsAgainstPerGameLast5": 28.8,
        "savesProj": 26.7,
        "savesProjLast5": 22.1,
        "savesProjLast3": 20.6,
        "oppSavesAgainstProj": 26.2,
        "oppSavesAgainstProjLast5": 22.7,
        "oppSavesAgainstProjLast3": 20.5,
        "totalOver": 43,
        "totalOverLast5": 20,
        "lastTotalOver": 58,
        "last5": "0,0,2,0,0,2,0,0,0,0",
        "overOdds": "+135",
        "underOdds": "-165",
        "overUnder": "+135 / -165"
    },
    {
        "player": "Devon Toews",
        "team": "COL",
        "opponent": "DET",
        "propType": "ast",
        "line": 0.5,
        "ppLine": "PP2",
        "avg": 0.49,
        "hit": false,
        "diffAvg": -0.02,
        "diffAbs": 0.0,
        "lastAvg": 0.51,
        "diff": 0.02,
        "avgMin": 25,
        "proj": 0.5,
        "lastAvgMin": 25.37,
        "oppOver": 0,
        "teamOver": 0,
        "gameLine": "-180",
        "+/-": "+26",
        "L5_+/-": "+5.0",
        "prevMatchup": "2023-01-16 2.0 ast",
        "winLossSplits": "0.68 - 0.28",
        "awayHome": "A",
        "playedYesterday": "N",
        "awayHomeSplits": "0.5 - 0.48",
        "savesAboveExp": -0.011,
        "gsaa": -2.34,
        "corsi": "52.2% (59.9) // 56.8% (62.6) // 60.4% (65.4) // 56.0% (60.6)",
        "fenwick": "51.5% (44.0) // 56.5% (45.3) // 59.0% (47.0) // 54.9% (41.5)",
        "shots": "51.5% (32.8) // 56.0% (32.8) // 57.2% (32.5) // 55.8% (29.8)",
        "scoring": "53.1% (30.0) // 57.7% (31.6) // 60.6% (34.6) // 59.2% (35.4)",
        "corsiAgainst": "47.8% (54.8) // 43.2% (47.7) // 39.6% (42.9) // 44.0% (47.7)",
        "fenwickAgainst": "48.5% (41.4) // 43.5% (34.8) // 41.0% (32.7) // 45.1% (34.1)",
        "shotsAgainst": "48.5% (30.9) // 44.0% (25.8) // 42.8% (24.3) // 44.2% (23.7)",
        "scoringAgainst": "46.9% (26.5) // 42.3% (23.2) // 39.4% (22.5) // 40.8% (24.3)",
        "oppCorsi": "47.1% (52.3) // 47.9% (53.0) // 50.7% (56.0) // 50.0% (54.0)",
        "oppFenwick": "47.8% (39.2) // 48.5% (38.9) // 55.5% (44.5) // 54.6% (41.5)",
        "oppShots": "48.3% (28.4) // 48.9% (28.9) // 54.3% (31.8) // 52.9% (27.5)",
        "oppScoring": "45.8% (25.8) // 46.6% (27.4) // 49.6% (31.0) // 50.4% (32.5)",
        "oppCorsiAgainst": "52.9% (58.8) // 52.1% (57.6) // 49.3% (54.5) // 50.0% (54.0)",
        "oppFenwickAgainst": "52.2% (42.9) // 51.5% (41.4) // 44.5% (35.8) // 45.4% (34.5)",
        "oppShotsAgainst": "51.7% (30.4) // 51.1% (30.2) // 45.7% (26.8) // 47.1% (24.5)",
        "oppScoringAgainst": "54.2% (30.5) // 53.4% (31.4) // 50.4% (31.5) // 49.6% (32.0)",
        "savesPerGame": 28.5,
        "savesPerGameLast1": 32.0,
        "savesPerGameLast3": 21.3,
        "savesPerGameLast5": 21.6,
        "savesPer60": 28.6,
        "savesPer60Last1": 32.0,
        "savesPer60Last3": 21.9,
        "savesPer60Last5": 21.9,
        "shotsPerGame": 33.3,
        "shotsPerGameLast5": 33.2,
        "shotsAgainstPerGame": 31.3,
        "shotsAgainstPerGameLast5": 24.8,
        "oppSavesAgainstPer60": 25.9,
        "oppSavesAgainstPer60Last1": 29.3,
        "oppSavesAgainstPer60Last3": 27.1,
        "oppSavesAgainstPer60Last5": 28.8,
        "oppShotsAgainstPerGame": 30.8,
        "oppShotsAgainstPerGameLast5": 28.8,
        "savesProj": 26.7,
        "savesProjLast5": 22.1,
        "savesProjLast3": 20.6,
        "oppSavesAgainstProj": 26.2,
        "oppSavesAgainstProjLast5": 22.7,
        "oppSavesAgainstProjLast3": 20.5,
        "totalOver": 38,
        "totalOverLast5": 20,
        "lastTotalOver": 43,
        "last5": "0,0,2,0,0,2,0,0,0,0",
        "overOdds": "+180",
        "underOdds": "-220",
        "overUnder": "+180 / -220"
    },
    {
        "player": "Dominik Kubalik",
        "team": "DET",
        "opponent": "COL",
        "propType": "sog",
        "line": 1.5,
        "ppLine": "PP2",
        "avg": 2.21,
        "hit": false,
        "diffAvg": 0.47,
        "diffAbs": 0.33,
        "lastAvg": 2.06,
        "diff": 0.37,
        "avgMin": 14,
        "proj": 2.0,
        "lastAvgMin": 14.52,
        "oppOver": 0,
        "teamOver": 0,
        "gameLine": "+155",
        "+/-": -10,
        "L5_+/-": -3.0,
        "prevMatchup": "2023-01-16 3.0 sog",
        "winLossSplits": "2.13 - 1.94",
        "awayHome": "H",
        "playedYesterday": "N",
        "awayHomeSplits": "2.21 - 2.22",
        "savesAboveExp": 0.16,
        "gsaa": 17.87,
        "corsi": "47.1% (52.3) // 47.9% (53.0) // 50.7% (56.0) // 50.0% (54.0)",
        "fenwick": "47.8% (39.2) // 48.5% (38.9) // 55.5% (44.5) // 54.6% (41.5)",
        "shots": "48.3% (28.4) // 48.9% (28.9) // 54.3% (31.8) // 52.9% (27.5)",
        "scoring": "45.8% (25.8) // 46.6% (27.4) // 49.6% (31.0) // 50.4% (32.5)",
        "corsiAgainst": "52.9% (58.8) // 52.1% (57.6) // 49.3% (54.5) // 50.0% (54.0)",
        "fenwickAgainst": "52.2% (42.9) // 51.5% (41.4) // 44.5% (35.8) // 45.4% (34.5)",
        "shotsAgainst": "51.7% (30.4) // 51.1% (30.2) // 45.7% (26.8) // 47.1% (24.5)",
        "scoringAgainst": "54.2% (30.5) // 53.4% (31.4) // 50.4% (31.5) // 49.6% (32.0)",
        "oppCorsi": "52.2% (59.9) // 56.8% (62.6) // 60.4% (65.4) // 56.0% (60.6)",
        "oppFenwick": "51.5% (44.0) // 56.5% (45.3) // 59.0% (47.0) // 54.9% (41.5)",
        "oppShots": "51.5% (32.8) // 56.0% (32.8) // 57.2% (32.5) // 55.8% (29.8)",
        "oppScoring": "53.1% (30.0) // 57.7% (31.6) // 60.6% (34.6) // 59.2% (35.4)",
        "oppCorsiAgainst": "47.8% (54.8) // 43.2% (47.7) // 39.6% (42.9) // 44.0% (47.7)",
        "oppFenwickAgainst": "48.5% (41.4) // 43.5% (34.8) // 41.0% (32.7) // 45.1% (34.1)",
        "oppShotsAgainst": "48.5% (30.9) // 44.0% (25.8) // 42.8% (24.3) // 44.2% (23.7)",
        "oppScoringAgainst": "46.9% (26.5) // 42.3% (23.2) // 39.4% (22.5) // 40.8% (24.3)",
        "savesPerGame": 27.6,
        "savesPerGameLast1": 14.0,
        "savesPerGameLast3": 26.3,
        "savesPerGameLast5": 26.0,
        "savesPer60": 27.7,
        "savesPer60Last1": 13.3,
        "savesPer60Last3": 25.6,
        "savesPer60Last5": 25.5,
        "shotsPerGame": 28.8,
        "shotsPerGameLast5": 30.6,
        "shotsAgainstPerGame": 30.8,
        "shotsAgainstPerGameLast5": 28.8,
        "oppSavesAgainstPer60": 30.3,
        "oppSavesAgainstPer60Last1": 25.0,
        "oppSavesAgainstPer60Last3": 26.2,
        "oppSavesAgainstPer60Last5": 29.5,
        "oppShotsAgainstPerGame": 31.3,
        "oppShotsAgainstPerGameLast5": 24.8,
        "savesProj": 29.1,
        "savesProjLast5": 26.2,
        "savesProjLast3": 23.3,
        "oppSavesAgainstProj": 29.6,
        "oppSavesAgainstProjLast5": 27.8,
        "oppSavesAgainstProjLast3": 23.8,
        "totalOver": 58,
        "totalOverLast5": 80,
        "lastTotalOver": 61,
        "last5": "3,3,1,2,2,1,2,3,0,2",
        "overOdds": "-175",
        "underOdds": "+140",
        "overUnder": "-175 / +140"
    },
    {
        "player": "Dominik Kubalik",
        "team": "DET",
        "opponent": "COL",
        "propType": "pts",
        "line": 0.5,
        "ppLine": "PP2",
        "avg": 0.59,
        "hit": false,
        "diffAvg": 0.18,
        "diffAbs": 0.2,
        "lastAvg": 0.41,
        "diff": -0.18,
        "avgMin": 14,
        "proj": 0.4,
        "lastAvgMin": 14.52,
        "oppOver": 0,
        "teamOver": 0,
        "gameLine": "+155",
        "+/-": -10,
        "L5_+/-": -3.0,
        "prevMatchup": "2023-01-16 0.0 pts",
        "winLossSplits": "0.76 - 0.38",
        "awayHome": "H",
        "playedYesterday": "N",
        "awayHomeSplits": "0.53 - 0.66",
        "savesAboveExp": 0.16,
        "gsaa": 17.87,
        "corsi": "47.1% (52.3) // 47.9% (53.0) // 50.7% (56.0) // 50.0% (54.0)",
        "fenwick": "47.8% (39.2) // 48.5% (38.9) // 55.5% (44.5) // 54.6% (41.5)",
        "shots": "48.3% (28.4) // 48.9% (28.9) // 54.3% (31.8) // 52.9% (27.5)",
        "scoring": "45.8% (25.8) // 46.6% (27.4) // 49.6% (31.0) // 50.4% (32.5)",
        "corsiAgainst": "52.9% (58.8) // 52.1% (57.6) // 49.3% (54.5) // 50.0% (54.0)",
        "fenwickAgainst": "52.2% (42.9) // 51.5% (41.4) // 44.5% (35.8) // 45.4% (34.5)",
        "shotsAgainst": "51.7% (30.4) // 51.1% (30.2) // 45.7% (26.8) // 47.1% (24.5)",
        "scoringAgainst": "54.2% (30.5) // 53.4% (31.4) // 50.4% (31.5) // 49.6% (32.0)",
        "oppCorsi": "52.2% (59.9) // 56.8% (62.6) // 60.4% (65.4) // 56.0% (60.6)",
        "oppFenwick": "51.5% (44.0) // 56.5% (45.3) // 59.0% (47.0) // 54.9% (41.5)",
        "oppShots": "51.5% (32.8) // 56.0% (32.8) // 57.2% (32.5) // 55.8% (29.8)",
        "oppScoring": "53.1% (30.0) // 57.7% (31.6) // 60.6% (34.6) // 59.2% (35.4)",
        "oppCorsiAgainst": "47.8% (54.8) // 43.2% (47.7) // 39.6% (42.9) // 44.0% (47.7)",
        "oppFenwickAgainst": "48.5% (41.4) // 43.5% (34.8) // 41.0% (32.7) // 45.1% (34.1)",
        "oppShotsAgainst": "48.5% (30.9) // 44.0% (25.8) // 42.8% (24.3) // 44.2% (23.7)",
        "oppScoringAgainst": "46.9% (26.5) // 42.3% (23.2) // 39.4% (22.5) // 40.8% (24.3)",
        "savesPerGame": 27.6,
        "savesPerGameLast1": 14.0,
        "savesPerGameLast3": 26.3,
        "savesPerGameLast5": 26.0,
        "savesPer60": 27.7,
        "savesPer60Last1": 13.3,
        "savesPer60Last3": 25.6,
        "savesPer60Last5": 25.5,
        "shotsPerGame": 28.8,
        "shotsPerGameLast5": 30.6,
        "shotsAgainstPerGame": 30.8,
        "shotsAgainstPerGameLast5": 28.8,
        "oppSavesAgainstPer60": 30.3,
        "oppSavesAgainstPer60Last1": 25.0,
        "oppSavesAgainstPer60Last3": 26.2,
        "oppSavesAgainstPer60Last5": 29.5,
        "oppShotsAgainstPerGame": 31.3,
        "oppShotsAgainstPerGameLast5": 24.8,
        "savesProj": 29.1,
        "savesProjLast5": 26.2,
        "savesProjLast3": 23.3,
        "oppSavesAgainstProj": 29.6,
        "oppSavesAgainstProjLast5": 27.8,
        "oppSavesAgainstProjLast3": 23.8,
        "totalOver": 44,
        "totalOverLast5": 20,
        "lastTotalOver": 36,
        "last5": "0,0,0,1,0,0,0,1,0,0",
        "overOdds": "+140",
        "underOdds": "-175",
        "overUnder": "+140 / -175"
    },
    {
        "player": "Dominik Kubalik",
        "team": "DET",
        "opponent": "COL",
        "propType": "ast",
        "line": 0.5,
        "ppLine": "PP2",
        "avg": 0.32,
        "hit": false,
        "diffAvg": -0.36,
        "diffAbs": 0.6,
        "lastAvg": 0.22,
        "diff": -0.56,
        "avgMin": 14,
        "proj": 0.2,
        "lastAvgMin": 14.52,
        "oppOver": 0,
        "teamOver": 0,
        "gameLine": "+155",
        "+/-": -10,
        "L5_+/-": -3.0,
        "prevMatchup": "2023-01-16 0.0 ast",
        "winLossSplits": "0.33 - 0.23",
        "awayHome": "H",
        "playedYesterday": "N",
        "awayHomeSplits": "0.15 - 0.5",
        "savesAboveExp": 0.16,
        "gsaa": 17.87,
        "corsi": "47.1% (52.3) // 47.9% (53.0) // 50.7% (56.0) // 50.0% (54.0)",
        "fenwick": "47.8% (39.2) // 48.5% (38.9) // 55.5% (44.5) // 54.6% (41.5)",
        "shots": "48.3% (28.4) // 48.9% (28.9) // 54.3% (31.8) // 52.9% (27.5)",
        "scoring": "45.8% (25.8) // 46.6% (27.4) // 49.6% (31.0) // 50.4% (32.5)",
        "corsiAgainst": "52.9% (58.8) // 52.1% (57.6) // 49.3% (54.5) // 50.0% (54.0)",
        "fenwickAgainst": "52.2% (42.9) // 51.5% (41.4) // 44.5% (35.8) // 45.4% (34.5)",
        "shotsAgainst": "51.7% (30.4) // 51.1% (30.2) // 45.7% (26.8) // 47.1% (24.5)",
        "scoringAgainst": "54.2% (30.5) // 53.4% (31.4) // 50.4% (31.5) // 49.6% (32.0)",
        "oppCorsi": "52.2% (59.9) // 56.8% (62.6) // 60.4% (65.4) // 56.0% (60.6)",
        "oppFenwick": "51.5% (44.0) // 56.5% (45.3) // 59.0% (47.0) // 54.9% (41.5)",
        "oppShots": "51.5% (32.8) // 56.0% (32.8) // 57.2% (32.5) // 55.8% (29.8)",
        "oppScoring": "53.1% (30.0) // 57.7% (31.6) // 60.6% (34.6) // 59.2% (35.4)",
        "oppCorsiAgainst": "47.8% (54.8) // 43.2% (47.7) // 39.6% (42.9) // 44.0% (47.7)",
        "oppFenwickAgainst": "48.5% (41.4) // 43.5% (34.8) // 41.0% (32.7) // 45.1% (34.1)",
        "oppShotsAgainst": "48.5% (30.9) // 44.0% (25.8) // 42.8% (24.3) // 44.2% (23.7)",
        "oppScoringAgainst": "46.9% (26.5) // 42.3% (23.2) // 39.4% (22.5) // 40.8% (24.3)",
        "savesPerGame": 27.6,
        "savesPerGameLast1": 14.0,
        "savesPerGameLast3": 26.3,
        "savesPerGameLast5": 26.0,
        "savesPer60": 27.7,
        "savesPer60Last1": 13.3,
        "savesPer60Last3": 25.6,
        "savesPer60Last5": 25.5,
        "shotsPerGame": 28.8,
        "shotsPerGameLast5": 30.6,
        "shotsAgainstPerGame": 30.8,
        "shotsAgainstPerGameLast5": 28.8,
        "oppSavesAgainstPer60": 30.3,
        "oppSavesAgainstPer60Last1": 25.0,
        "oppSavesAgainstPer60Last3": 26.2,
        "oppSavesAgainstPer60Last5": 29.5,
        "oppShotsAgainstPerGame": 31.3,
        "oppShotsAgainstPerGameLast5": 24.8,
        "savesProj": 29.1,
        "savesProjLast5": 26.2,
        "savesProjLast3": 23.3,
        "oppSavesAgainstProj": 29.6,
        "oppSavesAgainstProjLast5": 27.8,
        "oppSavesAgainstProjLast3": 23.8,
        "totalOver": 29,
        "totalOverLast5": 0,
        "lastTotalOver": 19,
        "last5": "0,0,0,0,0,0,0,0,0,0",
        "overOdds": "+260",
        "underOdds": "-335",
        "overUnder": "+260 / -335"
    },
    {
        "player": "Dylan Larkin",
        "team": "DET",
        "opponent": "COL",
        "propType": "sog",
        "line": 2.5,
        "ppLine": "PP1",
        "avg": 3.14,
        "hit": false,
        "diffAvg": 0.26,
        "diffAbs": 0.12,
        "lastAvg": 2.94,
        "diff": 0.18,
        "avgMin": 19,
        "proj": 2.8,
        "lastAvgMin": 19.65,
        "oppOver": 0,
        "teamOver": 0,
        "gameLine": "+155",
        "+/-": -5,
        "L5_+/-": -7.0,
        "prevMatchup": "2023-01-16 1.0 sog",
        "winLossSplits": "3.34 - 2.69",
        "awayHome": "H",
        "playedYesterday": "N",
        "awayHomeSplits": "2.97 - 3.3",
        "savesAboveExp": 0.16,
        "gsaa": 17.87,
        "corsi": "47.1% (52.3) // 47.9% (53.0) // 50.7% (56.0) // 50.0% (54.0)",
        "fenwick": "47.8% (39.2) // 48.5% (38.9) // 55.5% (44.5) // 54.6% (41.5)",
        "shots": "48.3% (28.4) // 48.9% (28.9) // 54.3% (31.8) // 52.9% (27.5)",
        "scoring": "45.8% (25.8) // 46.6% (27.4) // 49.6% (31.0) // 50.4% (32.5)",
        "corsiAgainst": "52.9% (58.8) // 52.1% (57.6) // 49.3% (54.5) // 50.0% (54.0)",
        "fenwickAgainst": "52.2% (42.9) // 51.5% (41.4) // 44.5% (35.8) // 45.4% (34.5)",
        "shotsAgainst": "51.7% (30.4) // 51.1% (30.2) // 45.7% (26.8) // 47.1% (24.5)",
