[
    {
        "player": "Brady Skjei",
        "team": "CAR",
        "opponent": "WPG",
        "propType": "sog",
        "line": 2.5,
        "ppLine": "",
        "avg": 2.22,
        "hit": false,
        "diffAvg": -0.11,
        "diffAbs": 0.24,
        "lastAvg": 1.92,
        "diff": -0.23,
        "avgMin": 21,
        "proj": 1.9,
        "lastAvgMin": 21.13,
        "oppOver": 0,
        "teamOver": 0,
        "gameLine": "-190",
        "+/-": "+12",
        "L5_+/-": -1.0,
        "prevMatchup": "2022-11-21 3.0 sog",
        "winLossSplits": "2.18 - 2.03",
        "awayHome": "H",
        "playedYesterday": "N",
        "awayHomeSplits": "2.35 - 2.09",
        "savesAboveExp": "-",
        "gsaa": "-",
        "corsi": "59.9% (67.6) // 62.6% (71.7) // 63.7% (69.8) // 63.8% (70.3)",
        "fenwick": "59.3% (51.0) // 61.8% (53.9) // 62.9% (51.3) // 62.7% (51.0)",
        "shots": "57.6% (34.5) // 61.3% (35.5) // 62.2% (33.6) // 58.8% (31.3)",
        "scoring": "59.3% (33.9) // 63.2% (35.7) // 61.6% (32.9) // 56.6% (30.0)",
        "corsiAgainst": "40.1% (45.2) // 37.4% (42.8) // 36.3% (39.7) // 36.2% (40.0)",
        "fenwickAgainst": "40.7% (34.9) // 38.2% (33.3) // 37.1% (30.3) // 37.3% (30.3)",
        "shotsAgainst": "42.4% (25.4) // 38.7% (22.4) // 37.8% (20.5) // 41.2% (22.0)",
        "scoringAgainst": "40.7% (23.3) // 36.8% (20.8) // 38.4% (20.5) // 43.4% (23.0)",
        "oppCorsi": "50.8% (58.2) // 51.0% (58.8) // 50.4% (60.6) // 48.3% (55.3)",
        "oppFenwick": "50.6% (43.7) // 49.8% (42.7) // 49.9% (45.1) // 45.9% (40.3)",
        "oppShots": "49.3% (30.1) // 49.4% (30.4) // 51.3% (34.1) // 47.8% (31.5)",
        "oppScoring": "51.2% (30.2) // 49.4% (29.3) // 49.8% (29.8) // 46.8% (26.3)",
        "oppCorsiAgainst": "49.2% (56.3) // 49.0% (56.5) // 49.6% (59.6) // 51.7% (59.2)",
        "oppFenwickAgainst": "49.4% (42.7) // 50.2% (43.1) // 50.1% (45.3) // 54.1% (47.5)",
        "oppShotsAgainst": "50.7% (31.0) // 50.6% (31.1) // 48.7% (32.4) // 52.2% (34.5)",
        "oppScoringAgainst": "48.8% (28.8) // 50.6% (30.0) // 50.2% (30.0) // 53.2% (29.9)",
        "savesPerGame": 23.3,
        "savesPerGameLast1": 20.0,
        "savesPerGameLast3": 19.7,
        "savesPerGameLast5": 18.8,
        "savesPer60": 23.5,
        "savesPer60Last1": 20.0,
        "savesPer60Last3": 19.2,
        "savesPer60Last5": 18.9,
        "shotsPerGame": 35.1,
        "shotsPerGameLast5": 34.2,
        "shotsAgainstPerGame": 25.8,
        "shotsAgainstPerGameLast5": 20.8,
        "oppSavesAgainstPer60": 27.0,
        "oppSavesAgainstPer60Last1": 18.8,
        "oppSavesAgainstPer60Last3": 28.5,
        "oppSavesAgainstPer60Last5": 30.7,
        "oppShotsAgainstPerGame": 31.2,
        "oppShotsAgainstPerGameLast5": 33.0,
        "savesProj": 22.4,
        "savesProjLast5": 20.7,
        "savesProjLast3": 19.7,
        "oppSavesAgainstProj": 22.3,
        "oppSavesAgainstProjLast5": 20.7,
        "oppSavesAgainstProjLast3": 19.5,
        "totalOver": 42,
        "totalOverLast5": 20,
        "lastTotalOver": 35,
        "last5": "3,2,0,2,0,3,1,3,5,2",
        "overOdds": "+130",
        "underOdds": "-170",
        "overUnder": "+130 / -170"
    },
    {
        "player": "Brent Burns",
        "team": "CAR",
        "opponent": "WPG",
        "propType": "sog",
        "line": 2.5,
        "ppLine": "",
        "avg": 3.06,
        "hit": false,
        "diffAvg": 0.22,
        "diffAbs": 0.12,
        "lastAvg": 2.48,
        "diff": -0.01,
        "avgMin": 23,
        "proj": 2.2,
        "lastAvgMin": 26.13,
        "oppOver": 0,
        "teamOver": 0,
        "gameLine": "-190",
        "+/-": "+15",
        "L5_+/-": "+4.0",
        "prevMatchup": "2022-11-21 5.0 sog",
        "winLossSplits": "2.83 - 3.37",
        "awayHome": "H",
        "playedYesterday": "N",
        "awayHomeSplits": "2.94 - 3.18",
        "savesAboveExp": "-",
        "gsaa": "-",
        "corsi": "59.9% (67.6) // 62.6% (71.7) // 63.7% (69.8) // 63.8% (70.3)",
        "fenwick": "59.3% (51.0) // 61.8% (53.9) // 62.9% (51.3) // 62.7% (51.0)",
        "shots": "57.6% (34.5) // 61.3% (35.5) // 62.2% (33.6) // 58.8% (31.3)",
        "scoring": "59.3% (33.9) // 63.2% (35.7) // 61.6% (32.9) // 56.6% (30.0)",
        "corsiAgainst": "40.1% (45.2) // 37.4% (42.8) // 36.3% (39.7) // 36.2% (40.0)",
        "fenwickAgainst": "40.7% (34.9) // 38.2% (33.3) // 37.1% (30.3) // 37.3% (30.3)",
        "shotsAgainst": "42.4% (25.4) // 38.7% (22.4) // 37.8% (20.5) // 41.2% (22.0)",
        "scoringAgainst": "40.7% (23.3) // 36.8% (20.8) // 38.4% (20.5) // 43.4% (23.0)",
        "oppCorsi": "50.8% (58.2) // 51.0% (58.8) // 50.4% (60.6) // 48.3% (55.3)",
        "oppFenwick": "50.6% (43.7) // 49.8% (42.7) // 49.9% (45.1) // 45.9% (40.3)",
        "oppShots": "49.3% (30.1) // 49.4% (30.4) // 51.3% (34.1) // 47.8% (31.5)",
        "oppScoring": "51.2% (30.2) // 49.4% (29.3) // 49.8% (29.8) // 46.8% (26.3)",
        "oppCorsiAgainst": "49.2% (56.3) // 49.0% (56.5) // 49.6% (59.6) // 51.7% (59.2)",
        "oppFenwickAgainst": "49.4% (42.7) // 50.2% (43.1) // 50.1% (45.3) // 54.1% (47.5)",
        "oppShotsAgainst": "50.7% (31.0) // 50.6% (31.1) // 48.7% (32.4) // 52.2% (34.5)",
        "oppScoringAgainst": "48.8% (28.8) // 50.6% (30.0) // 50.2% (30.0) // 53.2% (29.9)",
        "savesPerGame": 23.3,
        "savesPerGameLast1": 20.0,
        "savesPerGameLast3": 19.7,
        "savesPerGameLast5": 18.8,
        "savesPer60": 23.5,
        "savesPer60Last1": 20.0,
        "savesPer60Last3": 19.2,
        "savesPer60Last5": 18.9,
        "shotsPerGame": 35.1,
        "shotsPerGameLast5": 34.2,
        "shotsAgainstPerGame": 25.8,
        "shotsAgainstPerGameLast5": 20.8,
        "oppSavesAgainstPer60": 27.0,
        "oppSavesAgainstPer60Last1": 18.8,
        "oppSavesAgainstPer60Last3": 28.5,
        "oppSavesAgainstPer60Last5": 30.7,
        "oppShotsAgainstPerGame": 31.2,
        "oppShotsAgainstPerGameLast5": 33.0,
        "savesProj": 22.4,
        "savesProjLast5": 20.7,
        "savesProjLast3": 19.7,
        "oppSavesAgainstProj": 22.3,
        "oppSavesAgainstProjLast5": 20.7,
        "oppSavesAgainstProjLast3": 19.5,
        "totalOver": 58,
        "totalOverLast5": 60,
        "lastTotalOver": 43,
        "last5": "5,2,5,4,1,0,1,8,3,3",
        "overOdds": "-170",
        "underOdds": "+130",
        "overUnder": "-170 / +130"
    },
    {
        "player": "Brent Burns",
        "team": "CAR",
        "opponent": "WPG",
        "propType": "pts",
        "line": 0.5,
        "ppLine": "",
        "avg": 0.78,
        "hit": false,
        "diffAvg": 0.56,
        "diffAbs": 0.2,
        "lastAvg": 0.66,
        "diff": 0.32,
        "avgMin": 23,
        "proj": 0.6,
        "lastAvgMin": 26.13,
        "oppOver": 0,
        "teamOver": 0,
        "gameLine": "-190",
        "+/-": "+15",
        "L5_+/-": "+4.0",
        "prevMatchup": "2022-11-21 1.0 pts",
        "winLossSplits": "1.01 - 0.36",
        "awayHome": "H",
        "playedYesterday": "N",
        "awayHomeSplits": "0.88 - 0.7",
        "savesAboveExp": "-",
        "gsaa": "-",
        "corsi": "59.9% (67.6) // 62.6% (71.7) // 63.7% (69.8) // 63.8% (70.3)",
        "fenwick": "59.3% (51.0) // 61.8% (53.9) // 62.9% (51.3) // 62.7% (51.0)",
        "shots": "57.6% (34.5) // 61.3% (35.5) // 62.2% (33.6) // 58.8% (31.3)",
        "scoring": "59.3% (33.9) // 63.2% (35.7) // 61.6% (32.9) // 56.6% (30.0)",
        "corsiAgainst": "40.1% (45.2) // 37.4% (42.8) // 36.3% (39.7) // 36.2% (40.0)",
        "fenwickAgainst": "40.7% (34.9) // 38.2% (33.3) // 37.1% (30.3) // 37.3% (30.3)",
        "shotsAgainst": "42.4% (25.4) // 38.7% (22.4) // 37.8% (20.5) // 41.2% (22.0)",
        "scoringAgainst": "40.7% (23.3) // 36.8% (20.8) // 38.4% (20.5) // 43.4% (23.0)",
        "oppCorsi": "50.8% (58.2) // 51.0% (58.8) // 50.4% (60.6) // 48.3% (55.3)",
        "oppFenwick": "50.6% (43.7) // 49.8% (42.7) // 49.9% (45.1) // 45.9% (40.3)",
        "oppShots": "49.3% (30.1) // 49.4% (30.4) // 51.3% (34.1) // 47.8% (31.5)",
        "oppScoring": "51.2% (30.2) // 49.4% (29.3) // 49.8% (29.8) // 46.8% (26.3)",
        "oppCorsiAgainst": "49.2% (56.3) // 49.0% (56.5) // 49.6% (59.6) // 51.7% (59.2)",
        "oppFenwickAgainst": "49.4% (42.7) // 50.2% (43.1) // 50.1% (45.3) // 54.1% (47.5)",
        "oppShotsAgainst": "50.7% (31.0) // 50.6% (31.1) // 48.7% (32.4) // 52.2% (34.5)",
        "oppScoringAgainst": "48.8% (28.8) // 50.6% (30.0) // 50.2% (30.0) // 53.2% (29.9)",
        "savesPerGame": 23.3,
        "savesPerGameLast1": 20.0,
        "savesPerGameLast3": 19.7,
        "savesPerGameLast5": 18.8,
        "savesPer60": 23.5,
        "savesPer60Last1": 20.0,
        "savesPer60Last3": 19.2,
        "savesPer60Last5": 18.9,
        "shotsPerGame": 35.1,
        "shotsPerGameLast5": 34.2,
        "shotsAgainstPerGame": 25.8,
        "shotsAgainstPerGameLast5": 20.8,
        "oppSavesAgainstPer60": 27.0,
        "oppSavesAgainstPer60Last1": 18.8,
        "oppSavesAgainstPer60Last3": 28.5,
        "oppSavesAgainstPer60Last5": 30.7,
        "oppShotsAgainstPerGame": 31.2,
        "oppShotsAgainstPerGameLast5": 33.0,
        "savesProj": 22.4,
        "savesProjLast5": 20.7,
        "savesProjLast3": 19.7,
        "oppSavesAgainstProj": 22.3,
        "oppSavesAgainstProjLast5": 20.7,
        "oppSavesAgainstProjLast3": 19.5,
        "totalOver": 60,
        "totalOverLast5": 40,
        "lastTotalOver": 53,
        "last5": "0,0,1,0,1,4,1,0,1,2",
        "overOdds": "-165",
        "underOdds": "+125",
        "overUnder": "-165 / +125"
    },
    {
        "player": "Brent Burns",
        "team": "CAR",
        "opponent": "WPG",
        "propType": "ast",
        "line": 0.5,
        "ppLine": "",
        "avg": 0.6,
        "hit": false,
        "diffAvg": 0.2,
        "diffAbs": 0.0,
        "lastAvg": 0.54,
        "diff": 0.08,
        "avgMin": 23,
        "proj": 0.5,
        "lastAvgMin": 26.13,
        "oppOver": 0,
        "teamOver": 0,
        "gameLine": "-190",
        "+/-": "+15",
        "L5_+/-": "+4.0",
        "prevMatchup": "2022-11-21 1.0 ast",
        "winLossSplits": "0.77 - 0.26",
        "awayHome": "H",
        "playedYesterday": "N",
        "awayHomeSplits": "0.66 - 0.55",
        "savesAboveExp": "-",
        "gsaa": "-",
        "corsi": "59.9% (67.6) // 62.6% (71.7) // 63.7% (69.8) // 63.8% (70.3)",
        "fenwick": "59.3% (51.0) // 61.8% (53.9) // 62.9% (51.3) // 62.7% (51.0)",
        "shots": "57.6% (34.5) // 61.3% (35.5) // 62.2% (33.6) // 58.8% (31.3)",
        "scoring": "59.3% (33.9) // 63.2% (35.7) // 61.6% (32.9) // 56.6% (30.0)",
        "corsiAgainst": "40.1% (45.2) // 37.4% (42.8) // 36.3% (39.7) // 36.2% (40.0)",
        "fenwickAgainst": "40.7% (34.9) // 38.2% (33.3) // 37.1% (30.3) // 37.3% (30.3)",
        "shotsAgainst": "42.4% (25.4) // 38.7% (22.4) // 37.8% (20.5) // 41.2% (22.0)",
        "scoringAgainst": "40.7% (23.3) // 36.8% (20.8) // 38.4% (20.5) // 43.4% (23.0)",
        "oppCorsi": "50.8% (58.2) // 51.0% (58.8) // 50.4% (60.6) // 48.3% (55.3)",
        "oppFenwick": "50.6% (43.7) // 49.8% (42.7) // 49.9% (45.1) // 45.9% (40.3)",
        "oppShots": "49.3% (30.1) // 49.4% (30.4) // 51.3% (34.1) // 47.8% (31.5)",
        "oppScoring": "51.2% (30.2) // 49.4% (29.3) // 49.8% (29.8) // 46.8% (26.3)",
        "oppCorsiAgainst": "49.2% (56.3) // 49.0% (56.5) // 49.6% (59.6) // 51.7% (59.2)",
        "oppFenwickAgainst": "49.4% (42.7) // 50.2% (43.1) // 50.1% (45.3) // 54.1% (47.5)",
        "oppShotsAgainst": "50.7% (31.0) // 50.6% (31.1) // 48.7% (32.4) // 52.2% (34.5)",
        "oppScoringAgainst": "48.8% (28.8) // 50.6% (30.0) // 50.2% (30.0) // 53.2% (29.9)",
        "savesPerGame": 23.3,
        "savesPerGameLast1": 20.0,
        "savesPerGameLast3": 19.7,
        "savesPerGameLast5": 18.8,
        "savesPer60": 23.5,
        "savesPer60Last1": 20.0,
        "savesPer60Last3": 19.2,
        "savesPer60Last5": 18.9,
        "shotsPerGame": 35.1,
        "shotsPerGameLast5": 34.2,
        "shotsAgainstPerGame": 25.8,
        "shotsAgainstPerGameLast5": 20.8,
        "oppSavesAgainstPer60": 27.0,
        "oppSavesAgainstPer60Last1": 18.8,
        "oppSavesAgainstPer60Last3": 28.5,
        "oppSavesAgainstPer60Last5": 30.7,
        "oppShotsAgainstPerGame": 31.2,
        "oppShotsAgainstPerGameLast5": 33.0,
        "savesProj": 22.4,
        "savesProjLast5": 20.7,
        "savesProjLast3": 19.7,
        "oppSavesAgainstProj": 22.3,
        "oppSavesAgainstProjLast5": 20.7,
        "oppSavesAgainstProjLast3": 19.5,
        "totalOver": 45,
        "totalOverLast5": 40,
        "lastTotalOver": 44,
        "last5": "0,0,1,0,1,4,1,0,0,2",
        "overOdds": "-120",
        "underOdds": "-120",
        "overUnder": "-120 / -120"
    },
    {
        "player": "Kyle Connor",
        "team": "WPG",
        "opponent": "CAR",
        "propType": "sog",
        "line": 3.5,
        "ppLine": "",
        "avg": 3.48,
        "hit": false,
        "diffAvg": -0.01,
        "diffAbs": 0.03,
        "lastAvg": 3.91,
        "diff": 0.12,
        "avgMin": 20,
        "proj": 3.6,
        "lastAvgMin": 21.77,
        "oppOver": 0,
        "teamOver": 0,
        "gameLine": "+160",
        "+/-": -3,
        "L5_+/-": -8.0,
        "prevMatchup": "2022-11-21 4.0 sog",
        "winLossSplits": "3.31 - 3.36",
        "awayHome": "A",
        "playedYesterday": "N",
        "awayHomeSplits": "3.12 - 3.82",
        "savesAboveExp": "-",
        "gsaa": "-",
        "corsi": "50.8% (58.2) // 51.0% (58.8) // 50.4% (60.6) // 48.3% (55.3)",
        "fenwick": "50.6% (43.7) // 49.8% (42.7) // 49.9% (45.1) // 45.9% (40.3)",
        "shots": "49.3% (30.1) // 49.4% (30.4) // 51.3% (34.1) // 47.8% (31.5)",
        "scoring": "51.2% (30.2) // 49.4% (29.3) // 49.8% (29.8) // 46.8% (26.3)",
        "corsiAgainst": "49.2% (56.3) // 49.0% (56.5) // 49.6% (59.6) // 51.7% (59.2)",
        "fenwickAgainst": "49.4% (42.7) // 50.2% (43.1) // 50.1% (45.3) // 54.1% (47.5)",
        "shotsAgainst": "50.7% (31.0) // 50.6% (31.1) // 48.7% (32.4) // 52.2% (34.5)",
        "scoringAgainst": "48.8% (28.8) // 50.6% (30.0) // 50.2% (30.0) // 53.2% (29.9)",
        "oppCorsi": "59.9% (67.6) // 62.6% (71.7) // 63.7% (69.8) // 63.8% (70.3)",
        "oppFenwick": "59.3% (51.0) // 61.8% (53.9) // 62.9% (51.3) // 62.7% (51.0)",
        "oppShots": "57.6% (34.5) // 61.3% (35.5) // 62.2% (33.6) // 58.8% (31.3)",
        "oppScoring": "59.3% (33.9) // 63.2% (35.7) // 61.6% (32.9) // 56.6% (30.0)",
        "oppCorsiAgainst": "40.1% (45.2) // 37.4% (42.8) // 36.3% (39.7) // 36.2% (40.0)",
        "oppFenwickAgainst": "40.7% (34.9) // 38.2% (33.3) // 37.1% (30.3) // 37.3% (30.3)",
        "oppShotsAgainst": "42.4% (25.4) // 38.7% (22.4) // 37.8% (20.5) // 41.2% (22.0)",
        "oppScoringAgainst": "40.7% (23.3) // 36.8% (20.8) // 38.4% (20.5) // 43.4% (23.0)",
        "savesPerGame": 28.4,
        "savesPerGameLast1": 33.0,
        "savesPerGameLast3": 32.0,
        "savesPerGameLast5": 29.4,
        "savesPer60": 28.3,
        "savesPer60Last1": 33.0,
        "savesPer60Last3": 32.5,
        "savesPer60Last5": 29.8,
        "shotsPerGame": 30.3,
        "shotsPerGameLast5": 34.8,
        "shotsAgainstPerGame": 31.2,
        "shotsAgainstPerGameLast5": 33.0,
        "oppSavesAgainstPer60": 32.0,
        "oppSavesAgainstPer60Last1": 32.0,
        "oppSavesAgainstPer60Last3": 31.2,
        "oppSavesAgainstPer60Last5": 32.3,
        "oppShotsAgainstPerGame": 25.8,
        "oppShotsAgainstPerGameLast5": 20.8,
        "savesProj": 38.3,
        "savesProjLast5": 40.8,
        "savesProjLast3": 42.9,
        "oppSavesAgainstProj": 32.3,
        "oppSavesAgainstProjLast5": 31.8,
        "oppSavesAgainstProjLast3": 32.4,
        "totalOver": 40,
        "totalOverLast5": 60,
        "lastTotalOver": 54,
        "last5": "2,3,6,6,4,1,3,3,4,2",
        "overOdds": "+130",
        "underOdds": "-170",
        "overUnder": "+130 / -170"
    },
    {
        "player": "Kyle Connor",
        "team": "WPG",
        "opponent": "CAR",
        "propType": "pts",
        "line": 0.5,
        "ppLine": "",
        "avg": 1.09,
        "hit": false,
        "diffAvg": 1.18,
        "diffAbs": 1.2,
        "lastAvg": 1.15,
        "diff": 1.3,
        "avgMin": 20,
        "proj": 1.1,
        "lastAvgMin": 21.77,
        "oppOver": 0,
        "teamOver": 0,
        "gameLine": "+160",
        "+/-": -3,
        "L5_+/-": -8.0,
        "prevMatchup": "2022-11-21 0.0 pts",
        "winLossSplits": "1.56 - 0.45",
        "awayHome": "A",
        "playedYesterday": "N",
        "awayHomeSplits": "0.97 - 1.21",
        "savesAboveExp": "-",
        "gsaa": "-",
        "corsi": "50.8% (58.2) // 51.0% (58.8) // 50.4% (60.6) // 48.3% (55.3)",
        "fenwick": "50.6% (43.7) // 49.8% (42.7) // 49.9% (45.1) // 45.9% (40.3)",
        "shots": "49.3% (30.1) // 49.4% (30.4) // 51.3% (34.1) // 47.8% (31.5)",
        "scoring": "51.2% (30.2) // 49.4% (29.3) // 49.8% (29.8) // 46.8% (26.3)",
        "corsiAgainst": "49.2% (56.3) // 49.0% (56.5) // 49.6% (59.6) // 51.7% (59.2)",
        "fenwickAgainst": "49.4% (42.7) // 50.2% (43.1) // 50.1% (45.3) // 54.1% (47.5)",
        "shotsAgainst": "50.7% (31.0) // 50.6% (31.1) // 48.7% (32.4) // 52.2% (34.5)",
        "scoringAgainst": "48.8% (28.8) // 50.6% (30.0) // 50.2% (30.0) // 53.2% (29.9)",
        "oppCorsi": "59.9% (67.6) // 62.6% (71.7) // 63.7% (69.8) // 63.8% (70.3)",
        "oppFenwick": "59.3% (51.0) // 61.8% (53.9) // 62.9% (51.3) // 62.7% (51.0)",
        "oppShots": "57.6% (34.5) // 61.3% (35.5) // 62.2% (33.6) // 58.8% (31.3)",
        "oppScoring": "59.3% (33.9) // 63.2% (35.7) // 61.6% (32.9) // 56.6% (30.0)",
        "oppCorsiAgainst": "40.1% (45.2) // 37.4% (42.8) // 36.3% (39.7) // 36.2% (40.0)",
        "oppFenwickAgainst": "40.7% (34.9) // 38.2% (33.3) // 37.1% (30.3) // 37.3% (30.3)",
        "oppShotsAgainst": "42.4% (25.4) // 38.7% (22.4) // 37.8% (20.5) // 41.2% (22.0)",
        "oppScoringAgainst": "40.7% (23.3) // 36.8% (20.8) // 38.4% (20.5) // 43.4% (23.0)",
        "savesPerGame": 28.4,
        "savesPerGameLast1": 33.0,
        "savesPerGameLast3": 32.0,
        "savesPerGameLast5": 29.4,
        "savesPer60": 28.3,
        "savesPer60Last1": 33.0,
        "savesPer60Last3": 32.5,
        "savesPer60Last5": 29.8,
        "shotsPerGame": 30.3,
        "shotsPerGameLast5": 34.8,
        "shotsAgainstPerGame": 31.2,
        "shotsAgainstPerGameLast5": 33.0,
        "oppSavesAgainstPer60": 32.0,
        "oppSavesAgainstPer60Last1": 32.0,
        "oppSavesAgainstPer60Last3": 31.2,
        "oppSavesAgainstPer60Last5": 32.3,
        "oppShotsAgainstPerGame": 25.8,
        "oppShotsAgainstPerGameLast5": 20.8,
        "savesProj": 38.3,
        "savesProjLast5": 40.8,
        "savesProjLast3": 42.9,
        "oppSavesAgainstProj": 32.3,
        "oppSavesAgainstProjLast5": 31.8,
        "oppSavesAgainstProjLast3": 32.4,
        "totalOver": 70,
        "totalOverLast5": 80,
        "lastTotalOver": 72,
        "last5": "0,3,1,1,1,0,1,0,0,1",
        "overOdds": "-240",
        "underOdds": "+175",
        "overUnder": "-240 / +175"
    },
    {
        "player": "Kyle Connor",
        "team": "WPG",
        "opponent": "CAR",
        "propType": "ast",
        "line": 0.5,
        "ppLine": "",
        "avg": 0.69,
        "hit": false,
        "diffAvg": 0.38,
        "diffAbs": 0.0,
        "lastAvg": 0.57,
        "diff": 0.14,
        "avgMin": 20,
        "proj": 0.5,
        "lastAvgMin": 21.77,
        "oppOver": 0,
        "teamOver": 0,
        "gameLine": "+160",
        "+/-": -3,
        "L5_+/-": -8.0,
        "prevMatchup": "2022-11-21 0.0 ast",
        "winLossSplits": "0.97 - 0.28",
        "awayHome": "A",
        "playedYesterday": "N",
        "awayHomeSplits": "0.61 - 0.76",
        "savesAboveExp": "-",
        "gsaa": "-",
        "corsi": "50.8% (58.2) // 51.0% (58.8) // 50.4% (60.6) // 48.3% (55.3)",
        "fenwick": "50.6% (43.7) // 49.8% (42.7) // 49.9% (45.1) // 45.9% (40.3)",
        "shots": "49.3% (30.1) // 49.4% (30.4) // 51.3% (34.1) // 47.8% (31.5)",
        "scoring": "51.2% (30.2) // 49.4% (29.3) // 49.8% (29.8) // 46.8% (26.3)",
        "corsiAgainst": "49.2% (56.3) // 49.0% (56.5) // 49.6% (59.6) // 51.7% (59.2)",
        "fenwickAgainst": "49.4% (42.7) // 50.2% (43.1) // 50.1% (45.3) // 54.1% (47.5)",
        "shotsAgainst": "50.7% (31.0) // 50.6% (31.1) // 48.7% (32.4) // 52.2% (34.5)",
        "scoringAgainst": "48.8% (28.8) // 50.6% (30.0) // 50.2% (30.0) // 53.2% (29.9)",
        "oppCorsi": "59.9% (67.6) // 62.6% (71.7) // 63.7% (69.8) // 63.8% (70.3)",
        "oppFenwick": "59.3% (51.0) // 61.8% (53.9) // 62.9% (51.3) // 62.7% (51.0)",
        "oppShots": "57.6% (34.5) // 61.3% (35.5) // 62.2% (33.6) // 58.8% (31.3)",
        "oppScoring": "59.3% (33.9) // 63.2% (35.7) // 61.6% (32.9) // 56.6% (30.0)",
        "oppCorsiAgainst": "40.1% (45.2) // 37.4% (42.8) // 36.3% (39.7) // 36.2% (40.0)",
        "oppFenwickAgainst": "40.7% (34.9) // 38.2% (33.3) // 37.1% (30.3) // 37.3% (30.3)",
        "oppShotsAgainst": "42.4% (25.4) // 38.7% (22.4) // 37.8% (20.5) // 41.2% (22.0)",
        "oppScoringAgainst": "40.7% (23.3) // 36.8% (20.8) // 38.4% (20.5) // 43.4% (23.0)",
        "savesPerGame": 28.4,
        "savesPerGameLast1": 33.0,
        "savesPerGameLast3": 32.0,
        "savesPerGameLast5": 29.4,
        "savesPer60": 28.3,
        "savesPer60Last1": 33.0,
        "savesPer60Last3": 32.5,
        "savesPer60Last5": 29.8,
        "shotsPerGame": 30.3,
        "shotsPerGameLast5": 34.8,
        "shotsAgainstPerGame": 31.2,
        "shotsAgainstPerGameLast5": 33.0,
        "oppSavesAgainstPer60": 32.0,
        "oppSavesAgainstPer60Last1": 32.0,
        "oppSavesAgainstPer60Last3": 31.2,
        "oppSavesAgainstPer60Last5": 32.3,
        "oppShotsAgainstPerGame": 25.8,
        "oppShotsAgainstPerGameLast5": 20.8,
        "savesProj": 38.3,
        "savesProjLast5": 40.8,
        "savesProjLast3": 42.9,
        "oppSavesAgainstProj": 32.3,
        "oppSavesAgainstProjLast5": 31.8,
        "oppSavesAgainstProjLast3": 32.4,
        "totalOver": 54,
        "totalOverLast5": 80,
        "lastTotalOver": 42,
        "last5": "0,3,1,1,1,0,0,0,0,1",
        "overOdds": "-115",
        "underOdds": "-125",
        "overUnder": "-115 / -125"
    },
    {
        "player": "Mark Scheifele",
        "team": "WPG",
        "opponent": "CAR",
        "propType": "sog",
        "line": 2.5,
        "ppLine": "",
        "avg": 2.61,
        "hit": false,
        "diffAvg": 0.04,
        "diffAbs": 0.12,
        "lastAvg": 2.37,
        "diff": -0.05,
        "avgMin": 20,
        "proj": 2.2,
        "lastAvgMin": 21.13,
        "oppOver": 0,
        "teamOver": 0,
        "gameLine": "+160",
        "+/-": -7,
        "L5_+/-": -7.0,
        "prevMatchup": "2022-11-21 3.0 sog",
        "winLossSplits": "2.59 - 2.48",
        "awayHome": "A",
        "playedYesterday": "N",
        "awayHomeSplits": "2.36 - 2.85",
        "savesAboveExp": "-",
        "gsaa": "-",
        "corsi": "50.8% (58.2) // 51.0% (58.8) // 50.4% (60.6) // 48.3% (55.3)",
        "fenwick": "50.6% (43.7) // 49.8% (42.7) // 49.9% (45.1) // 45.9% (40.3)",
        "shots": "49.3% (30.1) // 49.4% (30.4) // 51.3% (34.1) // 47.8% (31.5)",
        "scoring": "51.2% (30.2) // 49.4% (29.3) // 49.8% (29.8) // 46.8% (26.3)",
        "corsiAgainst": "49.2% (56.3) // 49.0% (56.5) // 49.6% (59.6) // 51.7% (59.2)",
        "fenwickAgainst": "49.4% (42.7) // 50.2% (43.1) // 50.1% (45.3) // 54.1% (47.5)",
        "shotsAgainst": "50.7% (31.0) // 50.6% (31.1) // 48.7% (32.4) // 52.2% (34.5)",
        "scoringAgainst": "48.8% (28.8) // 50.6% (30.0) // 50.2% (30.0) // 53.2% (29.9)",
        "oppCorsi": "59.9% (67.6) // 62.6% (71.7) // 63.7% (69.8) // 63.8% (70.3)",
        "oppFenwick": "59.3% (51.0) // 61.8% (53.9) // 62.9% (51.3) // 62.7% (51.0)",
        "oppShots": "57.6% (34.5) // 61.3% (35.5) // 62.2% (33.6) // 58.8% (31.3)",
        "oppScoring": "59.3% (33.9) // 63.2% (35.7) // 61.6% (32.9) // 56.6% (30.0)",
        "oppCorsiAgainst": "40.1% (45.2) // 37.4% (42.8) // 36.3% (39.7) // 36.2% (40.0)",
        "oppFenwickAgainst": "40.7% (34.9) // 38.2% (33.3) // 37.1% (30.3) // 37.3% (30.3)",
        "oppShotsAgainst": "42.4% (25.4) // 38.7% (22.4) // 37.8% (20.5) // 41.2% (22.0)",
        "oppScoringAgainst": "40.7% (23.3) // 36.8% (20.8) // 38.4% (20.5) // 43.4% (23.0)",
        "savesPerGame": 28.4,
        "savesPerGameLast1": 33.0,
        "savesPerGameLast3": 32.0,
        "savesPerGameLast5": 29.4,
        "savesPer60": 28.3,
        "savesPer60Last1": 33.0,
        "savesPer60Last3": 32.5,
        "savesPer60Last5": 29.8,
        "shotsPerGame": 30.3,
        "shotsPerGameLast5": 34.8,
        "shotsAgainstPerGame": 31.2,
        "shotsAgainstPerGameLast5": 33.0,
        "oppSavesAgainstPer60": 32.0,
        "oppSavesAgainstPer60Last1": 32.0,
        "oppSavesAgainstPer60Last3": 31.2,
        "oppSavesAgainstPer60Last5": 32.3,
        "oppShotsAgainstPerGame": 25.8,
        "oppShotsAgainstPerGameLast5": 20.8,
        "savesProj": 38.3,
        "savesProjLast5": 40.8,
        "savesProjLast3": 42.9,
        "oppSavesAgainstProj": 32.3,
        "oppSavesAgainstProjLast5": 31.8,
        "oppSavesAgainstProjLast3": 32.4,
        "totalOver": 49,
        "totalOverLast5": 40,
        "lastTotalOver": 40,
        "last5": "1,3,1,1,3,2,5,0,3,2",
        "overOdds": "+130",
        "underOdds": "-170",
        "overUnder": "+130 / -170"
    },
    {
        "player": "Mark Scheifele",
        "team": "WPG",
        "opponent": "CAR",
        "propType": "pts",
        "line": 0.5,
        "ppLine": "",
        "avg": 0.9,
        "hit": false,
        "diffAvg": 0.8,
        "diffAbs": 1.0,
        "lastAvg": 1.04,
        "diff": 1.08,
        "avgMin": 20,
        "proj": 1.0,
        "lastAvgMin": 21.13,
        "oppOver": 0,
        "teamOver": 0,
        "gameLine": "+160",
        "+/-": -7,
        "L5_+/-": -7.0,
        "prevMatchup": "2022-11-21 0.0 pts",
        "winLossSplits": "1.2 - 0.48",
        "awayHome": "A",
        "playedYesterday": "N",
        "awayHomeSplits": "0.82 - 0.97",
        "savesAboveExp": "-",
        "gsaa": "-",
        "corsi": "50.8% (58.2) // 51.0% (58.8) // 50.4% (60.6) // 48.3% (55.3)",
        "fenwick": "50.6% (43.7) // 49.8% (42.7) // 49.9% (45.1) // 45.9% (40.3)",
        "shots": "49.3% (30.1) // 49.4% (30.4) // 51.3% (34.1) // 47.8% (31.5)",
        "scoring": "51.2% (30.2) // 49.4% (29.3) // 49.8% (29.8) // 46.8% (26.3)",
        "corsiAgainst": "49.2% (56.3) // 49.0% (56.5) // 49.6% (59.6) // 51.7% (59.2)",
        "fenwickAgainst": "49.4% (42.7) // 50.2% (43.1) // 50.1% (45.3) // 54.1% (47.5)",
        "shotsAgainst": "50.7% (31.0) // 50.6% (31.1) // 48.7% (32.4) // 52.2% (34.5)",
        "scoringAgainst": "48.8% (28.8) // 50.6% (30.0) // 50.2% (30.0) // 53.2% (29.9)",
        "oppCorsi": "59.9% (67.6) // 62.6% (71.7) // 63.7% (69.8) // 63.8% (70.3)",
        "oppFenwick": "59.3% (51.0) // 61.8% (53.9) // 62.9% (51.3) // 62.7% (51.0)",
        "oppShots": "57.6% (34.5) // 61.3% (35.5) // 62.2% (33.6) // 58.8% (31.3)",
        "oppScoring": "59.3% (33.9) // 63.2% (35.7) // 61.6% (32.9) // 56.6% (30.0)",
        "oppCorsiAgainst": "40.1% (45.2) // 37.4% (42.8) // 36.3% (39.7) // 36.2% (40.0)",
        "oppFenwickAgainst": "40.7% (34.9) // 38.2% (33.3) // 37.1% (30.3) // 37.3% (30.3)",
        "oppShotsAgainst": "42.4% (25.4) // 38.7% (22.4) // 37.8% (20.5) // 41.2% (22.0)",
        "oppScoringAgainst": "40.7% (23.3) // 36.8% (20.8) // 38.4% (20.5) // 43.4% (23.0)",
        "savesPerGame": 28.4,
        "savesPerGameLast1": 33.0,
        "savesPerGameLast3": 32.0,
        "savesPerGameLast5": 29.4,
        "savesPer60": 28.3,
        "savesPer60Last1": 33.0,
        "savesPer60Last3": 32.5,
        "savesPer60Last5": 29.8,
        "shotsPerGame": 30.3,
        "shotsPerGameLast5": 34.8,
        "shotsAgainstPerGame": 31.2,
        "shotsAgainstPerGameLast5": 33.0,
        "oppSavesAgainstPer60": 32.0,
        "oppSavesAgainstPer60Last1": 32.0,
        "oppSavesAgainstPer60Last3": 31.2,
        "oppSavesAgainstPer60Last5": 32.3,
        "oppShotsAgainstPerGame": 25.8,
        "oppShotsAgainstPerGameLast5": 20.8,
        "savesProj": 38.3,
        "savesProjLast5": 40.8,
        "savesProjLast3": 42.9,
        "oppSavesAgainstProj": 32.3,
        "oppSavesAgainstProjLast5": 31.8,
        "oppSavesAgainstProjLast3": 32.4,
        "totalOver": 55,
        "totalOverLast5": 60,
        "lastTotalOver": 63,
        "last5": "1,2,0,0,2,1,2,0,0,0",
        "overOdds": "-165",
        "underOdds": "+125",
        "overUnder": "-165 / +125"
    },
    {
        "player": "Mark Scheifele",
        "team": "WPG",
        "opponent": "CAR",
        "propType": "ast",
        "line": 0.5,
        "ppLine": "",
        "avg": 0.33,
        "hit": false,
        "diffAvg": -0.34,
        "diffAbs": 0.2,
        "lastAvg": 0.61,
        "diff": 0.22,
        "avgMin": 20,
        "proj": 0.6,
        "lastAvgMin": 21.13,
        "oppOver": 0,
        "teamOver": 0,
        "gameLine": "+160",
        "+/-": -7,
        "L5_+/-": -7.0,
        "prevMatchup": "2022-11-21 0.0 ast",
        "winLossSplits": "0.41 - 0.21",
        "awayHome": "A",
        "playedYesterday": "N",
        "awayHomeSplits": "0.24 - 0.41",
        "savesAboveExp": "-",
        "gsaa": "-",
        "corsi": "50.8% (58.2) // 51.0% (58.8) // 50.4% (60.6) // 48.3% (55.3)",
        "fenwick": "50.6% (43.7) // 49.8% (42.7) // 49.9% (45.1) // 45.9% (40.3)",
        "shots": "49.3% (30.1) // 49.4% (30.4) // 51.3% (34.1) // 47.8% (31.5)",
        "scoring": "51.2% (30.2) // 49.4% (29.3) // 49.8% (29.8) // 46.8% (26.3)",
        "corsiAgainst": "49.2% (56.3) // 49.0% (56.5) // 49.6% (59.6) // 51.7% (59.2)",
        "fenwickAgainst": "49.4% (42.7) // 50.2% (43.1) // 50.1% (45.3) // 54.1% (47.5)",
        "shotsAgainst": "50.7% (31.0) // 50.6% (31.1) // 48.7% (32.4) // 52.2% (34.5)",
        "scoringAgainst": "48.8% (28.8) // 50.6% (30.0) // 50.2% (30.0) // 53.2% (29.9)",
        "oppCorsi": "59.9% (67.6) // 62.6% (71.7) // 63.7% (69.8) // 63.8% (70.3)",
        "oppFenwick": "59.3% (51.0) // 61.8% (53.9) // 62.9% (51.3) // 62.7% (51.0)",
        "oppShots": "57.6% (34.5) // 61.3% (35.5) // 62.2% (33.6) // 58.8% (31.3)",
        "oppScoring": "59.3% (33.9) // 63.2% (35.7) // 61.6% (32.9) // 56.6% (30.0)",
        "oppCorsiAgainst": "40.1% (45.2) // 37.4% (42.8) // 36.3% (39.7) // 36.2% (40.0)",
        "oppFenwickAgainst": "40.7% (34.9) // 38.2% (33.3) // 37.1% (30.3) // 37.3% (30.3)",
        "oppShotsAgainst": "42.4% (25.4) // 38.7% (22.4) // 37.8% (20.5) // 41.2% (22.0)",
        "oppScoringAgainst": "40.7% (23.3) // 36.8% (20.8) // 38.4% (20.5) // 43.4% (23.0)",
        "savesPerGame": 28.4,
        "savesPerGameLast1": 33.0,
        "savesPerGameLast3": 32.0,
        "savesPerGameLast5": 29.4,
        "savesPer60": 28.3,
        "savesPer60Last1": 33.0,
        "savesPer60Last3": 32.5,
        "savesPer60Last5": 29.8,
        "shotsPerGame": 30.3,
        "shotsPerGameLast5": 34.8,
        "shotsAgainstPerGame": 31.2,
        "shotsAgainstPerGameLast5": 33.0,
        "oppSavesAgainstPer60": 32.0,
        "oppSavesAgainstPer60Last1": 32.0,
        "oppSavesAgainstPer60Last3": 31.2,
        "oppSavesAgainstPer60Last5": 32.3,
        "oppShotsAgainstPerGame": 25.8,
        "oppShotsAgainstPerGameLast5": 20.8,
        "savesProj": 38.3,
        "savesProjLast5": 40.8,
        "savesProjLast3": 42.9,
        "oppSavesAgainstProj": 32.3,
        "oppSavesAgainstProjLast5": 31.8,
        "oppSavesAgainstProjLast3": 32.4,
        "totalOver": 24,
        "totalOverLast5": 40,
        "lastTotalOver": 49,
        "last5": "1,0,0,0,1,0,2,0,0,0",
        "overOdds": "+160",
        "underOdds": "-215",
        "overUnder": "+160 / -215"
    },
    {
        "player": "Martin Necas",
        "team": "CAR",
        "opponent": "WPG",
        "propType": "sog",
        "line": 2.5,
        "ppLine": "",
        "avg": 3.06,
        "hit": false,
        "diffAvg": 0.22,
        "diffAbs": 0.24,
        "lastAvg": 1.73,
        "diff": -0.31,
        "avgMin": 18,
        "proj": 1.9,
        "lastAvgMin": 16.18,
        "oppOver": 0,
        "teamOver": 0,
        "gameLine": "-190",
        "+/-": "+8",
        "L5_+/-": -1.0,
        "prevMatchup": "2022-11-21 3.0 sog",
        "winLossSplits": "3.12 - 2.73",
        "awayHome": "H",
        "playedYesterday": "N",
        "awayHomeSplits": "3.19 - 2.94",
        "savesAboveExp": "-",
        "gsaa": "-",
        "corsi": "59.9% (67.6) // 62.6% (71.7) // 63.7% (69.8) // 63.8% (70.3)",
        "fenwick": "59.3% (51.0) // 61.8% (53.9) // 62.9% (51.3) // 62.7% (51.0)",
        "shots": "57.6% (34.5) // 61.3% (35.5) // 62.2% (33.6) // 58.8% (31.3)",
        "scoring": "59.3% (33.9) // 63.2% (35.7) // 61.6% (32.9) // 56.6% (30.0)",
        "corsiAgainst": "40.1% (45.2) // 37.4% (42.8) // 36.3% (39.7) // 36.2% (40.0)",
        "fenwickAgainst": "40.7% (34.9) // 38.2% (33.3) // 37.1% (30.3) // 37.3% (30.3)",
        "shotsAgainst": "42.4% (25.4) // 38.7% (22.4) // 37.8% (20.5) // 41.2% (22.0)",
        "scoringAgainst": "40.7% (23.3) // 36.8% (20.8) // 38.4% (20.5) // 43.4% (23.0)",
        "oppCorsi": "50.8% (58.2) // 51.0% (58.8) // 50.4% (60.6) // 48.3% (55.3)",
        "oppFenwick": "50.6% (43.7) // 49.8% (42.7) // 49.9% (45.1) // 45.9% (40.3)",
        "oppShots": "49.3% (30.1) // 49.4% (30.4) // 51.3% (34.1) // 47.8% (31.5)",
        "oppScoring": "51.2% (30.2) // 49.4% (29.3) // 49.8% (29.8) // 46.8% (26.3)",
        "oppCorsiAgainst": "49.2% (56.3) // 49.0% (56.5) // 49.6% (59.6) // 51.7% (59.2)",
        "oppFenwickAgainst": "49.4% (42.7) // 50.2% (43.1) // 50.1% (45.3) // 54.1% (47.5)",
        "oppShotsAgainst": "50.7% (31.0) // 50.6% (31.1) // 48.7% (32.4) // 52.2% (34.5)",
        "oppScoringAgainst": "48.8% (28.8) // 50.6% (30.0) // 50.2% (30.0) // 53.2% (29.9)",
        "savesPerGame": 23.3,
        "savesPerGameLast1": 20.0,
        "savesPerGameLast3": 19.7,
        "savesPerGameLast5": 18.8,
        "savesPer60": 23.5,
        "savesPer60Last1": 20.0,
        "savesPer60Last3": 19.2,
        "savesPer60Last5": 18.9,
        "shotsPerGame": 35.1,
        "shotsPerGameLast5": 34.2,
        "shotsAgainstPerGame": 25.8,
        "shotsAgainstPerGameLast5": 20.8,
        "oppSavesAgainstPer60": 27.0,
        "oppSavesAgainstPer60Last1": 18.8,
        "oppSavesAgainstPer60Last3": 28.5,
        "oppSavesAgainstPer60Last5": 30.7,
        "oppShotsAgainstPerGame": 31.2,
        "oppShotsAgainstPerGameLast5": 33.0,
        "savesProj": 22.4,
        "savesProjLast5": 20.7,
        "savesProjLast3": 19.7,
        "oppSavesAgainstProj": 22.3,
        "oppSavesAgainstProjLast5": 20.7,
        "oppSavesAgainstProjLast3": 19.5,
        "totalOver": 60,
        "totalOverLast5": 40,
        "lastTotalOver": 37,
        "last5": "1,4,2,4,2,5,3,3,1,1",
        "overOdds": "-150",
        "underOdds": "+110",
        "overUnder": "-150 / +110"
    },
    {
        "player": "Martin Necas",
        "team": "CAR",
        "opponent": "WPG",
        "propType": "pts",
        "line": 0.5,
        "ppLine": "",
        "avg": 0.92,
        "hit": false,
        "diffAvg": 0.84,
        "diffAbs": 0.0,
        "lastAvg": 0.43,
        "diff": -0.14,
        "avgMin": 18,
        "proj": 0.5,
        "lastAvgMin": 16.18,
        "oppOver": 0,
        "teamOver": 0,
        "gameLine": "-190",
        "+/-": "+8",
        "L5_+/-": -1.0,
        "prevMatchup": "2022-11-21 1.0 pts",
        "winLossSplits": "1.18 - 0.47",
        "awayHome": "H",
        "playedYesterday": "N",
        "awayHomeSplits": "0.72 - 1.12",
        "savesAboveExp": "-",
        "gsaa": "-",
        "corsi": "59.9% (67.6) // 62.6% (71.7) // 63.7% (69.8) // 63.8% (70.3)",
        "fenwick": "59.3% (51.0) // 61.8% (53.9) // 62.9% (51.3) // 62.7% (51.0)",
        "shots": "57.6% (34.5) // 61.3% (35.5) // 62.2% (33.6) // 58.8% (31.3)",
        "scoring": "59.3% (33.9) // 63.2% (35.7) // 61.6% (32.9) // 56.6% (30.0)",
        "corsiAgainst": "40.1% (45.2) // 37.4% (42.8) // 36.3% (39.7) // 36.2% (40.0)",
        "fenwickAgainst": "40.7% (34.9) // 38.2% (33.3) // 37.1% (30.3) // 37.3% (30.3)",
        "shotsAgainst": "42.4% (25.4) // 38.7% (22.4) // 37.8% (20.5) // 41.2% (22.0)",
        "scoringAgainst": "40.7% (23.3) // 36.8% (20.8) // 38.4% (20.5) // 43.4% (23.0)",
        "oppCorsi": "50.8% (58.2) // 51.0% (58.8) // 50.4% (60.6) // 48.3% (55.3)",
        "oppFenwick": "50.6% (43.7) // 49.8% (42.7) // 49.9% (45.1) // 45.9% (40.3)",
        "oppShots": "49.3% (30.1) // 49.4% (30.4) // 51.3% (34.1) // 47.8% (31.5)",
        "oppScoring": "51.2% (30.2) // 49.4% (29.3) // 49.8% (29.8) // 46.8% (26.3)",
        "oppCorsiAgainst": "49.2% (56.3) // 49.0% (56.5) // 49.6% (59.6) // 51.7% (59.2)",
        "oppFenwickAgainst": "49.4% (42.7) // 50.2% (43.1) // 50.1% (45.3) // 54.1% (47.5)",
        "oppShotsAgainst": "50.7% (31.0) // 50.6% (31.1) // 48.7% (32.4) // 52.2% (34.5)",
        "oppScoringAgainst": "48.8% (28.8) // 50.6% (30.0) // 50.2% (30.0) // 53.2% (29.9)",
        "savesPerGame": 23.3,
        "savesPerGameLast1": 20.0,
        "savesPerGameLast3": 19.7,
        "savesPerGameLast5": 18.8,
        "savesPer60": 23.5,
        "savesPer60Last1": 20.0,
        "savesPer60Last3": 19.2,
        "savesPer60Last5": 18.9,
        "shotsPerGame": 35.1,
        "shotsPerGameLast5": 34.2,
        "shotsAgainstPerGame": 25.8,
        "shotsAgainstPerGameLast5": 20.8,
        "oppSavesAgainstPer60": 27.0,
        "oppSavesAgainstPer60Last1": 18.8,
        "oppSavesAgainstPer60Last3": 28.5,
        "oppSavesAgainstPer60Last5": 30.7,
        "oppShotsAgainstPerGame": 31.2,
        "oppShotsAgainstPerGameLast5": 33.0,
        "savesProj": 22.4,
        "savesProjLast5": 20.7,
        "savesProjLast3": 19.7,
        "oppSavesAgainstProj": 22.3,
        "oppSavesAgainstProjLast5": 20.7,
        "oppSavesAgainstProjLast3": 19.5,
        "totalOver": 62,
        "totalOverLast5": 40,
        "lastTotalOver": 38,
        "last5": "0,0,1,0,3,3,1,0,1,0",
        "overOdds": "-200",
        "underOdds": "+150",
        "overUnder": "-200 / +150"
    },
    {
        "player": "Martin Necas",
        "team": "CAR",
        "opponent": "WPG",
        "propType": "ast",
        "line": 0.5,
        "ppLine": "",
        "avg": 0.54,
        "hit": false,
        "diffAvg": 0.08,
        "diffAbs": 0.4,
        "lastAvg": 0.28,
        "diff": -0.44,
        "avgMin": 18,
        "proj": 0.3,
        "lastAvgMin": 16.18,
        "oppOver": 0,
        "teamOver": 0,
        "gameLine": "-190",
        "+/-": "+8",
        "L5_+/-": -1.0,
        "prevMatchup": "2022-11-21 0.0 ast",
        "winLossSplits": "0.73 - 0.22",
        "awayHome": "H",
        "playedYesterday": "N",
        "awayHomeSplits": "0.31 - 0.76",
        "savesAboveExp": "-",
        "gsaa": "-",
        "corsi": "59.9% (67.6) // 62.6% (71.7) // 63.7% (69.8) // 63.8% (70.3)",
        "fenwick": "59.3% (51.0) // 61.8% (53.9) // 62.9% (51.3) // 62.7% (51.0)",
        "shots": "57.6% (34.5) // 61.3% (35.5) // 62.2% (33.6) // 58.8% (31.3)",
        "scoring": "59.3% (33.9) // 63.2% (35.7) // 61.6% (32.9) // 56.6% (30.0)",
        "corsiAgainst": "40.1% (45.2) // 37.4% (42.8) // 36.3% (39.7) // 36.2% (40.0)",
        "fenwickAgainst": "40.7% (34.9) // 38.2% (33.3) // 37.1% (30.3) // 37.3% (30.3)",
        "shotsAgainst": "42.4% (25.4) // 38.7% (22.4) // 37.8% (20.5) // 41.2% (22.0)",
        "scoringAgainst": "40.7% (23.3) // 36.8% (20.8) // 38.4% (20.5) // 43.4% (23.0)",
        "oppCorsi": "50.8% (58.2) // 51.0% (58.8) // 50.4% (60.6) // 48.3% (55.3)",
