[
    {
        "player": "Alex Debrincat",
        "team": "OTT",
        "opponent": "BOS",
        "propType": "sog",
        "line": 2.5,
        "ppLine": "PP1",
        "avg": 3.24,
        "hit": false,
        "diffAvg": 0.3,
        "diffAbs": 0.16,
        "lastAvg": 3.21,
        "diff": 0.28,
        "avgMin": 19,
        "proj": 2.9,
        "lastAvgMin": 20.85,
        "oppOver": 0,
        "teamOver": 0,
        "gameLine": "+245",
        "+/-": -26,
        "L5_+/-": -9.0,
        "prevMatchup": "2023-02-20 2.0 sog, 2022-12-27 7.0 sog, 2022-10-18 6.0 sog",
        "winLossSplits": "3.6 - 2.85",
        "awayHome": "A",
        "playedYesterday": "Y",
        "awayHomeSplits": "3.17 - 3.31",
        "savesAboveExp": 0.892,
        "gsaa": 38.7,
        "corsi": "51.1% (61.2) // 50.5% (60.7) // 46.5% (57.9) // 51.3% (68.4)",
        "fenwick": "51.3% (45.7) // 51.3% (46.1) // 47.7% (43.6) // 52.5% (50.6)",
        "shots": "51.0% (32.8) // 51.1% (32.8) // 47.8% (31.6) // 50.2% (35.4)",
        "scoring": "50.6% (32.3) // 44.7% (29.1) // 41.9% (28.8) // 46.2% (31.8)",
        "corsiAgainst": "48.9% (58.6) // 49.5% (59.5) // 53.5% (66.6) // 48.7% (64.9)",
        "fenwickAgainst": "48.7% (43.4) // 48.7% (43.8) // 52.3% (47.8) // 47.5% (45.7)",
        "shotsAgainst": "49.0% (31.6) // 48.9% (31.4) // 52.2% (34.5) // 49.8% (35.0)",
        "scoringAgainst": "49.4% (31.4) // 55.3% (35.9) // 58.1% (39.9) // 53.8% (37.0)",
        "oppCorsi": "51.4% (57.9) // 50.9% (56.4) // 53.3% (60.5) // 46.1% (51.0)",
        "oppFenwick": "51.9% (43.8) // 50.2% (42.5) // 52.3% (45.5) // 47.7% (41.3)",
        "oppShots": "52.7% (32.5) // 50.2% (31.1) // 52.8% (33.3) // 48.3% (29.0)",
        "oppScoring": "52.9% (32.1) // 52.2% (32.9) // 54.9% (35.3) // 47.0% (28.3)",
        "oppCorsiAgainst": "48.6% (54.7) // 49.1% (54.5) // 46.7% (53.0) // 53.9% (59.7)",
        "oppFenwickAgainst": "48.1% (40.6) // 49.8% (42.1) // 47.7% (41.5) // 52.3% (45.3)",
        "oppShotsAgainst": "47.3% (29.2) // 49.8% (30.8) // 47.2% (29.8) // 51.7% (31.0)",
        "oppScoringAgainst": "47.1% (28.6) // 47.8% (30.2) // 45.1% (29.0) // 53.0% (32.0)",
        "savesPerGame": 28.6,
        "savesPerGameLast1": 48.0,
        "savesPerGameLast3": 32.7,
        "savesPerGameLast5": 31.8,
        "savesPer60": 28.6,
        "savesPer60Last1": 48.0,
        "savesPer60Last3": 33.0,
        "savesPer60Last5": 32.0,
        "shotsPerGame": 33.1,
        "shotsPerGameLast5": 34.4,
        "shotsAgainstPerGame": 31.9,
        "shotsAgainstPerGameLast5": 36.0,
        "oppSavesAgainstPer60": 29.1,
        "oppSavesAgainstPer60Last1": 18.0,
        "oppSavesAgainstPer60Last3": 24.6,
        "oppSavesAgainstPer60Last5": 28.6,
        "oppShotsAgainstPerGame": 29.6,
        "oppShotsAgainstPerGameLast5": 29.6,
        "savesProj": 30.2,
        "savesProjLast5": 32.7,
        "savesProjLast3": 28.7,
        "oppSavesAgainstProj": 29.7,
        "oppSavesAgainstProjLast5": 29.9,
        "oppSavesAgainstProjLast3": 26.8,
        "totalOver": 59,
        "totalOverLast5": 60,
        "lastTotalOver": 62,
        "last5": "1,1,6,4,3,0,4,7,2,3",
        "overOdds": "-145",
        "underOdds": "+115",
        "overUnder": "-145 / +115"
    },
    {
        "player": "Alex Debrincat",
        "team": "OTT",
        "opponent": "BOS",
        "propType": "pts",
        "line": 0.5,
        "ppLine": "PP1",
        "avg": 0.8,
        "hit": false,
        "diffAvg": 0.6,
        "diffAbs": 0.6,
        "lastAvg": 0.93,
        "diff": 0.86,
        "avgMin": 19,
        "proj": 0.8,
        "lastAvgMin": 20.85,
        "oppOver": 0,
        "teamOver": 0,
        "gameLine": "+245",
        "+/-": -26,
        "L5_+/-": -9.0,
        "prevMatchup": "2023-02-20 0.0 pts, 2022-12-27 1.0 pts, 2022-10-18 1.0 pts",
        "winLossSplits": "1.27 - 0.4",
        "awayHome": "A",
        "playedYesterday": "Y",
        "awayHomeSplits": "0.66 - 0.94",
        "savesAboveExp": 0.892,
        "gsaa": 38.7,
        "corsi": "51.1% (61.2) // 50.5% (60.7) // 46.5% (57.9) // 51.3% (68.4)",
        "fenwick": "51.3% (45.7) // 51.3% (46.1) // 47.7% (43.6) // 52.5% (50.6)",
        "shots": "51.0% (32.8) // 51.1% (32.8) // 47.8% (31.6) // 50.2% (35.4)",
        "scoring": "50.6% (32.3) // 44.7% (29.1) // 41.9% (28.8) // 46.2% (31.8)",
        "corsiAgainst": "48.9% (58.6) // 49.5% (59.5) // 53.5% (66.6) // 48.7% (64.9)",
        "fenwickAgainst": "48.7% (43.4) // 48.7% (43.8) // 52.3% (47.8) // 47.5% (45.7)",
        "shotsAgainst": "49.0% (31.6) // 48.9% (31.4) // 52.2% (34.5) // 49.8% (35.0)",
        "scoringAgainst": "49.4% (31.4) // 55.3% (35.9) // 58.1% (39.9) // 53.8% (37.0)",
        "oppCorsi": "51.4% (57.9) // 50.9% (56.4) // 53.3% (60.5) // 46.1% (51.0)",
        "oppFenwick": "51.9% (43.8) // 50.2% (42.5) // 52.3% (45.5) // 47.7% (41.3)",
        "oppShots": "52.7% (32.5) // 50.2% (31.1) // 52.8% (33.3) // 48.3% (29.0)",
        "oppScoring": "52.9% (32.1) // 52.2% (32.9) // 54.9% (35.3) // 47.0% (28.3)",
        "oppCorsiAgainst": "48.6% (54.7) // 49.1% (54.5) // 46.7% (53.0) // 53.9% (59.7)",
        "oppFenwickAgainst": "48.1% (40.6) // 49.8% (42.1) // 47.7% (41.5) // 52.3% (45.3)",
        "oppShotsAgainst": "47.3% (29.2) // 49.8% (30.8) // 47.2% (29.8) // 51.7% (31.0)",
        "oppScoringAgainst": "47.1% (28.6) // 47.8% (30.2) // 45.1% (29.0) // 53.0% (32.0)",
        "savesPerGame": 28.6,
        "savesPerGameLast1": 48.0,
        "savesPerGameLast3": 32.7,
        "savesPerGameLast5": 31.8,
        "savesPer60": 28.6,
        "savesPer60Last1": 48.0,
        "savesPer60Last3": 33.0,
        "savesPer60Last5": 32.0,
        "shotsPerGame": 33.1,
        "shotsPerGameLast5": 34.4,
        "shotsAgainstPerGame": 31.9,
        "shotsAgainstPerGameLast5": 36.0,
        "oppSavesAgainstPer60": 29.1,
        "oppSavesAgainstPer60Last1": 18.0,
        "oppSavesAgainstPer60Last3": 24.6,
        "oppSavesAgainstPer60Last5": 28.6,
        "oppShotsAgainstPerGame": 29.6,
        "oppShotsAgainstPerGameLast5": 29.6,
        "savesProj": 30.2,
        "savesProjLast5": 32.7,
        "savesProjLast3": 28.7,
        "oppSavesAgainstProj": 29.7,
        "oppSavesAgainstProjLast5": 29.9,
        "oppSavesAgainstProjLast3": 26.8,
        "totalOver": 59,
        "totalOverLast5": 20,
        "lastTotalOver": 64,
        "last5": "0,0,0,1,0,0,1,0,1,1",
        "overOdds": "-125",
        "underOdds": "-105",
        "overUnder": "-125 / -105"
    },
    {
        "player": "Alex Debrincat",
        "team": "OTT",
        "opponent": "BOS",
        "propType": "ast",
        "line": 0.5,
        "ppLine": "PP1",
        "avg": 0.5,
        "hit": false,
        "diffAvg": 0.0,
        "diffAbs": 0.2,
        "lastAvg": 0.44,
        "diff": -0.12,
        "avgMin": 19,
        "proj": 0.4,
        "lastAvgMin": 20.85,
        "oppOver": 0,
        "teamOver": 0,
        "gameLine": "+245",
        "+/-": -26,
        "L5_+/-": -9.0,
        "prevMatchup": "2023-02-20 0.0 ast, 2022-12-27 0.0 ast, 2022-10-18 1.0 ast",
        "winLossSplits": "0.69 - 0.35",
        "awayHome": "A",
        "playedYesterday": "Y",
        "awayHomeSplits": "0.4 - 0.6",
        "savesAboveExp": 0.892,
        "gsaa": 38.7,
        "corsi": "51.1% (61.2) // 50.5% (60.7) // 46.5% (57.9) // 51.3% (68.4)",
        "fenwick": "51.3% (45.7) // 51.3% (46.1) // 47.7% (43.6) // 52.5% (50.6)",
        "shots": "51.0% (32.8) // 51.1% (32.8) // 47.8% (31.6) // 50.2% (35.4)",
        "scoring": "50.6% (32.3) // 44.7% (29.1) // 41.9% (28.8) // 46.2% (31.8)",
        "corsiAgainst": "48.9% (58.6) // 49.5% (59.5) // 53.5% (66.6) // 48.7% (64.9)",
        "fenwickAgainst": "48.7% (43.4) // 48.7% (43.8) // 52.3% (47.8) // 47.5% (45.7)",
        "shotsAgainst": "49.0% (31.6) // 48.9% (31.4) // 52.2% (34.5) // 49.8% (35.0)",
        "scoringAgainst": "49.4% (31.4) // 55.3% (35.9) // 58.1% (39.9) // 53.8% (37.0)",
        "oppCorsi": "51.4% (57.9) // 50.9% (56.4) // 53.3% (60.5) // 46.1% (51.0)",
        "oppFenwick": "51.9% (43.8) // 50.2% (42.5) // 52.3% (45.5) // 47.7% (41.3)",
        "oppShots": "52.7% (32.5) // 50.2% (31.1) // 52.8% (33.3) // 48.3% (29.0)",
        "oppScoring": "52.9% (32.1) // 52.2% (32.9) // 54.9% (35.3) // 47.0% (28.3)",
        "oppCorsiAgainst": "48.6% (54.7) // 49.1% (54.5) // 46.7% (53.0) // 53.9% (59.7)",
        "oppFenwickAgainst": "48.1% (40.6) // 49.8% (42.1) // 47.7% (41.5) // 52.3% (45.3)",
        "oppShotsAgainst": "47.3% (29.2) // 49.8% (30.8) // 47.2% (29.8) // 51.7% (31.0)",
        "oppScoringAgainst": "47.1% (28.6) // 47.8% (30.2) // 45.1% (29.0) // 53.0% (32.0)",
        "savesPerGame": 28.6,
        "savesPerGameLast1": 48.0,
        "savesPerGameLast3": 32.7,
        "savesPerGameLast5": 31.8,
        "savesPer60": 28.6,
        "savesPer60Last1": 48.0,
        "savesPer60Last3": 33.0,
        "savesPer60Last5": 32.0,
        "shotsPerGame": 33.1,
        "shotsPerGameLast5": 34.4,
        "shotsAgainstPerGame": 31.9,
        "shotsAgainstPerGameLast5": 36.0,
        "oppSavesAgainstPer60": 29.1,
        "oppSavesAgainstPer60Last1": 18.0,
        "oppSavesAgainstPer60Last3": 24.6,
        "oppSavesAgainstPer60Last5": 28.6,
        "oppShotsAgainstPerGame": 29.6,
        "oppShotsAgainstPerGameLast5": 29.6,
        "savesProj": 30.2,
        "savesProjLast5": 32.7,
        "savesProjLast3": 28.7,
        "oppSavesAgainstProj": 29.7,
        "oppSavesAgainstProjLast5": 29.9,
        "oppSavesAgainstProjLast3": 26.8,
        "totalOver": 41,
        "totalOverLast5": 20,
        "lastTotalOver": 34,
        "last5": "0,0,0,1,0,0,0,0,1,1",
        "overOdds": "+180",
        "underOdds": "-220",
        "overUnder": "+180 / -220"
    },
    {
        "player": "Alex Debrincat",
        "team": "OTT",
        "opponent": "BOS",
        "propType": "g",
        "line": 0.5,
        "ppLine": "PP1",
        "avg": 0.3,
        "hit": false,
        "diffAvg": -0.4,
        "diffAbs": 0.2,
        "lastAvg": 0.49,
        "diff": -0.02,
        "avgMin": 19,
        "proj": 0.4,
        "lastAvgMin": 20.85,
        "oppOver": 0,
        "teamOver": 0,
        "gameLine": "+245",
        "+/-": -26,
        "L5_+/-": -9.0,
        "prevMatchup": "2023-02-20 0.0 g, 2022-12-27 1.0 g, 2022-10-18 0.0 g",
        "winLossSplits": "0.58 - 0.04",
        "awayHome": "A",
        "playedYesterday": "Y",
        "awayHomeSplits": "0.26 - 0.34",
        "savesAboveExp": 0.892,
        "gsaa": 38.7,
        "corsi": "51.1% (61.2) // 50.5% (60.7) // 46.5% (57.9) // 51.3% (68.4)",
        "fenwick": "51.3% (45.7) // 51.3% (46.1) // 47.7% (43.6) // 52.5% (50.6)",
        "shots": "51.0% (32.8) // 51.1% (32.8) // 47.8% (31.6) // 50.2% (35.4)",
        "scoring": "50.6% (32.3) // 44.7% (29.1) // 41.9% (28.8) // 46.2% (31.8)",
        "corsiAgainst": "48.9% (58.6) // 49.5% (59.5) // 53.5% (66.6) // 48.7% (64.9)",
        "fenwickAgainst": "48.7% (43.4) // 48.7% (43.8) // 52.3% (47.8) // 47.5% (45.7)",
        "shotsAgainst": "49.0% (31.6) // 48.9% (31.4) // 52.2% (34.5) // 49.8% (35.0)",
        "scoringAgainst": "49.4% (31.4) // 55.3% (35.9) // 58.1% (39.9) // 53.8% (37.0)",
        "oppCorsi": "51.4% (57.9) // 50.9% (56.4) // 53.3% (60.5) // 46.1% (51.0)",
        "oppFenwick": "51.9% (43.8) // 50.2% (42.5) // 52.3% (45.5) // 47.7% (41.3)",
        "oppShots": "52.7% (32.5) // 50.2% (31.1) // 52.8% (33.3) // 48.3% (29.0)",
        "oppScoring": "52.9% (32.1) // 52.2% (32.9) // 54.9% (35.3) // 47.0% (28.3)",
        "oppCorsiAgainst": "48.6% (54.7) // 49.1% (54.5) // 46.7% (53.0) // 53.9% (59.7)",
        "oppFenwickAgainst": "48.1% (40.6) // 49.8% (42.1) // 47.7% (41.5) // 52.3% (45.3)",
        "oppShotsAgainst": "47.3% (29.2) // 49.8% (30.8) // 47.2% (29.8) // 51.7% (31.0)",
        "oppScoringAgainst": "47.1% (28.6) // 47.8% (30.2) // 45.1% (29.0) // 53.0% (32.0)",
        "savesPerGame": 28.6,
        "savesPerGameLast1": 48.0,
        "savesPerGameLast3": 32.7,
        "savesPerGameLast5": 31.8,
        "savesPer60": 28.6,
        "savesPer60Last1": 48.0,
        "savesPer60Last3": 33.0,
        "savesPer60Last5": 32.0,
        "shotsPerGame": 33.1,
        "shotsPerGameLast5": 34.4,
        "shotsAgainstPerGame": 31.9,
        "shotsAgainstPerGameLast5": 36.0,
        "oppSavesAgainstPer60": 29.1,
        "oppSavesAgainstPer60Last1": 18.0,
        "oppSavesAgainstPer60Last3": 24.6,
        "oppSavesAgainstPer60Last5": 28.6,
        "oppShotsAgainstPerGame": 29.6,
        "oppShotsAgainstPerGameLast5": 29.6,
        "savesProj": 30.2,
        "savesProjLast5": 32.7,
        "savesProjLast3": 28.7,
        "oppSavesAgainstProj": 29.7,
        "oppSavesAgainstProjLast5": 29.9,
        "oppSavesAgainstProjLast3": 26.8,
        "totalOver": 26,
        "totalOverLast5": 0,
        "lastTotalOver": 44,
        "last5": "0,0,0,0,0,0,1,0,0,0",
        "overOdds": "+225",
        "underOdds": "0",
        "overUnder": "+225 / 0"
    },
    {
        "player": "Brad Marchand",
        "team": "BOS",
        "opponent": "OTT",
        "propType": "sog",
        "line": 2.5,
        "ppLine": "PP1",
        "avg": 2.57,
        "hit": false,
        "diffAvg": 0.03,
        "diffAbs": 0.16,
        "lastAvg": 3.14,
        "diff": 0.26,
        "avgMin": 18,
        "proj": 2.9,
        "lastAvgMin": 19.25,
        "oppOver": 0,
        "teamOver": 0,
        "gameLine": "-295",
        "+/-": "+25",
        "L5_+/-": "+1.0",
        "prevMatchup": "2023-02-20 4.0 sog, 2022-12-27 5.0 sog",
        "winLossSplits": "2.18 - 3.38",
        "awayHome": "H",
        "playedYesterday": "N",
        "awayHomeSplits": "2.85 - 2.25",
        "savesAboveExp": "-",
        "gsaa": -7.74,
        "corsi": "51.4% (57.9) // 50.9% (56.4) // 53.3% (60.5) // 46.1% (51.0)",
        "fenwick": "51.9% (43.8) // 50.2% (42.5) // 52.3% (45.5) // 47.7% (41.3)",
        "shots": "52.7% (32.5) // 50.2% (31.1) // 52.8% (33.3) // 48.3% (29.0)",
        "scoring": "52.9% (32.1) // 52.2% (32.9) // 54.9% (35.3) // 47.0% (28.3)",
        "corsiAgainst": "48.6% (54.7) // 49.1% (54.5) // 46.7% (53.0) // 53.9% (59.7)",
        "fenwickAgainst": "48.1% (40.6) // 49.8% (42.1) // 47.7% (41.5) // 52.3% (45.3)",
        "shotsAgainst": "47.3% (29.2) // 49.8% (30.8) // 47.2% (29.8) // 51.7% (31.0)",
        "scoringAgainst": "47.1% (28.6) // 47.8% (30.2) // 45.1% (29.0) // 53.0% (32.0)",
        "oppCorsi": "51.1% (61.2) // 50.5% (60.7) // 46.5% (57.9) // 51.3% (68.4)",
        "oppFenwick": "51.3% (45.7) // 51.3% (46.1) // 47.7% (43.6) // 52.5% (50.6)",
        "oppShots": "51.0% (32.8) // 51.1% (32.8) // 47.8% (31.6) // 50.2% (35.4)",
        "oppScoring": "50.6% (32.3) // 44.7% (29.1) // 41.9% (28.8) // 46.2% (31.8)",
        "oppCorsiAgainst": "48.9% (58.6) // 49.5% (59.5) // 53.5% (66.6) // 48.7% (64.9)",
        "oppFenwickAgainst": "48.7% (43.4) // 48.7% (43.8) // 52.3% (47.8) // 47.5% (45.7)",
        "oppShotsAgainst": "49.0% (31.6) // 48.9% (31.4) // 52.2% (34.5) // 49.8% (35.0)",
        "oppScoringAgainst": "49.4% (31.4) // 55.3% (35.9) // 58.1% (39.9) // 53.8% (37.0)",
        "savesPerGame": 27.4,
        "savesPerGameLast1": 26.0,
        "savesPerGameLast3": 30.3,
        "savesPerGameLast5": 27.0,
        "savesPer60": 27.6,
        "savesPer60Last1": 25.8,
        "savesPer60Last3": 30.2,
        "savesPer60Last5": 26.7,
        "shotsPerGame": 32.9,
        "shotsPerGameLast5": 32.4,
        "shotsAgainstPerGame": 29.6,
        "shotsAgainstPerGameLast5": 29.6,
        "oppSavesAgainstPer60": 30.1,
        "oppSavesAgainstPer60Last1": 19.0,
        "oppSavesAgainstPer60Last3": 32.8,
        "oppSavesAgainstPer60Last5": 31.5,
        "oppShotsAgainstPerGame": 31.9,
        "oppShotsAgainstPerGameLast5": 36.0,
        "savesProj": 29.0,
        "savesProjLast5": 29.5,
        "savesProjLast3": 34.9,
        "oppSavesAgainstProj": 28.9,
        "oppSavesAgainstProjLast5": 31.5,
        "oppSavesAgainstProjLast3": 35.4,
        "totalOver": 44,
        "totalOverLast5": 40,
        "lastTotalOver": 61,
        "last5": "0,1,1,6,4,0,3,2,2,1",
        "overOdds": "-115",
        "underOdds": "-115",
        "overUnder": "-115 / -115"
    },
    {
        "player": "Brad Marchand",
        "team": "BOS",
        "opponent": "OTT",
        "propType": "pts",
        "line": 0.5,
        "ppLine": "PP1",
        "avg": 1.0,
        "hit": false,
        "diffAvg": 1.0,
        "diffAbs": 1.0,
        "lastAvg": 1.04,
        "diff": 1.08,
        "avgMin": 18,
        "proj": 1.0,
        "lastAvgMin": 19.25,
        "oppOver": 0,
        "teamOver": 0,
        "gameLine": "-295",
        "+/-": "+25",
        "L5_+/-": "+1.0",
        "prevMatchup": "2023-02-20 1.0 pts, 2022-12-27 0.0 pts",
        "winLossSplits": "1.13 - 0.62",
        "awayHome": "H",
        "playedYesterday": "N",
        "awayHomeSplits": "0.91 - 1.11",
        "savesAboveExp": "-",
        "gsaa": -7.74,
        "corsi": "51.4% (57.9) // 50.9% (56.4) // 53.3% (60.5) // 46.1% (51.0)",
        "fenwick": "51.9% (43.8) // 50.2% (42.5) // 52.3% (45.5) // 47.7% (41.3)",
        "shots": "52.7% (32.5) // 50.2% (31.1) // 52.8% (33.3) // 48.3% (29.0)",
        "scoring": "52.9% (32.1) // 52.2% (32.9) // 54.9% (35.3) // 47.0% (28.3)",
        "corsiAgainst": "48.6% (54.7) // 49.1% (54.5) // 46.7% (53.0) // 53.9% (59.7)",
        "fenwickAgainst": "48.1% (40.6) // 49.8% (42.1) // 47.7% (41.5) // 52.3% (45.3)",
        "shotsAgainst": "47.3% (29.2) // 49.8% (30.8) // 47.2% (29.8) // 51.7% (31.0)",
        "scoringAgainst": "47.1% (28.6) // 47.8% (30.2) // 45.1% (29.0) // 53.0% (32.0)",
        "oppCorsi": "51.1% (61.2) // 50.5% (60.7) // 46.5% (57.9) // 51.3% (68.4)",
        "oppFenwick": "51.3% (45.7) // 51.3% (46.1) // 47.7% (43.6) // 52.5% (50.6)",
        "oppShots": "51.0% (32.8) // 51.1% (32.8) // 47.8% (31.6) // 50.2% (35.4)",
        "oppScoring": "50.6% (32.3) // 44.7% (29.1) // 41.9% (28.8) // 46.2% (31.8)",
        "oppCorsiAgainst": "48.9% (58.6) // 49.5% (59.5) // 53.5% (66.6) // 48.7% (64.9)",
        "oppFenwickAgainst": "48.7% (43.4) // 48.7% (43.8) // 52.3% (47.8) // 47.5% (45.7)",
        "oppShotsAgainst": "49.0% (31.6) // 48.9% (31.4) // 52.2% (34.5) // 49.8% (35.0)",
        "oppScoringAgainst": "49.4% (31.4) // 55.3% (35.9) // 58.1% (39.9) // 53.8% (37.0)",
        "savesPerGame": 27.4,
        "savesPerGameLast1": 26.0,
        "savesPerGameLast3": 30.3,
        "savesPerGameLast5": 27.0,
        "savesPer60": 27.6,
        "savesPer60Last1": 25.8,
        "savesPer60Last3": 30.2,
        "savesPer60Last5": 26.7,
        "shotsPerGame": 32.9,
        "shotsPerGameLast5": 32.4,
        "shotsAgainstPerGame": 29.6,
        "shotsAgainstPerGameLast5": 29.6,
        "oppSavesAgainstPer60": 30.1,
        "oppSavesAgainstPer60Last1": 19.0,
        "oppSavesAgainstPer60Last3": 32.8,
        "oppSavesAgainstPer60Last5": 31.5,
        "oppShotsAgainstPerGame": 31.9,
        "oppShotsAgainstPerGameLast5": 36.0,
        "savesProj": 29.0,
        "savesProjLast5": 29.5,
        "savesProjLast3": 34.9,
        "oppSavesAgainstProj": 28.9,
        "oppSavesAgainstProjLast5": 31.5,
        "oppSavesAgainstProjLast3": 35.4,
        "totalOver": 69,
        "totalOverLast5": 60,
        "lastTotalOver": 68,
        "last5": "2,3,0,1,0,0,1,1,0,1",
        "overOdds": "-165",
        "underOdds": "+135",
        "overUnder": "-165 / +135"
    },
    {
        "player": "Brad Marchand",
        "team": "BOS",
        "opponent": "OTT",
        "propType": "ast",
        "line": 0.5,
        "ppLine": "PP1",
        "avg": 0.67,
        "hit": false,
        "diffAvg": 0.34,
        "diffAbs": 0.2,
        "lastAvg": 0.62,
        "diff": 0.24,
        "avgMin": 18,
        "proj": 0.6,
        "lastAvgMin": 19.25,
        "oppOver": 0,
        "teamOver": 0,
        "gameLine": "-295",
        "+/-": "+25",
        "L5_+/-": "+1.0",
        "prevMatchup": "2023-02-20 1.0 ast, 2022-12-27 0.0 ast",
        "winLossSplits": "0.82 - 0.25",
        "awayHome": "H",
        "playedYesterday": "N",
        "awayHomeSplits": "0.58 - 0.79",
        "savesAboveExp": "-",
        "gsaa": -7.74,
        "corsi": "51.4% (57.9) // 50.9% (56.4) // 53.3% (60.5) // 46.1% (51.0)",
        "fenwick": "51.9% (43.8) // 50.2% (42.5) // 52.3% (45.5) // 47.7% (41.3)",
        "shots": "52.7% (32.5) // 50.2% (31.1) // 52.8% (33.3) // 48.3% (29.0)",
        "scoring": "52.9% (32.1) // 52.2% (32.9) // 54.9% (35.3) // 47.0% (28.3)",
        "corsiAgainst": "48.6% (54.7) // 49.1% (54.5) // 46.7% (53.0) // 53.9% (59.7)",
        "fenwickAgainst": "48.1% (40.6) // 49.8% (42.1) // 47.7% (41.5) // 52.3% (45.3)",
        "shotsAgainst": "47.3% (29.2) // 49.8% (30.8) // 47.2% (29.8) // 51.7% (31.0)",
        "scoringAgainst": "47.1% (28.6) // 47.8% (30.2) // 45.1% (29.0) // 53.0% (32.0)",
        "oppCorsi": "51.1% (61.2) // 50.5% (60.7) // 46.5% (57.9) // 51.3% (68.4)",
        "oppFenwick": "51.3% (45.7) // 51.3% (46.1) // 47.7% (43.6) // 52.5% (50.6)",
        "oppShots": "51.0% (32.8) // 51.1% (32.8) // 47.8% (31.6) // 50.2% (35.4)",
        "oppScoring": "50.6% (32.3) // 44.7% (29.1) // 41.9% (28.8) // 46.2% (31.8)",
        "oppCorsiAgainst": "48.9% (58.6) // 49.5% (59.5) // 53.5% (66.6) // 48.7% (64.9)",
        "oppFenwickAgainst": "48.7% (43.4) // 48.7% (43.8) // 52.3% (47.8) // 47.5% (45.7)",
        "oppShotsAgainst": "49.0% (31.6) // 48.9% (31.4) // 52.2% (34.5) // 49.8% (35.0)",
        "oppScoringAgainst": "49.4% (31.4) // 55.3% (35.9) // 58.1% (39.9) // 53.8% (37.0)",
        "savesPerGame": 27.4,
        "savesPerGameLast1": 26.0,
        "savesPerGameLast3": 30.3,
        "savesPerGameLast5": 27.0,
        "savesPer60": 27.6,
        "savesPer60Last1": 25.8,
        "savesPer60Last3": 30.2,
        "savesPer60Last5": 26.7,
        "shotsPerGame": 32.9,
        "shotsPerGameLast5": 32.4,
        "shotsAgainstPerGame": 29.6,
        "shotsAgainstPerGameLast5": 29.6,
        "oppSavesAgainstPer60": 30.1,
        "oppSavesAgainstPer60Last1": 19.0,
        "oppSavesAgainstPer60Last3": 32.8,
        "oppSavesAgainstPer60Last5": 31.5,
        "oppShotsAgainstPerGame": 31.9,
        "oppShotsAgainstPerGameLast5": 36.0,
        "savesProj": 29.0,
        "savesProjLast5": 29.5,
        "savesProjLast3": 34.9,
        "oppSavesAgainstProj": 28.9,
        "oppSavesAgainstProjLast5": 31.5,
        "oppSavesAgainstProjLast3": 35.4,
        "totalOver": 49,
        "totalOverLast5": 60,
        "lastTotalOver": 51,
        "last5": "2,3,0,1,0,0,0,1,0,1",
        "overOdds": "+115",
        "underOdds": "-145",
        "overUnder": "+115 / -145"
    },
    {
        "player": "Brad Marchand",
        "team": "BOS",
        "opponent": "OTT",
        "propType": "g",
        "line": 0.5,
        "ppLine": "PP1",
        "avg": 0.33,
        "hit": false,
        "diffAvg": -0.34,
        "diffAbs": 0.2,
        "lastAvg": 0.42,
        "diff": -0.16,
        "avgMin": 18,
        "proj": 0.4,
        "lastAvgMin": 19.25,
        "oppOver": 0,
        "teamOver": 0,
        "gameLine": "-295",
        "+/-": "+25",
        "L5_+/-": "+1.0",
        "prevMatchup": "2023-02-20 0.0 g, 2022-12-27 0.0 g",
        "winLossSplits": "0.31 - 0.36",
        "awayHome": "H",
        "playedYesterday": "N",
        "awayHomeSplits": "0.33 - 0.32",
        "savesAboveExp": "-",
        "gsaa": -7.74,
        "corsi": "51.4% (57.9) // 50.9% (56.4) // 53.3% (60.5) // 46.1% (51.0)",
        "fenwick": "51.9% (43.8) // 50.2% (42.5) // 52.3% (45.5) // 47.7% (41.3)",
        "shots": "52.7% (32.5) // 50.2% (31.1) // 52.8% (33.3) // 48.3% (29.0)",
        "scoring": "52.9% (32.1) // 52.2% (32.9) // 54.9% (35.3) // 47.0% (28.3)",
        "corsiAgainst": "48.6% (54.7) // 49.1% (54.5) // 46.7% (53.0) // 53.9% (59.7)",
        "fenwickAgainst": "48.1% (40.6) // 49.8% (42.1) // 47.7% (41.5) // 52.3% (45.3)",
        "shotsAgainst": "47.3% (29.2) // 49.8% (30.8) // 47.2% (29.8) // 51.7% (31.0)",
        "scoringAgainst": "47.1% (28.6) // 47.8% (30.2) // 45.1% (29.0) // 53.0% (32.0)",
        "oppCorsi": "51.1% (61.2) // 50.5% (60.7) // 46.5% (57.9) // 51.3% (68.4)",
        "oppFenwick": "51.3% (45.7) // 51.3% (46.1) // 47.7% (43.6) // 52.5% (50.6)",
        "oppShots": "51.0% (32.8) // 51.1% (32.8) // 47.8% (31.6) // 50.2% (35.4)",
        "oppScoring": "50.6% (32.3) // 44.7% (29.1) // 41.9% (28.8) // 46.2% (31.8)",
        "oppCorsiAgainst": "48.9% (58.6) // 49.5% (59.5) // 53.5% (66.6) // 48.7% (64.9)",
        "oppFenwickAgainst": "48.7% (43.4) // 48.7% (43.8) // 52.3% (47.8) // 47.5% (45.7)",
        "oppShotsAgainst": "49.0% (31.6) // 48.9% (31.4) // 52.2% (34.5) // 49.8% (35.0)",
        "oppScoringAgainst": "49.4% (31.4) // 55.3% (35.9) // 58.1% (39.9) // 53.8% (37.0)",
        "savesPerGame": 27.4,
        "savesPerGameLast1": 26.0,
        "savesPerGameLast3": 30.3,
        "savesPerGameLast5": 27.0,
        "savesPer60": 27.6,
        "savesPer60Last1": 25.8,
        "savesPer60Last3": 30.2,
        "savesPer60Last5": 26.7,
        "shotsPerGame": 32.9,
        "shotsPerGameLast5": 32.4,
        "shotsAgainstPerGame": 29.6,
        "shotsAgainstPerGameLast5": 29.6,
        "oppSavesAgainstPer60": 30.1,
        "oppSavesAgainstPer60Last1": 19.0,
        "oppSavesAgainstPer60Last3": 32.8,
        "oppSavesAgainstPer60Last5": 31.5,
        "oppShotsAgainstPerGame": 31.9,
        "oppShotsAgainstPerGameLast5": 36.0,
        "savesProj": 29.0,
        "savesProjLast5": 29.5,
        "savesProjLast3": 34.9,
        "oppSavesAgainstProj": 28.9,
        "oppSavesAgainstProjLast5": 31.5,
        "oppSavesAgainstProjLast3": 35.4,
        "totalOver": 31,
        "totalOverLast5": 0,
        "lastTotalOver": 35,
        "last5": "0,0,0,0,0,0,1,0,0,0",
        "overOdds": "+140",
        "underOdds": "0",
        "overUnder": "+140 / 0"
    },
    {
        "player": "Brady Tkachuk",
        "team": "OTT",
        "opponent": "BOS",
        "propType": "sog",
        "line": 3.5,
        "ppLine": "PP1",
        "avg": 4.16,
        "hit": false,
        "diffAvg": 0.19,
        "diffAbs": 0.0,
        "lastAvg": 3.6,
        "diff": 0.03,
        "avgMin": 18,
        "proj": 3.5,
        "lastAvgMin": 18.78,
        "oppOver": 0,
        "teamOver": 0,
        "gameLine": "+245",
        "+/-": -10,
        "L5_+/-": -5.0,
        "prevMatchup": "2023-02-20 4.0 sog, 2022-12-27 5.0 sog, 2022-10-18 4.0 sog",
        "winLossSplits": "4.34 - 3.79",
        "awayHome": "A",
        "playedYesterday": "Y",
        "awayHomeSplits": "4.2 - 4.11",
        "savesAboveExp": 0.892,
        "gsaa": 38.7,
        "corsi": "51.1% (61.2) // 50.5% (60.7) // 46.5% (57.9) // 51.3% (68.4)",
        "fenwick": "51.3% (45.7) // 51.3% (46.1) // 47.7% (43.6) // 52.5% (50.6)",
        "shots": "51.0% (32.8) // 51.1% (32.8) // 47.8% (31.6) // 50.2% (35.4)",
        "scoring": "50.6% (32.3) // 44.7% (29.1) // 41.9% (28.8) // 46.2% (31.8)",
        "corsiAgainst": "48.9% (58.6) // 49.5% (59.5) // 53.5% (66.6) // 48.7% (64.9)",
        "fenwickAgainst": "48.7% (43.4) // 48.7% (43.8) // 52.3% (47.8) // 47.5% (45.7)",
        "shotsAgainst": "49.0% (31.6) // 48.9% (31.4) // 52.2% (34.5) // 49.8% (35.0)",
        "scoringAgainst": "49.4% (31.4) // 55.3% (35.9) // 58.1% (39.9) // 53.8% (37.0)",
        "oppCorsi": "51.4% (57.9) // 50.9% (56.4) // 53.3% (60.5) // 46.1% (51.0)",
        "oppFenwick": "51.9% (43.8) // 50.2% (42.5) // 52.3% (45.5) // 47.7% (41.3)",
        "oppShots": "52.7% (32.5) // 50.2% (31.1) // 52.8% (33.3) // 48.3% (29.0)",
        "oppScoring": "52.9% (32.1) // 52.2% (32.9) // 54.9% (35.3) // 47.0% (28.3)",
        "oppCorsiAgainst": "48.6% (54.7) // 49.1% (54.5) // 46.7% (53.0) // 53.9% (59.7)",
        "oppFenwickAgainst": "48.1% (40.6) // 49.8% (42.1) // 47.7% (41.5) // 52.3% (45.3)",
        "oppShotsAgainst": "47.3% (29.2) // 49.8% (30.8) // 47.2% (29.8) // 51.7% (31.0)",
        "oppScoringAgainst": "47.1% (28.6) // 47.8% (30.2) // 45.1% (29.0) // 53.0% (32.0)",
        "savesPerGame": 28.6,
        "savesPerGameLast1": 48.0,
        "savesPerGameLast3": 32.7,
        "savesPerGameLast5": 31.8,
        "savesPer60": 28.6,
        "savesPer60Last1": 48.0,
        "savesPer60Last3": 33.0,
        "savesPer60Last5": 32.0,
        "shotsPerGame": 33.1,
        "shotsPerGameLast5": 34.4,
        "shotsAgainstPerGame": 31.9,
        "shotsAgainstPerGameLast5": 36.0,
        "oppSavesAgainstPer60": 29.1,
        "oppSavesAgainstPer60Last1": 18.0,
        "oppSavesAgainstPer60Last3": 24.6,
        "oppSavesAgainstPer60Last5": 28.6,
        "oppShotsAgainstPerGame": 29.6,
        "oppShotsAgainstPerGameLast5": 29.6,
        "savesProj": 30.2,
        "savesProjLast5": 32.7,
        "savesProjLast3": 28.7,
        "oppSavesAgainstProj": 29.7,
        "oppSavesAgainstProjLast5": 29.9,
        "oppSavesAgainstProjLast3": 26.8,
        "totalOver": 64,
        "totalOverLast5": 80,
        "lastTotalOver": 46,
        "last5": "6,8,5,4,2,7,0,3,4,2",
        "overOdds": "-125",
        "underOdds": "-105",
        "overUnder": "-125 / -105"
    },
    {
        "player": "Brady Tkachuk",
        "team": "OTT",
        "opponent": "BOS",
        "propType": "pts",
        "line": 0.5,
        "ppLine": "PP1",
        "avg": 1.03,
        "hit": false,
        "diffAvg": 1.06,
        "diffAbs": 0.6,
        "lastAvg": 0.84,
        "diff": 0.68,
        "avgMin": 18,
        "proj": 0.8,
        "lastAvgMin": 18.78,
        "oppOver": 0,
        "teamOver": 0,
        "gameLine": "+245",
        "+/-": -10,
        "L5_+/-": -5.0,
        "prevMatchup": "2023-02-20 0.0 pts, 2022-12-27 0.0 pts, 2022-10-18 3.0 pts",
        "winLossSplits": "1.42 - 0.59",
        "awayHome": "A",
        "playedYesterday": "Y",
        "awayHomeSplits": "0.94 - 1.11",
        "savesAboveExp": 0.892,
        "gsaa": 38.7,
        "corsi": "51.1% (61.2) // 50.5% (60.7) // 46.5% (57.9) // 51.3% (68.4)",
        "fenwick": "51.3% (45.7) // 51.3% (46.1) // 47.7% (43.6) // 52.5% (50.6)",
        "shots": "51.0% (32.8) // 51.1% (32.8) // 47.8% (31.6) // 50.2% (35.4)",
        "scoring": "50.6% (32.3) // 44.7% (29.1) // 41.9% (28.8) // 46.2% (31.8)",
        "corsiAgainst": "48.9% (58.6) // 49.5% (59.5) // 53.5% (66.6) // 48.7% (64.9)",
        "fenwickAgainst": "48.7% (43.4) // 48.7% (43.8) // 52.3% (47.8) // 47.5% (45.7)",
        "shotsAgainst": "49.0% (31.6) // 48.9% (31.4) // 52.2% (34.5) // 49.8% (35.0)",
        "scoringAgainst": "49.4% (31.4) // 55.3% (35.9) // 58.1% (39.9) // 53.8% (37.0)",
        "oppCorsi": "51.4% (57.9) // 50.9% (56.4) // 53.3% (60.5) // 46.1% (51.0)",
        "oppFenwick": "51.9% (43.8) // 50.2% (42.5) // 52.3% (45.5) // 47.7% (41.3)",
        "oppShots": "52.7% (32.5) // 50.2% (31.1) // 52.8% (33.3) // 48.3% (29.0)",
        "oppScoring": "52.9% (32.1) // 52.2% (32.9) // 54.9% (35.3) // 47.0% (28.3)",
        "oppCorsiAgainst": "48.6% (54.7) // 49.1% (54.5) // 46.7% (53.0) // 53.9% (59.7)",
        "oppFenwickAgainst": "48.1% (40.6) // 49.8% (42.1) // 47.7% (41.5) // 52.3% (45.3)",
        "oppShotsAgainst": "47.3% (29.2) // 49.8% (30.8) // 47.2% (29.8) // 51.7% (31.0)",
        "oppScoringAgainst": "47.1% (28.6) // 47.8% (30.2) // 45.1% (29.0) // 53.0% (32.0)",
        "savesPerGame": 28.6,
        "savesPerGameLast1": 48.0,
        "savesPerGameLast3": 32.7,
        "savesPerGameLast5": 31.8,
        "savesPer60": 28.6,
        "savesPer60Last1": 48.0,
        "savesPer60Last3": 33.0,
        "savesPer60Last5": 32.0,
        "shotsPerGame": 33.1,
        "shotsPerGameLast5": 34.4,
        "shotsAgainstPerGame": 31.9,
        "shotsAgainstPerGameLast5": 36.0,
        "oppSavesAgainstPer60": 29.1,
        "oppSavesAgainstPer60Last1": 18.0,
        "oppSavesAgainstPer60Last3": 24.6,
        "oppSavesAgainstPer60Last5": 28.6,
        "oppShotsAgainstPerGame": 29.6,
        "oppShotsAgainstPerGameLast5": 29.6,
        "savesProj": 30.2,
        "savesProjLast5": 32.7,
        "savesProjLast3": 28.7,
        "oppSavesAgainstProj": 29.7,
        "oppSavesAgainstProjLast5": 29.9,
        "oppSavesAgainstProjLast3": 26.8,
        "totalOver": 66,
        "totalOverLast5": 80,
        "lastTotalOver": 58,
        "last5": "1,2,2,1,0,0,0,0,1,2",
        "overOdds": "-175",
        "underOdds": "+140",
        "overUnder": "-175 / +140"
    },
    {
        "player": "Brady Tkachuk",
        "team": "OTT",
        "opponent": "BOS",
        "propType": "ast",
        "line": 0.5,
        "ppLine": "PP1",
        "avg": 0.6,
        "hit": false,
        "diffAvg": 0.2,
        "diffAbs": 0.2,
        "lastAvg": 0.46,
        "diff": -0.08,
        "avgMin": 18,
        "proj": 0.4,
        "lastAvgMin": 18.78,
        "oppOver": 0,
        "teamOver": 0,
        "gameLine": "+245",
        "+/-": -10,
        "L5_+/-": -5.0,
        "prevMatchup": "2023-02-20 0.0 ast, 2022-12-27 0.0 ast, 2022-10-18 2.0 ast",
        "winLossSplits": "0.8 - 0.36",
        "awayHome": "A",
        "playedYesterday": "Y",
        "awayHomeSplits": "0.57 - 0.63",
        "savesAboveExp": 0.892,
        "gsaa": 38.7,
        "corsi": "51.1% (61.2) // 50.5% (60.7) // 46.5% (57.9) // 51.3% (68.4)",
        "fenwick": "51.3% (45.7) // 51.3% (46.1) // 47.7% (43.6) // 52.5% (50.6)",
        "shots": "51.0% (32.8) // 51.1% (32.8) // 47.8% (31.6) // 50.2% (35.4)",
        "scoring": "50.6% (32.3) // 44.7% (29.1) // 41.9% (28.8) // 46.2% (31.8)",
        "corsiAgainst": "48.9% (58.6) // 49.5% (59.5) // 53.5% (66.6) // 48.7% (64.9)",
        "fenwickAgainst": "48.7% (43.4) // 48.7% (43.8) // 52.3% (47.8) // 47.5% (45.7)",
        "shotsAgainst": "49.0% (31.6) // 48.9% (31.4) // 52.2% (34.5) // 49.8% (35.0)",
        "scoringAgainst": "49.4% (31.4) // 55.3% (35.9) // 58.1% (39.9) // 53.8% (37.0)",
        "oppCorsi": "51.4% (57.9) // 50.9% (56.4) // 53.3% (60.5) // 46.1% (51.0)",
        "oppFenwick": "51.9% (43.8) // 50.2% (42.5) // 52.3% (45.5) // 47.7% (41.3)",
        "oppShots": "52.7% (32.5) // 50.2% (31.1) // 52.8% (33.3) // 48.3% (29.0)",
        "oppScoring": "52.9% (32.1) // 52.2% (32.9) // 54.9% (35.3) // 47.0% (28.3)",
        "oppCorsiAgainst": "48.6% (54.7) // 49.1% (54.5) // 46.7% (53.0) // 53.9% (59.7)",
        "oppFenwickAgainst": "48.1% (40.6) // 49.8% (42.1) // 47.7% (41.5) // 52.3% (45.3)",
        "oppShotsAgainst": "47.3% (29.2) // 49.8% (30.8) // 47.2% (29.8) // 51.7% (31.0)",
        "oppScoringAgainst": "47.1% (28.6) // 47.8% (30.2) // 45.1% (29.0) // 53.0% (32.0)",
        "savesPerGame": 28.6,
        "savesPerGameLast1": 48.0,
        "savesPerGameLast3": 32.7,
        "savesPerGameLast5": 31.8,
        "savesPer60": 28.6,
        "savesPer60Last1": 48.0,
        "savesPer60Last3": 33.0,
        "savesPer60Last5": 32.0,
        "shotsPerGame": 33.1,
        "shotsPerGameLast5": 34.4,
        "shotsAgainstPerGame": 31.9,
        "shotsAgainstPerGameLast5": 36.0,
        "oppSavesAgainstPer60": 29.1,
        "oppSavesAgainstPer60Last1": 18.0,
        "oppSavesAgainstPer60Last3": 24.6,
        "oppSavesAgainstPer60Last5": 28.6,
        "oppShotsAgainstPerGame": 29.6,
        "oppShotsAgainstPerGameLast5": 29.6,
        "savesProj": 30.2,
        "savesProjLast5": 32.7,
        "savesProjLast3": 28.7,
        "oppSavesAgainstProj": 29.7,
        "oppSavesAgainstProjLast5": 29.9,
        "oppSavesAgainstProjLast3": 26.8,
        "totalOver": 44,
        "totalOverLast5": 40,
        "lastTotalOver": 38,
        "last5": "1,0,1,0,0,0,0,0,1,2",
        "overOdds": "+155",
        "underOdds": "-190",
        "overUnder": "+155 / -190"
    },
    {
        "player": "Brady Tkachuk",
        "team": "OTT",
        "opponent": "BOS",
        "propType": "g",
        "line": 0.5,
        "ppLine": "PP1",
        "avg": 0.43,
        "hit": false,
        "diffAvg": -0.14,
        "diffAbs": 0.2,
        "lastAvg": 0.38,
        "diff": -0.24,
        "avgMin": 18,
        "proj": 0.4,
        "lastAvgMin": 18.78,
        "oppOver": 0,
        "teamOver": 0,
        "gameLine": "+245",
        "+/-": -10,
        "L5_+/-": -5.0,
        "prevMatchup": "2023-02-20 0.0 g, 2022-12-27 0.0 g, 2022-10-18 1.0 g",
        "winLossSplits": "0.63 - 0.23",
        "awayHome": "A",
        "playedYesterday": "Y",
        "awayHomeSplits": "0.37 - 0.49",
        "savesAboveExp": 0.892,
        "gsaa": 38.7,
        "corsi": "51.1% (61.2) // 50.5% (60.7) // 46.5% (57.9) // 51.3% (68.4)",
        "fenwick": "51.3% (45.7) // 51.3% (46.1) // 47.7% (43.6) // 52.5% (50.6)",
        "shots": "51.0% (32.8) // 51.1% (32.8) // 47.8% (31.6) // 50.2% (35.4)",
        "scoring": "50.6% (32.3) // 44.7% (29.1) // 41.9% (28.8) // 46.2% (31.8)",
        "corsiAgainst": "48.9% (58.6) // 49.5% (59.5) // 53.5% (66.6) // 48.7% (64.9)",
        "fenwickAgainst": "48.7% (43.4) // 48.7% (43.8) // 52.3% (47.8) // 47.5% (45.7)",
        "shotsAgainst": "49.0% (31.6) // 48.9% (31.4) // 52.2% (34.5) // 49.8% (35.0)",
        "scoringAgainst": "49.4% (31.4) // 55.3% (35.9) // 58.1% (39.9) // 53.8% (37.0)",
        "oppCorsi": "51.4% (57.9) // 50.9% (56.4) // 53.3% (60.5) // 46.1% (51.0)",
        "oppFenwick": "51.9% (43.8) // 50.2% (42.5) // 52.3% (45.5) // 47.7% (41.3)",
        "oppShots": "52.7% (32.5) // 50.2% (31.1) // 52.8% (33.3) // 48.3% (29.0)",
        "oppScoring": "52.9% (32.1) // 52.2% (32.9) // 54.9% (35.3) // 47.0% (28.3)",
        "oppCorsiAgainst": "48.6% (54.7) // 49.1% (54.5) // 46.7% (53.0) // 53.9% (59.7)",
        "oppFenwickAgainst": "48.1% (40.6) // 49.8% (42.1) // 47.7% (41.5) // 52.3% (45.3)",
        "oppShotsAgainst": "47.3% (29.2) // 49.8% (30.8) // 47.2% (29.8) // 51.7% (31.0)",
        "oppScoringAgainst": "47.1% (28.6) // 47.8% (30.2) // 45.1% (29.0) // 53.0% (32.0)",
        "savesPerGame": 28.6,
        "savesPerGameLast1": 48.0,
        "savesPerGameLast3": 32.7,
        "savesPerGameLast5": 31.8,
        "savesPer60": 28.6,
        "savesPer60Last1": 48.0,
        "savesPer60Last3": 33.0,
        "savesPer60Last5": 32.0,
        "shotsPerGame": 33.1,
        "shotsPerGameLast5": 34.4,
        "shotsAgainstPerGame": 31.9,
        "shotsAgainstPerGameLast5": 36.0,
        "oppSavesAgainstPer60": 29.1,
        "oppSavesAgainstPer60Last1": 18.0,
        "oppSavesAgainstPer60Last3": 24.6,
        "oppSavesAgainstPer60Last5": 28.6,
        "oppShotsAgainstPerGame": 29.6,
        "oppShotsAgainstPerGameLast5": 29.6,
        "savesProj": 30.2,
        "savesProjLast5": 32.7,
        "savesProjLast3": 28.7,
        "oppSavesAgainstProj": 29.7,
        "oppSavesAgainstProjLast5": 29.9,
        "oppSavesAgainstProjLast3": 26.8,
        "totalOver": 37,
        "totalOverLast5": 60,
        "lastTotalOver": 32,
        "last5": "0,2,1,1,0,0,0,0,0,0",
        "overOdds": "+160",
        "underOdds": "0",
        "overUnder": "+160 / 0"
    },
    {
        "player": "Claude Giroux",
        "team": "OTT",
        "opponent": "BOS",
        "propType": "sog",
        "line": 2.5,
        "ppLine": "PP2",
        "avg": 2.53,
        "hit": false,
        "diffAvg": 0.01,
        "diffAbs": 0.12,
        "lastAvg": 2.36,
        "diff": -0.06,
        "avgMin": 18,
        "proj": 2.2,
        "lastAvgMin": 19.07,
        "oppOver": 0,
        "teamOver": 0,
        "gameLine": "+245",
        "+/-": "+4",
        "L5_+/-": -1.0,
        "prevMatchup": "2023-02-20 5.0 sog, 2022-12-27 0.0 sog, 2022-10-18 2.0 sog",
        "winLossSplits": "2.25 - 2.66",
        "awayHome": "A",
        "playedYesterday": "Y",
        "awayHomeSplits": "2.74 - 2.31",
        "savesAboveExp": 0.892,
        "gsaa": 38.7,
        "corsi": "51.1% (61.2) // 50.5% (60.7) // 46.5% (57.9) // 51.3% (68.4)",
        "fenwick": "51.3% (45.7) // 51.3% (46.1) // 47.7% (43.6) // 52.5% (50.6)",
        "shots": "51.0% (32.8) // 51.1% (32.8) // 47.8% (31.6) // 50.2% (35.4)",
