[
    {
        "player": "David Perron",
        "team": "DET",
        "opponent": "WSH",
        "propType": "sog",
        "line": 2.5,
        "avg": 2.4,
        "hit": false,
        "diffAvg": -0.04,
        "diffAbs": 0.16,
        "lastAvg": 2.24,
        "diff": -0.1,
        "avgMin": 16,
        "proj": 2.1,
        "lastAvgMin": 16.98,
        "oppOver": 0,
        "teamOver": 0,
        "gameLine": "+125",
        "prevMatchup": "2022-12-19 2.0 sog, 2022-11-03 2.0 sog",
        "winLossSplits": "2.47 - 2.11",
        "awayHome": "A",
        "playedYesterday": "N",
        "awayHomeSplits": "2.26 - 2.54",
        "savesAboveExp": 0.193,
        "gsaa": 8.81,
        "corsi": "47.1% (52.2) // 43.0% (48.0) // 37.6% (41.7) // 36.5% (41.8)",
        "fenwick": "47.7% (39.2) // 44.0% (36.6) // 38.8% (32.5) // 38.1% (33.4)",
        "shots": "48.2% (28.4) // 45.9% (26.3) // 41.0% (23.2) // 39.8% (22.7)",
        "scoring": "45.9% (25.6) // 42.5% (24.0) // 39.8% (23.0) // 38.9% (23.4)",
        "corsiAgainst": "52.9% (58.6) // 57.0% (63.6) // 62.4% (69.2) // 63.5% (72.6)",
        "fenwickAgainst": "52.3% (43.0) // 56.0% (46.7) // 61.2% (51.1) // 61.9% (54.2)",
        "shotsAgainst": "51.8% (30.5) // 54.1% (31.1) // 59.0% (33.4) // 60.2% (34.4)",
        "scoringAgainst": "54.1% (30.2) // 57.5% (32.5) // 60.2% (34.8) // 61.1% (36.6)",
        "oppCorsi": "50.9% (59.6) // 48.3% (56.4) // 44.9% (54.0) // 43.1% (51.5)",
        "oppFenwick": "50.8% (43.8) // 47.4% (40.3) // 44.0% (38.6) // 41.7% (37.5)",
        "oppShots": "50.9% (31.2) // 49.0% (29.8) // 45.8% (27.4) // 44.5% (28.5)",
        "oppScoring": "51.0% (29.8) // 47.6% (28.6) // 42.9% (27.2) // 41.9% (24.5)",
        "oppCorsiAgainst": "49.1% (57.6) // 51.7% (60.3) // 55.1% (66.2) // 56.9% (68.0)",
        "oppFenwickAgainst": "49.2% (42.3) // 52.6% (44.7) // 56.0% (49.2) // 58.3% (52.5)",
        "oppShotsAgainst": "49.1% (30.1) // 51.0% (31.0) // 54.2% (32.4) // 55.5% (35.5)",
        "oppScoringAgainst": "49.0% (28.6) // 52.4% (31.5) // 57.1% (36.2) // 58.1% (34.0)",
        "savesPerGame": 27.8,
        "savesPerGameLast1": 22.0,
        "savesPerGameLast3": 32.0,
        "savesPerGameLast5": 31.4,
        "savesPer60": 27.9,
        "savesPer60Last1": 21.1,
        "savesPer60Last3": 32.4,
        "savesPer60Last5": 31.5,
        "shotsPerGame": 28.9,
        "shotsPerGameLast5": 23.6,
        "shotsAgainstPerGame": 31.0,
        "shotsAgainstPerGameLast5": 34.0,
        "oppSavesAgainstPer60": 28.5,
        "oppSavesAgainstPer60Last1": 23.8,
        "oppSavesAgainstPer60Last3": 28.6,
        "oppSavesAgainstPer60Last5": 25.6,
        "oppShotsAgainstPerGame": 30.3,
        "oppShotsAgainstPerGameLast5": 32.4,
        "savesProj": 29.0,
        "savesProjLast5": 29.4,
        "savesProjLast3": 34.3,
        "oppSavesAgainstProj": 27.8,
        "oppSavesAgainstProjLast5": 28.1,
        "oppSavesAgainstProjLast3": 31.0,
        "totalOver": 35,
        "totalOverLast5": 20,
        "lastTotalOver": 49,
        "last5": "3,2,2,2,1,3,1,2,0,2",
        "overOdds": "+120",
        "underOdds": "-150",
        "overUnder": "+120 / -150"
    },
    {
        "player": "David Perron",
        "team": "DET",
        "opponent": "WSH",
        "propType": "pts",
        "line": 0.5,
        "avg": 0.64,
        "hit": false,
        "diffAvg": 0.28,
        "diffAbs": 0.4,
        "lastAvg": 0.72,
        "diff": 0.44,
        "avgMin": 16,
        "proj": 0.7,
        "lastAvgMin": 16.98,
        "oppOver": 0,
        "teamOver": 0,
        "gameLine": "+125",
        "prevMatchup": "2022-12-19 1.0 pts, 2022-11-03 1.0 pts",
        "winLossSplits": "0.78 - 0.46",
        "awayHome": "A",
        "playedYesterday": "N",
        "awayHomeSplits": "0.81 - 0.46",
        "savesAboveExp": 0.193,
        "gsaa": 8.81,
        "corsi": "47.1% (52.2) // 43.0% (48.0) // 37.6% (41.7) // 36.5% (41.8)",
        "fenwick": "47.7% (39.2) // 44.0% (36.6) // 38.8% (32.5) // 38.1% (33.4)",
        "shots": "48.2% (28.4) // 45.9% (26.3) // 41.0% (23.2) // 39.8% (22.7)",
        "scoring": "45.9% (25.6) // 42.5% (24.0) // 39.8% (23.0) // 38.9% (23.4)",
        "corsiAgainst": "52.9% (58.6) // 57.0% (63.6) // 62.4% (69.2) // 63.5% (72.6)",
        "fenwickAgainst": "52.3% (43.0) // 56.0% (46.7) // 61.2% (51.1) // 61.9% (54.2)",
        "shotsAgainst": "51.8% (30.5) // 54.1% (31.1) // 59.0% (33.4) // 60.2% (34.4)",
        "scoringAgainst": "54.1% (30.2) // 57.5% (32.5) // 60.2% (34.8) // 61.1% (36.6)",
        "oppCorsi": "50.9% (59.6) // 48.3% (56.4) // 44.9% (54.0) // 43.1% (51.5)",
        "oppFenwick": "50.8% (43.8) // 47.4% (40.3) // 44.0% (38.6) // 41.7% (37.5)",
        "oppShots": "50.9% (31.2) // 49.0% (29.8) // 45.8% (27.4) // 44.5% (28.5)",
        "oppScoring": "51.0% (29.8) // 47.6% (28.6) // 42.9% (27.2) // 41.9% (24.5)",
        "oppCorsiAgainst": "49.1% (57.6) // 51.7% (60.3) // 55.1% (66.2) // 56.9% (68.0)",
        "oppFenwickAgainst": "49.2% (42.3) // 52.6% (44.7) // 56.0% (49.2) // 58.3% (52.5)",
        "oppShotsAgainst": "49.1% (30.1) // 51.0% (31.0) // 54.2% (32.4) // 55.5% (35.5)",
        "oppScoringAgainst": "49.0% (28.6) // 52.4% (31.5) // 57.1% (36.2) // 58.1% (34.0)",
        "savesPerGame": 27.8,
        "savesPerGameLast1": 22.0,
        "savesPerGameLast3": 32.0,
        "savesPerGameLast5": 31.4,
        "savesPer60": 27.9,
        "savesPer60Last1": 21.1,
        "savesPer60Last3": 32.4,
        "savesPer60Last5": 31.5,
        "shotsPerGame": 28.9,
        "shotsPerGameLast5": 23.6,
        "shotsAgainstPerGame": 31.0,
        "shotsAgainstPerGameLast5": 34.0,
        "oppSavesAgainstPer60": 28.5,
        "oppSavesAgainstPer60Last1": 23.8,
        "oppSavesAgainstPer60Last3": 28.6,
        "oppSavesAgainstPer60Last5": 25.6,
        "oppShotsAgainstPerGame": 30.3,
        "oppShotsAgainstPerGameLast5": 32.4,
        "savesProj": 29.0,
        "savesProjLast5": 29.4,
        "savesProjLast3": 34.3,
        "oppSavesAgainstProj": 27.8,
        "oppSavesAgainstProjLast5": 28.1,
        "oppSavesAgainstProjLast3": 31.0,
        "totalOver": 45,
        "totalOverLast5": 60,
        "lastTotalOver": 57,
        "last5": "0,1,2,0,1,1,0,0,0,0",
        "overOdds": "+115",
        "underOdds": "-145",
        "overUnder": "+115 / -145"
    },
    {
        "player": "David Perron",
        "team": "DET",
        "opponent": "WSH",
        "propType": "ast",
        "line": 0.5,
        "avg": 0.0,
        "hit": false,
        "diffAvg": 0,
        "diffAbs": 1.0,
        "lastAvg": 0.0,
        "diff": 0,
        "avgMin": 16,
        "proj": 0.0,
        "lastAvgMin": 16.98,
        "oppOver": 0,
        "teamOver": 0,
        "gameLine": "+125",
        "prevMatchup": "2022-12-19 0.0 ast, 2022-11-03 0.0 ast",
        "winLossSplits": "0.0 - 0.0",
        "awayHome": "A",
        "playedYesterday": "N",
        "awayHomeSplits": "0.0 - 0.0",
        "savesAboveExp": 0.193,
        "gsaa": 8.81,
        "corsi": "47.1% (52.2) // 43.0% (48.0) // 37.6% (41.7) // 36.5% (41.8)",
        "fenwick": "47.7% (39.2) // 44.0% (36.6) // 38.8% (32.5) // 38.1% (33.4)",
        "shots": "48.2% (28.4) // 45.9% (26.3) // 41.0% (23.2) // 39.8% (22.7)",
        "scoring": "45.9% (25.6) // 42.5% (24.0) // 39.8% (23.0) // 38.9% (23.4)",
        "corsiAgainst": "52.9% (58.6) // 57.0% (63.6) // 62.4% (69.2) // 63.5% (72.6)",
        "fenwickAgainst": "52.3% (43.0) // 56.0% (46.7) // 61.2% (51.1) // 61.9% (54.2)",
        "shotsAgainst": "51.8% (30.5) // 54.1% (31.1) // 59.0% (33.4) // 60.2% (34.4)",
        "scoringAgainst": "54.1% (30.2) // 57.5% (32.5) // 60.2% (34.8) // 61.1% (36.6)",
        "oppCorsi": "50.9% (59.6) // 48.3% (56.4) // 44.9% (54.0) // 43.1% (51.5)",
        "oppFenwick": "50.8% (43.8) // 47.4% (40.3) // 44.0% (38.6) // 41.7% (37.5)",
        "oppShots": "50.9% (31.2) // 49.0% (29.8) // 45.8% (27.4) // 44.5% (28.5)",
        "oppScoring": "51.0% (29.8) // 47.6% (28.6) // 42.9% (27.2) // 41.9% (24.5)",
        "oppCorsiAgainst": "49.1% (57.6) // 51.7% (60.3) // 55.1% (66.2) // 56.9% (68.0)",
        "oppFenwickAgainst": "49.2% (42.3) // 52.6% (44.7) // 56.0% (49.2) // 58.3% (52.5)",
        "oppShotsAgainst": "49.1% (30.1) // 51.0% (31.0) // 54.2% (32.4) // 55.5% (35.5)",
        "oppScoringAgainst": "49.0% (28.6) // 52.4% (31.5) // 57.1% (36.2) // 58.1% (34.0)",
        "savesPerGame": 27.8,
        "savesPerGameLast1": 22.0,
        "savesPerGameLast3": 32.0,
        "savesPerGameLast5": 31.4,
        "savesPer60": 27.9,
        "savesPer60Last1": 21.1,
        "savesPer60Last3": 32.4,
        "savesPer60Last5": 31.5,
        "shotsPerGame": 28.9,
        "shotsPerGameLast5": 23.6,
        "shotsAgainstPerGame": 31.0,
        "shotsAgainstPerGameLast5": 34.0,
        "oppSavesAgainstPer60": 28.5,
        "oppSavesAgainstPer60Last1": 23.8,
        "oppSavesAgainstPer60Last3": 28.6,
        "oppSavesAgainstPer60Last5": 25.6,
        "oppShotsAgainstPerGame": 30.3,
        "oppShotsAgainstPerGameLast5": 32.4,
        "savesProj": 29.0,
        "savesProjLast5": 29.4,
        "savesProjLast3": 34.3,
        "oppSavesAgainstProj": 27.8,
        "oppSavesAgainstProjLast5": 28.1,
        "oppSavesAgainstProjLast3": 31.0,
        "totalOver": 0,
        "totalOverLast5": 0,
        "lastTotalOver": 0,
        "last5": "0,0,0,0,0,0,0,0,0,0",
        "overOdds": "+210",
        "underOdds": "-265",
        "overUnder": "+210 / -265"
    },
    {
        "player": "Dylan Larkin",
        "team": "DET",
        "opponent": "WSH",
        "propType": "sog",
        "line": 3.5,
        "avg": 3.2,
        "hit": false,
        "diffAvg": -0.09,
        "diffAbs": 0.2,
        "lastAvg": 2.94,
        "diff": -0.16,
        "avgMin": 19,
        "proj": 2.8,
        "lastAvgMin": 19.65,
        "oppOver": 0,
        "teamOver": 0,
        "gameLine": "+125",
        "prevMatchup": "2022-12-19 2.0 sog, 2022-11-03 3.0 sog",
        "winLossSplits": "3.53 - 2.6",
        "awayHome": "A",
        "playedYesterday": "N",
        "awayHomeSplits": "3.08 - 3.32",
        "savesAboveExp": 0.193,
        "gsaa": 8.81,
        "corsi": "47.1% (52.2) // 43.0% (48.0) // 37.6% (41.7) // 36.5% (41.8)",
        "fenwick": "47.7% (39.2) // 44.0% (36.6) // 38.8% (32.5) // 38.1% (33.4)",
        "shots": "48.2% (28.4) // 45.9% (26.3) // 41.0% (23.2) // 39.8% (22.7)",
        "scoring": "45.9% (25.6) // 42.5% (24.0) // 39.8% (23.0) // 38.9% (23.4)",
        "corsiAgainst": "52.9% (58.6) // 57.0% (63.6) // 62.4% (69.2) // 63.5% (72.6)",
        "fenwickAgainst": "52.3% (43.0) // 56.0% (46.7) // 61.2% (51.1) // 61.9% (54.2)",
        "shotsAgainst": "51.8% (30.5) // 54.1% (31.1) // 59.0% (33.4) // 60.2% (34.4)",
        "scoringAgainst": "54.1% (30.2) // 57.5% (32.5) // 60.2% (34.8) // 61.1% (36.6)",
        "oppCorsi": "50.9% (59.6) // 48.3% (56.4) // 44.9% (54.0) // 43.1% (51.5)",
        "oppFenwick": "50.8% (43.8) // 47.4% (40.3) // 44.0% (38.6) // 41.7% (37.5)",
        "oppShots": "50.9% (31.2) // 49.0% (29.8) // 45.8% (27.4) // 44.5% (28.5)",
        "oppScoring": "51.0% (29.8) // 47.6% (28.6) // 42.9% (27.2) // 41.9% (24.5)",
        "oppCorsiAgainst": "49.1% (57.6) // 51.7% (60.3) // 55.1% (66.2) // 56.9% (68.0)",
        "oppFenwickAgainst": "49.2% (42.3) // 52.6% (44.7) // 56.0% (49.2) // 58.3% (52.5)",
        "oppShotsAgainst": "49.1% (30.1) // 51.0% (31.0) // 54.2% (32.4) // 55.5% (35.5)",
        "oppScoringAgainst": "49.0% (28.6) // 52.4% (31.5) // 57.1% (36.2) // 58.1% (34.0)",
        "savesPerGame": 27.8,
        "savesPerGameLast1": 22.0,
        "savesPerGameLast3": 32.0,
        "savesPerGameLast5": 31.4,
        "savesPer60": 27.9,
        "savesPer60Last1": 21.1,
        "savesPer60Last3": 32.4,
        "savesPer60Last5": 31.5,
        "shotsPerGame": 28.9,
        "shotsPerGameLast5": 23.6,
        "shotsAgainstPerGame": 31.0,
        "shotsAgainstPerGameLast5": 34.0,
        "oppSavesAgainstPer60": 28.5,
        "oppSavesAgainstPer60Last1": 23.8,
        "oppSavesAgainstPer60Last3": 28.6,
        "oppSavesAgainstPer60Last5": 25.6,
        "oppShotsAgainstPerGame": 30.3,
        "oppShotsAgainstPerGameLast5": 32.4,
        "savesProj": 29.0,
        "savesProjLast5": 29.4,
        "savesProjLast3": 34.3,
        "oppSavesAgainstProj": 27.8,
        "oppSavesAgainstProjLast5": 28.1,
        "oppSavesAgainstProjLast3": 31.0,
        "totalOver": 35,
        "totalOverLast5": 40,
        "lastTotalOver": 33,
        "last5": "3,3,3,5,5,2,4,4,5,5",
        "overOdds": "+135",
        "underOdds": "-165",
        "overUnder": "+135 / -165"
    },
    {
        "player": "Dylan Larkin",
        "team": "DET",
        "opponent": "WSH",
        "propType": "pts",
        "line": 0.5,
        "avg": 1.04,
        "hit": false,
        "diffAvg": 1.08,
        "diffAbs": 0.8,
        "lastAvg": 0.96,
        "diff": 0.92,
        "avgMin": 19,
        "proj": 0.9,
        "lastAvgMin": 19.65,
        "oppOver": 0,
        "teamOver": 0,
        "gameLine": "+125",
        "prevMatchup": "2022-12-19 1.0 pts, 2022-11-03 2.0 pts",
        "winLossSplits": "1.52 - 0.55",
        "awayHome": "A",
        "playedYesterday": "N",
        "awayHomeSplits": "1.04 - 1.04",
        "savesAboveExp": 0.193,
        "gsaa": 8.81,
        "corsi": "47.1% (52.2) // 43.0% (48.0) // 37.6% (41.7) // 36.5% (41.8)",
        "fenwick": "47.7% (39.2) // 44.0% (36.6) // 38.8% (32.5) // 38.1% (33.4)",
        "shots": "48.2% (28.4) // 45.9% (26.3) // 41.0% (23.2) // 39.8% (22.7)",
        "scoring": "45.9% (25.6) // 42.5% (24.0) // 39.8% (23.0) // 38.9% (23.4)",
        "corsiAgainst": "52.9% (58.6) // 57.0% (63.6) // 62.4% (69.2) // 63.5% (72.6)",
        "fenwickAgainst": "52.3% (43.0) // 56.0% (46.7) // 61.2% (51.1) // 61.9% (54.2)",
        "shotsAgainst": "51.8% (30.5) // 54.1% (31.1) // 59.0% (33.4) // 60.2% (34.4)",
        "scoringAgainst": "54.1% (30.2) // 57.5% (32.5) // 60.2% (34.8) // 61.1% (36.6)",
        "oppCorsi": "50.9% (59.6) // 48.3% (56.4) // 44.9% (54.0) // 43.1% (51.5)",
        "oppFenwick": "50.8% (43.8) // 47.4% (40.3) // 44.0% (38.6) // 41.7% (37.5)",
        "oppShots": "50.9% (31.2) // 49.0% (29.8) // 45.8% (27.4) // 44.5% (28.5)",
        "oppScoring": "51.0% (29.8) // 47.6% (28.6) // 42.9% (27.2) // 41.9% (24.5)",
        "oppCorsiAgainst": "49.1% (57.6) // 51.7% (60.3) // 55.1% (66.2) // 56.9% (68.0)",
        "oppFenwickAgainst": "49.2% (42.3) // 52.6% (44.7) // 56.0% (49.2) // 58.3% (52.5)",
        "oppShotsAgainst": "49.1% (30.1) // 51.0% (31.0) // 54.2% (32.4) // 55.5% (35.5)",
        "oppScoringAgainst": "49.0% (28.6) // 52.4% (31.5) // 57.1% (36.2) // 58.1% (34.0)",
        "savesPerGame": 27.8,
        "savesPerGameLast1": 22.0,
        "savesPerGameLast3": 32.0,
        "savesPerGameLast5": 31.4,
        "savesPer60": 27.9,
        "savesPer60Last1": 21.1,
        "savesPer60Last3": 32.4,
        "savesPer60Last5": 31.5,
        "shotsPerGame": 28.9,
        "shotsPerGameLast5": 23.6,
        "shotsAgainstPerGame": 31.0,
        "shotsAgainstPerGameLast5": 34.0,
        "oppSavesAgainstPer60": 28.5,
        "oppSavesAgainstPer60Last1": 23.8,
        "oppSavesAgainstPer60Last3": 28.6,
        "oppSavesAgainstPer60Last5": 25.6,
        "oppShotsAgainstPerGame": 30.3,
        "oppShotsAgainstPerGameLast5": 32.4,
        "savesProj": 29.0,
        "savesProjLast5": 29.4,
        "savesProjLast3": 34.3,
        "oppSavesAgainstProj": 27.8,
        "oppSavesAgainstProjLast5": 28.1,
        "oppSavesAgainstProjLast3": 31.0,
        "totalOver": 70,
        "totalOverLast5": 100,
        "lastTotalOver": 63,
        "last5": "1,3,2,2,3,1,1,0,1,1",
        "overOdds": "-155",
        "underOdds": "+125",
        "overUnder": "-155 / +125"
    },
    {
        "player": "Dylan Larkin",
        "team": "DET",
        "opponent": "WSH",
        "propType": "ast",
        "line": 0.5,
        "avg": 0.0,
        "hit": false,
        "diffAvg": 0,
        "diffAbs": 1.0,
        "lastAvg": 0.0,
        "diff": 0,
        "avgMin": 19,
        "proj": 0.0,
        "lastAvgMin": 19.65,
        "oppOver": 0,
        "teamOver": 0,
        "gameLine": "+125",
        "prevMatchup": "2022-12-19 0.0 ast, 2022-11-03 0.0 ast",
        "winLossSplits": "0.0 - 0.0",
        "awayHome": "A",
        "playedYesterday": "N",
        "awayHomeSplits": "0.0 - 0.0",
        "savesAboveExp": 0.193,
        "gsaa": 8.81,
        "corsi": "47.1% (52.2) // 43.0% (48.0) // 37.6% (41.7) // 36.5% (41.8)",
        "fenwick": "47.7% (39.2) // 44.0% (36.6) // 38.8% (32.5) // 38.1% (33.4)",
        "shots": "48.2% (28.4) // 45.9% (26.3) // 41.0% (23.2) // 39.8% (22.7)",
        "scoring": "45.9% (25.6) // 42.5% (24.0) // 39.8% (23.0) // 38.9% (23.4)",
        "corsiAgainst": "52.9% (58.6) // 57.0% (63.6) // 62.4% (69.2) // 63.5% (72.6)",
        "fenwickAgainst": "52.3% (43.0) // 56.0% (46.7) // 61.2% (51.1) // 61.9% (54.2)",
        "shotsAgainst": "51.8% (30.5) // 54.1% (31.1) // 59.0% (33.4) // 60.2% (34.4)",
        "scoringAgainst": "54.1% (30.2) // 57.5% (32.5) // 60.2% (34.8) // 61.1% (36.6)",
        "oppCorsi": "50.9% (59.6) // 48.3% (56.4) // 44.9% (54.0) // 43.1% (51.5)",
        "oppFenwick": "50.8% (43.8) // 47.4% (40.3) // 44.0% (38.6) // 41.7% (37.5)",
        "oppShots": "50.9% (31.2) // 49.0% (29.8) // 45.8% (27.4) // 44.5% (28.5)",
        "oppScoring": "51.0% (29.8) // 47.6% (28.6) // 42.9% (27.2) // 41.9% (24.5)",
        "oppCorsiAgainst": "49.1% (57.6) // 51.7% (60.3) // 55.1% (66.2) // 56.9% (68.0)",
        "oppFenwickAgainst": "49.2% (42.3) // 52.6% (44.7) // 56.0% (49.2) // 58.3% (52.5)",
        "oppShotsAgainst": "49.1% (30.1) // 51.0% (31.0) // 54.2% (32.4) // 55.5% (35.5)",
        "oppScoringAgainst": "49.0% (28.6) // 52.4% (31.5) // 57.1% (36.2) // 58.1% (34.0)",
        "savesPerGame": 27.8,
        "savesPerGameLast1": 22.0,
        "savesPerGameLast3": 32.0,
        "savesPerGameLast5": 31.4,
        "savesPer60": 27.9,
        "savesPer60Last1": 21.1,
        "savesPer60Last3": 32.4,
        "savesPer60Last5": 31.5,
        "shotsPerGame": 28.9,
        "shotsPerGameLast5": 23.6,
        "shotsAgainstPerGame": 31.0,
        "shotsAgainstPerGameLast5": 34.0,
        "oppSavesAgainstPer60": 28.5,
        "oppSavesAgainstPer60Last1": 23.8,
        "oppSavesAgainstPer60Last3": 28.6,
        "oppSavesAgainstPer60Last5": 25.6,
        "oppShotsAgainstPerGame": 30.3,
        "oppShotsAgainstPerGameLast5": 32.4,
        "savesProj": 29.0,
        "savesProjLast5": 29.4,
        "savesProjLast3": 34.3,
        "oppSavesAgainstProj": 27.8,
        "oppSavesAgainstProjLast5": 28.1,
        "oppSavesAgainstProjLast3": 31.0,
        "totalOver": 0,
        "totalOverLast5": 0,
        "lastTotalOver": 0,
        "last5": "0,0,0,0,0,0,0,0,0,0",
        "overOdds": "+135",
        "underOdds": "-165",
        "overUnder": "+135 / -165"
    },
    {
        "player": "Dylan Strome",
        "team": "WSH",
        "opponent": "DET",
        "propType": "sog",
        "line": 1.5,
        "avg": 1.82,
        "hit": false,
        "diffAvg": 0.21,
        "diffAbs": 0.13,
        "lastAvg": 1.83,
        "diff": 0.22,
        "avgMin": 16,
        "proj": 1.7,
        "lastAvgMin": 17.43,
        "oppOver": 0,
        "teamOver": 0,
        "gameLine": "-145",
        "prevMatchup": "2022-12-19 0.0 sog, 2022-11-03 3.0 sog",
        "winLossSplits": "1.68 - 1.83",
        "awayHome": "H",
        "playedYesterday": "N",
        "awayHomeSplits": "1.7 - 1.96",
        "savesAboveExp": -0.011,
        "gsaa": -1.73,
        "corsi": "50.9% (59.6) // 48.3% (56.4) // 44.9% (54.0) // 43.1% (51.5)",
        "fenwick": "50.8% (43.8) // 47.4% (40.3) // 44.0% (38.6) // 41.7% (37.5)",
        "shots": "50.9% (31.2) // 49.0% (29.8) // 45.8% (27.4) // 44.5% (28.5)",
        "scoring": "51.0% (29.8) // 47.6% (28.6) // 42.9% (27.2) // 41.9% (24.5)",
        "corsiAgainst": "49.1% (57.6) // 51.7% (60.3) // 55.1% (66.2) // 56.9% (68.0)",
        "fenwickAgainst": "49.2% (42.3) // 52.6% (44.7) // 56.0% (49.2) // 58.3% (52.5)",
        "shotsAgainst": "49.1% (30.1) // 51.0% (31.0) // 54.2% (32.4) // 55.5% (35.5)",
        "scoringAgainst": "49.0% (28.6) // 52.4% (31.5) // 57.1% (36.2) // 58.1% (34.0)",
        "oppCorsi": "47.1% (52.2) // 43.0% (48.0) // 37.6% (41.7) // 36.5% (41.8)",
        "oppFenwick": "47.7% (39.2) // 44.0% (36.6) // 38.8% (32.5) // 38.1% (33.4)",
        "oppShots": "48.2% (28.4) // 45.9% (26.3) // 41.0% (23.2) // 39.8% (22.7)",
        "oppScoring": "45.9% (25.6) // 42.5% (24.0) // 39.8% (23.0) // 38.9% (23.4)",
        "oppCorsiAgainst": "52.9% (58.6) // 57.0% (63.6) // 62.4% (69.2) // 63.5% (72.6)",
        "oppFenwickAgainst": "52.3% (43.0) // 56.0% (46.7) // 61.2% (51.1) // 61.9% (54.2)",
        "oppShotsAgainst": "51.8% (30.5) // 54.1% (31.1) // 59.0% (33.4) // 60.2% (34.4)",
        "oppScoringAgainst": "54.1% (30.2) // 57.5% (32.5) // 60.2% (34.8) // 61.1% (36.6)",
        "savesPerGame": 27.4,
        "savesPerGameLast1": 31.0,
        "savesPerGameLast3": 29.3,
        "savesPerGameLast5": 28.8,
        "savesPer60": 27.4,
        "savesPer60Last1": 31.0,
        "savesPer60Last3": 28.7,
        "savesPer60Last5": 28.3,
        "shotsPerGame": 31.5,
        "shotsPerGameLast5": 27.4,
        "shotsAgainstPerGame": 30.3,
        "shotsAgainstPerGameLast5": 32.4,
        "oppSavesAgainstPer60": 25.9,
        "oppSavesAgainstPer60Last1": 22.0,
        "oppSavesAgainstPer60Last3": 20.5,
        "oppSavesAgainstPer60Last5": 19.9,
        "oppShotsAgainstPerGame": 31.0,
        "oppShotsAgainstPerGameLast5": 34.0,
        "savesProj": 25.3,
        "savesProjLast5": 19.5,
        "savesProjLast3": 20.2,
        "oppSavesAgainstProj": 25.0,
        "oppSavesAgainstProjLast5": 18.8,
        "oppSavesAgainstProjLast3": 18.7,
        "totalOver": 44,
        "totalOverLast5": 60,
        "lastTotalOver": 42,
        "last5": "0,8,3,2,1,1,1,2,3,1",
        "overOdds": "-185",
        "underOdds": "+150",
        "overUnder": "-185 / +150"
    },
    {
        "player": "Dylan Strome",
        "team": "WSH",
        "opponent": "DET",
        "propType": "pts",
        "line": 0.5,
        "avg": 0.65,
        "hit": false,
        "diffAvg": 0.3,
        "diffAbs": 0.2,
        "lastAvg": 0.7,
        "diff": 0.4,
        "avgMin": 16,
        "proj": 0.6,
        "lastAvgMin": 17.43,
        "oppOver": 0,
        "teamOver": 0,
        "gameLine": "-145",
        "prevMatchup": "2022-12-19 0.0 pts, 2022-11-03 0.0 pts",
        "winLossSplits": "0.78 - 0.49",
        "awayHome": "H",
        "playedYesterday": "N",
        "awayHomeSplits": "0.7 - 0.59",
        "savesAboveExp": -0.011,
        "gsaa": -1.73,
        "corsi": "50.9% (59.6) // 48.3% (56.4) // 44.9% (54.0) // 43.1% (51.5)",
        "fenwick": "50.8% (43.8) // 47.4% (40.3) // 44.0% (38.6) // 41.7% (37.5)",
        "shots": "50.9% (31.2) // 49.0% (29.8) // 45.8% (27.4) // 44.5% (28.5)",
        "scoring": "51.0% (29.8) // 47.6% (28.6) // 42.9% (27.2) // 41.9% (24.5)",
        "corsiAgainst": "49.1% (57.6) // 51.7% (60.3) // 55.1% (66.2) // 56.9% (68.0)",
        "fenwickAgainst": "49.2% (42.3) // 52.6% (44.7) // 56.0% (49.2) // 58.3% (52.5)",
        "shotsAgainst": "49.1% (30.1) // 51.0% (31.0) // 54.2% (32.4) // 55.5% (35.5)",
        "scoringAgainst": "49.0% (28.6) // 52.4% (31.5) // 57.1% (36.2) // 58.1% (34.0)",
        "oppCorsi": "47.1% (52.2) // 43.0% (48.0) // 37.6% (41.7) // 36.5% (41.8)",
        "oppFenwick": "47.7% (39.2) // 44.0% (36.6) // 38.8% (32.5) // 38.1% (33.4)",
        "oppShots": "48.2% (28.4) // 45.9% (26.3) // 41.0% (23.2) // 39.8% (22.7)",
        "oppScoring": "45.9% (25.6) // 42.5% (24.0) // 39.8% (23.0) // 38.9% (23.4)",
        "oppCorsiAgainst": "52.9% (58.6) // 57.0% (63.6) // 62.4% (69.2) // 63.5% (72.6)",
        "oppFenwickAgainst": "52.3% (43.0) // 56.0% (46.7) // 61.2% (51.1) // 61.9% (54.2)",
        "oppShotsAgainst": "51.8% (30.5) // 54.1% (31.1) // 59.0% (33.4) // 60.2% (34.4)",
        "oppScoringAgainst": "54.1% (30.2) // 57.5% (32.5) // 60.2% (34.8) // 61.1% (36.6)",
        "savesPerGame": 27.4,
        "savesPerGameLast1": 31.0,
        "savesPerGameLast3": 29.3,
        "savesPerGameLast5": 28.8,
        "savesPer60": 27.4,
        "savesPer60Last1": 31.0,
        "savesPer60Last3": 28.7,
        "savesPer60Last5": 28.3,
        "shotsPerGame": 31.5,
        "shotsPerGameLast5": 27.4,
        "shotsAgainstPerGame": 30.3,
        "shotsAgainstPerGameLast5": 32.4,
        "oppSavesAgainstPer60": 25.9,
        "oppSavesAgainstPer60Last1": 22.0,
        "oppSavesAgainstPer60Last3": 20.5,
        "oppSavesAgainstPer60Last5": 19.9,
        "oppShotsAgainstPerGame": 31.0,
        "oppShotsAgainstPerGameLast5": 34.0,
        "savesProj": 25.3,
        "savesProjLast5": 19.5,
        "savesProjLast3": 20.2,
        "oppSavesAgainstProj": 25.0,
        "oppSavesAgainstProjLast5": 18.8,
        "oppSavesAgainstProjLast3": 18.7,
        "totalOver": 47,
        "totalOverLast5": 20,
        "lastTotalOver": 52,
        "last5": "0,1,0,0,0,0,0,0,1,1",
        "overOdds": "-110",
        "underOdds": "-120",
        "overUnder": "-110 / -120"
    },
    {
        "player": "Dylan Strome",
        "team": "WSH",
        "opponent": "DET",
        "propType": "ast",
        "line": 0.5,
        "avg": 0.0,
        "hit": false,
        "diffAvg": 0,
        "diffAbs": 1.0,
        "lastAvg": 0.0,
        "diff": 0,
        "avgMin": 16,
        "proj": 0.0,
        "lastAvgMin": 17.43,
        "oppOver": 0,
        "teamOver": 0,
        "gameLine": "-145",
        "prevMatchup": "2022-12-19 0.0 ast, 2022-11-03 0.0 ast",
        "winLossSplits": "0.0 - 0.0",
        "awayHome": "H",
        "playedYesterday": "N",
        "awayHomeSplits": "0.0 - 0.0",
        "savesAboveExp": -0.011,
        "gsaa": -1.73,
        "corsi": "50.9% (59.6) // 48.3% (56.4) // 44.9% (54.0) // 43.1% (51.5)",
        "fenwick": "50.8% (43.8) // 47.4% (40.3) // 44.0% (38.6) // 41.7% (37.5)",
        "shots": "50.9% (31.2) // 49.0% (29.8) // 45.8% (27.4) // 44.5% (28.5)",
        "scoring": "51.0% (29.8) // 47.6% (28.6) // 42.9% (27.2) // 41.9% (24.5)",
        "corsiAgainst": "49.1% (57.6) // 51.7% (60.3) // 55.1% (66.2) // 56.9% (68.0)",
        "fenwickAgainst": "49.2% (42.3) // 52.6% (44.7) // 56.0% (49.2) // 58.3% (52.5)",
        "shotsAgainst": "49.1% (30.1) // 51.0% (31.0) // 54.2% (32.4) // 55.5% (35.5)",
        "scoringAgainst": "49.0% (28.6) // 52.4% (31.5) // 57.1% (36.2) // 58.1% (34.0)",
        "oppCorsi": "47.1% (52.2) // 43.0% (48.0) // 37.6% (41.7) // 36.5% (41.8)",
        "oppFenwick": "47.7% (39.2) // 44.0% (36.6) // 38.8% (32.5) // 38.1% (33.4)",
        "oppShots": "48.2% (28.4) // 45.9% (26.3) // 41.0% (23.2) // 39.8% (22.7)",
        "oppScoring": "45.9% (25.6) // 42.5% (24.0) // 39.8% (23.0) // 38.9% (23.4)",
        "oppCorsiAgainst": "52.9% (58.6) // 57.0% (63.6) // 62.4% (69.2) // 63.5% (72.6)",
        "oppFenwickAgainst": "52.3% (43.0) // 56.0% (46.7) // 61.2% (51.1) // 61.9% (54.2)",
        "oppShotsAgainst": "51.8% (30.5) // 54.1% (31.1) // 59.0% (33.4) // 60.2% (34.4)",
        "oppScoringAgainst": "54.1% (30.2) // 57.5% (32.5) // 60.2% (34.8) // 61.1% (36.6)",
        "savesPerGame": 27.4,
        "savesPerGameLast1": 31.0,
        "savesPerGameLast3": 29.3,
        "savesPerGameLast5": 28.8,
        "savesPer60": 27.4,
        "savesPer60Last1": 31.0,
        "savesPer60Last3": 28.7,
        "savesPer60Last5": 28.3,
        "shotsPerGame": 31.5,
        "shotsPerGameLast5": 27.4,
        "shotsAgainstPerGame": 30.3,
        "shotsAgainstPerGameLast5": 32.4,
        "oppSavesAgainstPer60": 25.9,
        "oppSavesAgainstPer60Last1": 22.0,
        "oppSavesAgainstPer60Last3": 20.5,
        "oppSavesAgainstPer60Last5": 19.9,
        "oppShotsAgainstPerGame": 31.0,
        "oppShotsAgainstPerGameLast5": 34.0,
        "savesProj": 25.3,
        "savesProjLast5": 19.5,
        "savesProjLast3": 20.2,
        "oppSavesAgainstProj": 25.0,
        "oppSavesAgainstProjLast5": 18.8,
        "oppSavesAgainstProjLast3": 18.7,
        "totalOver": 0,
        "totalOverLast5": 0,
        "lastTotalOver": 0,
        "last5": "0,0,0,0,0,0,0,0,0,0",
        "overOdds": "+170",
        "underOdds": "-210",
        "overUnder": "+170 / -210"
    },
    {
        "player": "Erik Gustafsson",
        "team": "WSH",
        "opponent": "DET",
        "propType": "sog",
        "line": 2.5,
        "avg": 1.91,
        "hit": false,
        "diffAvg": -0.24,
        "diffAbs": 0.32,
        "lastAvg": 1.34,
        "diff": -0.46,
        "avgMin": 20,
        "proj": 1.7,
        "lastAvgMin": 16.22,
        "oppOver": 0,
        "teamOver": 0,
        "gameLine": "-145",
        "prevMatchup": "2022-12-19 6.0 sog, 2022-11-03 1.0 sog",
        "winLossSplits": "1.84 - 1.86",
        "awayHome": "H",
        "playedYesterday": "N",
        "awayHomeSplits": "1.93 - 1.89",
        "savesAboveExp": -0.011,
        "gsaa": -1.73,
        "corsi": "50.9% (59.6) // 48.3% (56.4) // 44.9% (54.0) // 43.1% (51.5)",
        "fenwick": "50.8% (43.8) // 47.4% (40.3) // 44.0% (38.6) // 41.7% (37.5)",
        "shots": "50.9% (31.2) // 49.0% (29.8) // 45.8% (27.4) // 44.5% (28.5)",
        "scoring": "51.0% (29.8) // 47.6% (28.6) // 42.9% (27.2) // 41.9% (24.5)",
        "corsiAgainst": "49.1% (57.6) // 51.7% (60.3) // 55.1% (66.2) // 56.9% (68.0)",
        "fenwickAgainst": "49.2% (42.3) // 52.6% (44.7) // 56.0% (49.2) // 58.3% (52.5)",
        "shotsAgainst": "49.1% (30.1) // 51.0% (31.0) // 54.2% (32.4) // 55.5% (35.5)",
        "scoringAgainst": "49.0% (28.6) // 52.4% (31.5) // 57.1% (36.2) // 58.1% (34.0)",
        "oppCorsi": "47.1% (52.2) // 43.0% (48.0) // 37.6% (41.7) // 36.5% (41.8)",
        "oppFenwick": "47.7% (39.2) // 44.0% (36.6) // 38.8% (32.5) // 38.1% (33.4)",
        "oppShots": "48.2% (28.4) // 45.9% (26.3) // 41.0% (23.2) // 39.8% (22.7)",
        "oppScoring": "45.9% (25.6) // 42.5% (24.0) // 39.8% (23.0) // 38.9% (23.4)",
        "oppCorsiAgainst": "52.9% (58.6) // 57.0% (63.6) // 62.4% (69.2) // 63.5% (72.6)",
        "oppFenwickAgainst": "52.3% (43.0) // 56.0% (46.7) // 61.2% (51.1) // 61.9% (54.2)",
        "oppShotsAgainst": "51.8% (30.5) // 54.1% (31.1) // 59.0% (33.4) // 60.2% (34.4)",
        "oppScoringAgainst": "54.1% (30.2) // 57.5% (32.5) // 60.2% (34.8) // 61.1% (36.6)",
        "savesPerGame": 27.4,
        "savesPerGameLast1": 31.0,
        "savesPerGameLast3": 29.3,
        "savesPerGameLast5": 28.8,
        "savesPer60": 27.4,
        "savesPer60Last1": 31.0,
        "savesPer60Last3": 28.7,
        "savesPer60Last5": 28.3,
        "shotsPerGame": 31.5,
        "shotsPerGameLast5": 27.4,
        "shotsAgainstPerGame": 30.3,
        "shotsAgainstPerGameLast5": 32.4,
        "oppSavesAgainstPer60": 25.9,
        "oppSavesAgainstPer60Last1": 22.0,
        "oppSavesAgainstPer60Last3": 20.5,
        "oppSavesAgainstPer60Last5": 19.9,
        "oppShotsAgainstPerGame": 31.0,
        "oppShotsAgainstPerGameLast5": 34.0,
        "savesProj": 25.3,
        "savesProjLast5": 19.5,
        "savesProjLast3": 20.2,
        "oppSavesAgainstProj": 25.0,
        "oppSavesAgainstProjLast5": 18.8,
        "oppSavesAgainstProjLast3": 18.7,
        "totalOver": 23,
        "totalOverLast5": 20,
        "lastTotalOver": 19,
        "last5": "3,2,2,2,1,5,2,1,5,3",
        "overOdds": "+120",
        "underOdds": "-150",
        "overUnder": "+120 / -150"
    },
    {
        "player": "Erik Gustafsson",
        "team": "WSH",
        "opponent": "DET",
        "propType": "pts",
        "line": 0.5,
        "avg": 0.58,
        "hit": false,
        "diffAvg": 0.16,
        "diffAbs": 0.2,
        "lastAvg": 0.31,
        "diff": -0.38,
        "avgMin": 20,
        "proj": 0.4,
        "lastAvgMin": 16.22,
        "oppOver": 0,
        "teamOver": 0,
        "gameLine": "-145",
        "prevMatchup": "2022-12-19 2.0 pts, 2022-11-03 0.0 pts",
        "winLossSplits": "0.77 - 0.36",
        "awayHome": "H",
        "playedYesterday": "N",
        "awayHomeSplits": "0.38 - 0.79",
        "savesAboveExp": -0.011,
        "gsaa": -1.73,
        "corsi": "50.9% (59.6) // 48.3% (56.4) // 44.9% (54.0) // 43.1% (51.5)",
        "fenwick": "50.8% (43.8) // 47.4% (40.3) // 44.0% (38.6) // 41.7% (37.5)",
        "shots": "50.9% (31.2) // 49.0% (29.8) // 45.8% (27.4) // 44.5% (28.5)",
        "scoring": "51.0% (29.8) // 47.6% (28.6) // 42.9% (27.2) // 41.9% (24.5)",
        "corsiAgainst": "49.1% (57.6) // 51.7% (60.3) // 55.1% (66.2) // 56.9% (68.0)",
        "fenwickAgainst": "49.2% (42.3) // 52.6% (44.7) // 56.0% (49.2) // 58.3% (52.5)",
        "shotsAgainst": "49.1% (30.1) // 51.0% (31.0) // 54.2% (32.4) // 55.5% (35.5)",
        "scoringAgainst": "49.0% (28.6) // 52.4% (31.5) // 57.1% (36.2) // 58.1% (34.0)",
        "oppCorsi": "47.1% (52.2) // 43.0% (48.0) // 37.6% (41.7) // 36.5% (41.8)",
        "oppFenwick": "47.7% (39.2) // 44.0% (36.6) // 38.8% (32.5) // 38.1% (33.4)",
        "oppShots": "48.2% (28.4) // 45.9% (26.3) // 41.0% (23.2) // 39.8% (22.7)",
        "oppScoring": "45.9% (25.6) // 42.5% (24.0) // 39.8% (23.0) // 38.9% (23.4)",
        "oppCorsiAgainst": "52.9% (58.6) // 57.0% (63.6) // 62.4% (69.2) // 63.5% (72.6)",
        "oppFenwickAgainst": "52.3% (43.0) // 56.0% (46.7) // 61.2% (51.1) // 61.9% (54.2)",
        "oppShotsAgainst": "51.8% (30.5) // 54.1% (31.1) // 59.0% (33.4) // 60.2% (34.4)",
        "oppScoringAgainst": "54.1% (30.2) // 57.5% (32.5) // 60.2% (34.8) // 61.1% (36.6)",
        "savesPerGame": 27.4,
        "savesPerGameLast1": 31.0,
        "savesPerGameLast3": 29.3,
        "savesPerGameLast5": 28.8,
        "savesPer60": 27.4,
        "savesPer60Last1": 31.0,
        "savesPer60Last3": 28.7,
        "savesPer60Last5": 28.3,
        "shotsPerGame": 31.5,
        "shotsPerGameLast5": 27.4,
        "shotsAgainstPerGame": 30.3,
        "shotsAgainstPerGameLast5": 32.4,
        "oppSavesAgainstPer60": 25.9,
        "oppSavesAgainstPer60Last1": 22.0,
        "oppSavesAgainstPer60Last3": 20.5,
        "oppSavesAgainstPer60Last5": 19.9,
        "oppShotsAgainstPerGame": 31.0,
        "oppShotsAgainstPerGameLast5": 34.0,
        "savesProj": 25.3,
        "savesProjLast5": 19.5,
        "savesProjLast3": 20.2,
        "oppSavesAgainstProj": 25.0,
        "oppSavesAgainstProjLast5": 18.8,
        "oppSavesAgainstProjLast3": 18.7,
        "totalOver": 39,
        "totalOverLast5": 40,
        "lastTotalOver": 25,
        "last5": "0,3,0,1,0,2,0,0,0,1",
        "overOdds": "+105",
        "underOdds": "-135",
        "overUnder": "+105 / -135"
    },
    {
        "player": "Erik Gustafsson",
        "team": "WSH",
        "opponent": "DET",
        "propType": "ast",
        "line": 0.5,
        "avg": 0.0,
        "hit": false,
        "diffAvg": 0,
        "diffAbs": 1.0,
        "lastAvg": 0.0,
        "diff": 0,
        "avgMin": 20,
        "proj": 0.0,
        "lastAvgMin": 16.22,
        "oppOver": 0,
        "teamOver": 0,
        "gameLine": "-145",
        "prevMatchup": "2022-12-19 0.0 ast, 2022-11-03 0.0 ast",
        "winLossSplits": "0.0 - 0.0",
        "awayHome": "H",
        "playedYesterday": "N",
        "awayHomeSplits": "0.0 - 0.0",
        "savesAboveExp": -0.011,
        "gsaa": -1.73,
        "corsi": "50.9% (59.6) // 48.3% (56.4) // 44.9% (54.0) // 43.1% (51.5)",
        "fenwick": "50.8% (43.8) // 47.4% (40.3) // 44.0% (38.6) // 41.7% (37.5)",
        "shots": "50.9% (31.2) // 49.0% (29.8) // 45.8% (27.4) // 44.5% (28.5)",
        "scoring": "51.0% (29.8) // 47.6% (28.6) // 42.9% (27.2) // 41.9% (24.5)",
        "corsiAgainst": "49.1% (57.6) // 51.7% (60.3) // 55.1% (66.2) // 56.9% (68.0)",
        "fenwickAgainst": "49.2% (42.3) // 52.6% (44.7) // 56.0% (49.2) // 58.3% (52.5)",
        "shotsAgainst": "49.1% (30.1) // 51.0% (31.0) // 54.2% (32.4) // 55.5% (35.5)",
        "scoringAgainst": "49.0% (28.6) // 52.4% (31.5) // 57.1% (36.2) // 58.1% (34.0)",
        "oppCorsi": "47.1% (52.2) // 43.0% (48.0) // 37.6% (41.7) // 36.5% (41.8)",
        "oppFenwick": "47.7% (39.2) // 44.0% (36.6) // 38.8% (32.5) // 38.1% (33.4)",
        "oppShots": "48.2% (28.4) // 45.9% (26.3) // 41.0% (23.2) // 39.8% (22.7)",
        "oppScoring": "45.9% (25.6) // 42.5% (24.0) // 39.8% (23.0) // 38.9% (23.4)",
        "oppCorsiAgainst": "52.9% (58.6) // 57.0% (63.6) // 62.4% (69.2) // 63.5% (72.6)",
        "oppFenwickAgainst": "52.3% (43.0) // 56.0% (46.7) // 61.2% (51.1) // 61.9% (54.2)",
        "oppShotsAgainst": "51.8% (30.5) // 54.1% (31.1) // 59.0% (33.4) // 60.2% (34.4)",
        "oppScoringAgainst": "54.1% (30.2) // 57.5% (32.5) // 60.2% (34.8) // 61.1% (36.6)",
        "savesPerGame": 27.4,
        "savesPerGameLast1": 31.0,
        "savesPerGameLast3": 29.3,
        "savesPerGameLast5": 28.8,
        "savesPer60": 27.4,
        "savesPer60Last1": 31.0,
        "savesPer60Last3": 28.7,
        "savesPer60Last5": 28.3,
        "shotsPerGame": 31.5,
        "shotsPerGameLast5": 27.4,
        "shotsAgainstPerGame": 30.3,
        "shotsAgainstPerGameLast5": 32.4,
        "oppSavesAgainstPer60": 25.9,
        "oppSavesAgainstPer60Last1": 22.0,
        "oppSavesAgainstPer60Last3": 20.5,
        "oppSavesAgainstPer60Last5": 19.9,
        "oppShotsAgainstPerGame": 31.0,
        "oppShotsAgainstPerGameLast5": 34.0,
        "savesProj": 25.3,
        "savesProjLast5": 19.5,
        "savesProjLast3": 20.2,
        "oppSavesAgainstProj": 25.0,
        "oppSavesAgainstProjLast5": 18.8,
        "oppSavesAgainstProjLast3": 18.7,
        "totalOver": 0,
        "totalOverLast5": 0,
        "lastTotalOver": 0,
        "last5": "0,0,0,0,0,0,0,0,0,0",
        "overOdds": "+140",
        "underOdds": "-175",
        "overUnder": "+140 / -175"
    },
    {
        "player": "Evgeny Kuznetsov",
        "team": "WSH",
        "opponent": "DET",
        "propType": "sog",
        "line": 2.5,
        "avg": 2.26,
        "hit": false,
        "diffAvg": -0.1,
        "diffAbs": 0.16,
        "lastAvg": 2.39,
        "diff": -0.04,
        "avgMin": 18,
        "proj": 2.1,
        "lastAvgMin": 20.27,
        "oppOver": 0,
        "teamOver": 0,
        "gameLine": "-145",
        "prevMatchup": "2022-12-19 6.0 sog, 2022-11-03 3.0 sog",
        "winLossSplits": "1.89 - 2.48",
        "awayHome": "H",
        "playedYesterday": "N",
        "awayHomeSplits": "2.24 - 2.29",
        "savesAboveExp": -0.011,
        "gsaa": -1.73,
        "corsi": "50.9% (59.6) // 48.3% (56.4) // 44.9% (54.0) // 43.1% (51.5)",
        "fenwick": "50.8% (43.8) // 47.4% (40.3) // 44.0% (38.6) // 41.7% (37.5)",
        "shots": "50.9% (31.2) // 49.0% (29.8) // 45.8% (27.4) // 44.5% (28.5)",
        "scoring": "51.0% (29.8) // 47.6% (28.6) // 42.9% (27.2) // 41.9% (24.5)",
        "corsiAgainst": "49.1% (57.6) // 51.7% (60.3) // 55.1% (66.2) // 56.9% (68.0)",
        "fenwickAgainst": "49.2% (42.3) // 52.6% (44.7) // 56.0% (49.2) // 58.3% (52.5)",
        "shotsAgainst": "49.1% (30.1) // 51.0% (31.0) // 54.2% (32.4) // 55.5% (35.5)",
        "scoringAgainst": "49.0% (28.6) // 52.4% (31.5) // 57.1% (36.2) // 58.1% (34.0)",
        "oppCorsi": "47.1% (52.2) // 43.0% (48.0) // 37.6% (41.7) // 36.5% (41.8)",
        "oppFenwick": "47.7% (39.2) // 44.0% (36.6) // 38.8% (32.5) // 38.1% (33.4)",
        "oppShots": "48.2% (28.4) // 45.9% (26.3) // 41.0% (23.2) // 39.8% (22.7)",
        "oppScoring": "45.9% (25.6) // 42.5% (24.0) // 39.8% (23.0) // 38.9% (23.4)",
        "oppCorsiAgainst": "52.9% (58.6) // 57.0% (63.6) // 62.4% (69.2) // 63.5% (72.6)",
        "oppFenwickAgainst": "52.3% (43.0) // 56.0% (46.7) // 61.2% (51.1) // 61.9% (54.2)",
        "oppShotsAgainst": "51.8% (30.5) // 54.1% (31.1) // 59.0% (33.4) // 60.2% (34.4)",
