[
    {
        "player": "Alex Tuch",
        "team": "BUF",
        "opponent": "MTL",
        "propType": "sog",
        "line": 2.5,
        "ppLine": "PP1",
        "avg": 2.81,
        "hit": false,
        "diffAvg": 0.12,
        "diffAbs": 0.16,
        "lastAvg": 2.78,
        "diff": 0.11,
        "avgMin": 19,
        "proj": 2.9,
        "lastAvgMin": 18.4,
        "oppOver": 0,
        "teamOver": 0,
        "gameLine": "-180",
        "+/-": "+7",
        "L5_+/-": -3.0,
        "prevMatchup": "2022-11-22 3.0 sog 2022-10-27 2.0 sog",
        "winLossSplits": "3.15 - 2.47",
        "awayHome": "H",
        "playedYesterday": "N",
        "awayHomeSplits": "2.79 - 2.84",
        "savesAboveExp": 0.116,
        "gsaa": -17.08,
        "corsi": "51.1% (57.6) \u2022 51.2% (55.9) \u2022 53.7% (56.6) \u2022 49.5% (53.0)",
        "fenwick": "49.7% (43.5) \u2022 49.8% (41.5) \u2022 54.7% (45.2) \u2022 51.8% (43.3)",
        "shots": "49.4% (31.9) \u2022 48.9% (29.5) \u2022 54.4% (31.2) \u2022 52.3% (30.7)",
        "scoring": "49.9% (30.5) \u2022 47.1% (27.0) \u2022 48.2% (27.0) \u2022 44.1% (25.0)",
        "corsiAgainst": "48.9% (55.0) \u2022 48.8% (53.4) \u2022 46.3% (48.8) \u2022 50.5% (54.0)",
        "fenwickAgainst": "50.3% (43.9) \u2022 50.2% (41.8) \u2022 45.3% (37.4) \u2022 48.2% (40.3)",
        "shotsAgainst": "50.6% (32.6) \u2022 51.1% (30.8) \u2022 45.6% (26.2) \u2022 47.7% (28.0)",
        "scoringAgainst": "50.1% (30.6) \u2022 52.9% (30.2) \u2022 51.8% (29.0) \u2022 55.9% (31.7)",
        "oppCorsi": "44.8% (51.0) \u2022 42.6% (47.9) \u2022 47.9% (50.8) \u2022 53.4% (55.3)",
        "oppFenwick": "44.8% (37.2) \u2022 43.6% (35.6) \u2022 50.6% (40.2) \u2022 56.5% (43.7)",
        "oppShots": "44.8% (27.1) \u2022 41.9% (24.5) \u2022 46.9% (26.0) \u2022 51.9% (27.7)",
        "oppScoring": "42.7% (25.2) \u2022 40.0% (22.3) \u2022 44.9% (23.0) \u2022 50.3% (26.0)",
        "oppCorsiAgainst": "55.2% (63.0) \u2022 57.4% (64.6) \u2022 52.1% (55.2) \u2022 46.6% (48.3)",
        "oppFenwickAgainst": "55.2% (45.8) \u2022 56.4% (46.1) \u2022 49.4% (39.2) \u2022 43.5% (33.7)",
        "oppShotsAgainst": "55.2% (33.4) \u2022 58.1% (33.9) \u2022 53.1% (29.5) \u2022 48.1% (25.7)",
        "oppScoringAgainst": "57.3% (33.8) \u2022 60.0% (33.5) \u2022 55.1% (28.2) \u2022 49.7% (25.7)",
        "savesPerGame": 29.2,
        "savesPerGameLast1": 26.0,
        "savesPerGameLast3": 24.3,
        "savesPerGameLast5": 21.6,
        "savesPer60": 29.3,
        "savesPer60Last1": 25.6,
        "savesPer60Last3": 24.1,
        "savesPer60Last5": 21.5,
        "shotsPerGame": 32.2,
        "shotsPerGameLast5": 31.2,
        "shotsAgainstPerGame": 32.9,
        "shotsAgainstPerGameLast5": 26.2,
        "oppSavesAgainstPer60": 24.7,
        "oppSavesAgainstPer60Last1": 24.0,
        "oppSavesAgainstPer60Last3": 23.4,
        "oppSavesAgainstPer60Last5": 22.6,
        "oppShotsAgainstPerGame": 33.7,
        "oppShotsAgainstPerGameLast5": 31.8,
        "savesProj": 23.9,
        "savesProjLast5": 16.1,
        "savesProjLast3": 18.7,
        "oppSavesAgainstProj": 25.5,
        "oppSavesAgainstProjLast5": 17.2,
        "oppSavesAgainstProjLast3": 19.9,
        "totalOver": 62,
        "totalOverLast5": 20,
        "totalOverLast15": 40,
        "lastTotalOver": 58,
        "last5": "3,2,2,0,1,3,5,5,0,2",
        "overOdds": "-145",
        "underOdds": "+115",
        "overUnder": "-145 / +115"
    },
    {
        "player": "Alex Tuch",
        "team": "BUF",
        "opponent": "MTL",
        "propType": "pts",
        "line": 0.5,
        "ppLine": "PP1",
        "avg": 1.06,
        "hit": false,
        "diffAvg": 1.12,
        "diffAbs": 0.6,
        "lastAvg": 0.76,
        "diff": 0.52,
        "avgMin": 19,
        "proj": 0.8,
        "lastAvgMin": 18.4,
        "oppOver": 0,
        "teamOver": 0,
        "gameLine": "-180",
        "+/-": "+7",
        "L5_+/-": -3.0,
        "prevMatchup": "2022-11-22 3.0 pts 2022-10-27 1.0 pts",
        "winLossSplits": "1.57 - 0.6",
        "awayHome": "H",
        "playedYesterday": "N",
        "awayHomeSplits": "1.18 - 0.94",
        "savesAboveExp": 0.116,
        "gsaa": -17.08,
        "corsi": "51.1% (57.6) \u2022 51.2% (55.9) \u2022 53.7% (56.6) \u2022 49.5% (53.0)",
        "fenwick": "49.7% (43.5) \u2022 49.8% (41.5) \u2022 54.7% (45.2) \u2022 51.8% (43.3)",
        "shots": "49.4% (31.9) \u2022 48.9% (29.5) \u2022 54.4% (31.2) \u2022 52.3% (30.7)",
        "scoring": "49.9% (30.5) \u2022 47.1% (27.0) \u2022 48.2% (27.0) \u2022 44.1% (25.0)",
        "corsiAgainst": "48.9% (55.0) \u2022 48.8% (53.4) \u2022 46.3% (48.8) \u2022 50.5% (54.0)",
        "fenwickAgainst": "50.3% (43.9) \u2022 50.2% (41.8) \u2022 45.3% (37.4) \u2022 48.2% (40.3)",
        "shotsAgainst": "50.6% (32.6) \u2022 51.1% (30.8) \u2022 45.6% (26.2) \u2022 47.7% (28.0)",
        "scoringAgainst": "50.1% (30.6) \u2022 52.9% (30.2) \u2022 51.8% (29.0) \u2022 55.9% (31.7)",
        "oppCorsi": "44.8% (51.0) \u2022 42.6% (47.9) \u2022 47.9% (50.8) \u2022 53.4% (55.3)",
        "oppFenwick": "44.8% (37.2) \u2022 43.6% (35.6) \u2022 50.6% (40.2) \u2022 56.5% (43.7)",
        "oppShots": "44.8% (27.1) \u2022 41.9% (24.5) \u2022 46.9% (26.0) \u2022 51.9% (27.7)",
        "oppScoring": "42.7% (25.2) \u2022 40.0% (22.3) \u2022 44.9% (23.0) \u2022 50.3% (26.0)",
        "oppCorsiAgainst": "55.2% (63.0) \u2022 57.4% (64.6) \u2022 52.1% (55.2) \u2022 46.6% (48.3)",
        "oppFenwickAgainst": "55.2% (45.8) \u2022 56.4% (46.1) \u2022 49.4% (39.2) \u2022 43.5% (33.7)",
        "oppShotsAgainst": "55.2% (33.4) \u2022 58.1% (33.9) \u2022 53.1% (29.5) \u2022 48.1% (25.7)",
        "oppScoringAgainst": "57.3% (33.8) \u2022 60.0% (33.5) \u2022 55.1% (28.2) \u2022 49.7% (25.7)",
        "savesPerGame": 29.2,
        "savesPerGameLast1": 26.0,
        "savesPerGameLast3": 24.3,
        "savesPerGameLast5": 21.6,
        "savesPer60": 29.3,
        "savesPer60Last1": 25.6,
        "savesPer60Last3": 24.1,
        "savesPer60Last5": 21.5,
        "shotsPerGame": 32.2,
        "shotsPerGameLast5": 31.2,
        "shotsAgainstPerGame": 32.9,
        "shotsAgainstPerGameLast5": 26.2,
        "oppSavesAgainstPer60": 24.7,
        "oppSavesAgainstPer60Last1": 24.0,
        "oppSavesAgainstPer60Last3": 23.4,
        "oppSavesAgainstPer60Last5": 22.6,
        "oppShotsAgainstPerGame": 33.7,
        "oppShotsAgainstPerGameLast5": 31.8,
        "savesProj": 23.9,
        "savesProjLast5": 16.1,
        "savesProjLast3": 18.7,
        "oppSavesAgainstProj": 25.5,
        "oppSavesAgainstProjLast5": 17.2,
        "oppSavesAgainstProjLast3": 19.9,
        "totalOver": 62,
        "totalOverLast5": 40,
        "totalOverLast15": 47,
        "lastTotalOver": 54,
        "last5": "0,3,1,0,0,0,2,1,0,2",
        "overOdds": "-210",
        "underOdds": "+170",
        "overUnder": "-210 / +170"
    },
    {
        "player": "Alex Tuch",
        "team": "BUF",
        "opponent": "MTL",
        "propType": "ast",
        "line": 0.5,
        "ppLine": "PP1",
        "avg": 0.56,
        "hit": false,
        "diffAvg": 0.12,
        "diffAbs": 0.0,
        "lastAvg": 0.52,
        "diff": 0.04,
        "avgMin": 19,
        "proj": 0.5,
        "lastAvgMin": 18.4,
        "oppOver": 0,
        "teamOver": 0,
        "gameLine": "-180",
        "+/-": "+7",
        "L5_+/-": -3.0,
        "prevMatchup": "2022-11-22 2.0 ast 2022-10-27 1.0 ast",
        "winLossSplits": "0.85 - 0.32",
        "awayHome": "H",
        "playedYesterday": "N",
        "awayHomeSplits": "0.64 - 0.48",
        "savesAboveExp": 0.116,
        "gsaa": -17.08,
        "corsi": "51.1% (57.6) \u2022 51.2% (55.9) \u2022 53.7% (56.6) \u2022 49.5% (53.0)",
        "fenwick": "49.7% (43.5) \u2022 49.8% (41.5) \u2022 54.7% (45.2) \u2022 51.8% (43.3)",
        "shots": "49.4% (31.9) \u2022 48.9% (29.5) \u2022 54.4% (31.2) \u2022 52.3% (30.7)",
        "scoring": "49.9% (30.5) \u2022 47.1% (27.0) \u2022 48.2% (27.0) \u2022 44.1% (25.0)",
        "corsiAgainst": "48.9% (55.0) \u2022 48.8% (53.4) \u2022 46.3% (48.8) \u2022 50.5% (54.0)",
        "fenwickAgainst": "50.3% (43.9) \u2022 50.2% (41.8) \u2022 45.3% (37.4) \u2022 48.2% (40.3)",
        "shotsAgainst": "50.6% (32.6) \u2022 51.1% (30.8) \u2022 45.6% (26.2) \u2022 47.7% (28.0)",
        "scoringAgainst": "50.1% (30.6) \u2022 52.9% (30.2) \u2022 51.8% (29.0) \u2022 55.9% (31.7)",
        "oppCorsi": "44.8% (51.0) \u2022 42.6% (47.9) \u2022 47.9% (50.8) \u2022 53.4% (55.3)",
        "oppFenwick": "44.8% (37.2) \u2022 43.6% (35.6) \u2022 50.6% (40.2) \u2022 56.5% (43.7)",
        "oppShots": "44.8% (27.1) \u2022 41.9% (24.5) \u2022 46.9% (26.0) \u2022 51.9% (27.7)",
        "oppScoring": "42.7% (25.2) \u2022 40.0% (22.3) \u2022 44.9% (23.0) \u2022 50.3% (26.0)",
        "oppCorsiAgainst": "55.2% (63.0) \u2022 57.4% (64.6) \u2022 52.1% (55.2) \u2022 46.6% (48.3)",
        "oppFenwickAgainst": "55.2% (45.8) \u2022 56.4% (46.1) \u2022 49.4% (39.2) \u2022 43.5% (33.7)",
        "oppShotsAgainst": "55.2% (33.4) \u2022 58.1% (33.9) \u2022 53.1% (29.5) \u2022 48.1% (25.7)",
        "oppScoringAgainst": "57.3% (33.8) \u2022 60.0% (33.5) \u2022 55.1% (28.2) \u2022 49.7% (25.7)",
        "savesPerGame": 29.2,
        "savesPerGameLast1": 26.0,
        "savesPerGameLast3": 24.3,
        "savesPerGameLast5": 21.6,
        "savesPer60": 29.3,
        "savesPer60Last1": 25.6,
        "savesPer60Last3": 24.1,
        "savesPer60Last5": 21.5,
        "shotsPerGame": 32.2,
        "shotsPerGameLast5": 31.2,
        "shotsAgainstPerGame": 32.9,
        "shotsAgainstPerGameLast5": 26.2,
        "oppSavesAgainstPer60": 24.7,
        "oppSavesAgainstPer60Last1": 24.0,
        "oppSavesAgainstPer60Last3": 23.4,
        "oppSavesAgainstPer60Last5": 22.6,
        "oppShotsAgainstPerGame": 33.7,
        "oppShotsAgainstPerGameLast5": 31.8,
        "savesProj": 23.9,
        "savesProjLast5": 16.1,
        "savesProjLast3": 18.7,
        "oppSavesAgainstProj": 25.5,
        "oppSavesAgainstProjLast5": 17.2,
        "oppSavesAgainstProjLast3": 19.9,
        "totalOver": 41,
        "totalOverLast5": 40,
        "totalOverLast15": 33,
        "lastTotalOver": 42,
        "last5": "0,1,1,0,0,0,0,0,0,1",
        "overOdds": "+115",
        "underOdds": "-145",
        "overUnder": "+115 / -145"
    },
    {
        "player": "Alex Tuch",
        "team": "BUF",
        "opponent": "MTL",
        "propType": "g",
        "line": 0.5,
        "ppLine": "PP1",
        "avg": 0.5,
        "hit": false,
        "diffAvg": 0.0,
        "diffAbs": 0.6,
        "lastAvg": 0.24,
        "diff": -0.52,
        "avgMin": 19,
        "proj": 0.2,
        "lastAvgMin": 18.4,
        "oppOver": 0,
        "teamOver": 0,
        "gameLine": "-180",
        "+/-": "+7",
        "L5_+/-": -3.0,
        "prevMatchup": "2022-11-22 1.0 g 2022-10-27 0.0 g",
        "winLossSplits": "0.72 - 0.28",
        "awayHome": "H",
        "playedYesterday": "N",
        "awayHomeSplits": "0.55 - 0.45",
        "savesAboveExp": 0.116,
        "gsaa": -17.08,
        "corsi": "51.1% (57.6) \u2022 51.2% (55.9) \u2022 53.7% (56.6) \u2022 49.5% (53.0)",
        "fenwick": "49.7% (43.5) \u2022 49.8% (41.5) \u2022 54.7% (45.2) \u2022 51.8% (43.3)",
        "shots": "49.4% (31.9) \u2022 48.9% (29.5) \u2022 54.4% (31.2) \u2022 52.3% (30.7)",
        "scoring": "49.9% (30.5) \u2022 47.1% (27.0) \u2022 48.2% (27.0) \u2022 44.1% (25.0)",
        "corsiAgainst": "48.9% (55.0) \u2022 48.8% (53.4) \u2022 46.3% (48.8) \u2022 50.5% (54.0)",
        "fenwickAgainst": "50.3% (43.9) \u2022 50.2% (41.8) \u2022 45.3% (37.4) \u2022 48.2% (40.3)",
        "shotsAgainst": "50.6% (32.6) \u2022 51.1% (30.8) \u2022 45.6% (26.2) \u2022 47.7% (28.0)",
        "scoringAgainst": "50.1% (30.6) \u2022 52.9% (30.2) \u2022 51.8% (29.0) \u2022 55.9% (31.7)",
        "oppCorsi": "44.8% (51.0) \u2022 42.6% (47.9) \u2022 47.9% (50.8) \u2022 53.4% (55.3)",
        "oppFenwick": "44.8% (37.2) \u2022 43.6% (35.6) \u2022 50.6% (40.2) \u2022 56.5% (43.7)",
        "oppShots": "44.8% (27.1) \u2022 41.9% (24.5) \u2022 46.9% (26.0) \u2022 51.9% (27.7)",
        "oppScoring": "42.7% (25.2) \u2022 40.0% (22.3) \u2022 44.9% (23.0) \u2022 50.3% (26.0)",
        "oppCorsiAgainst": "55.2% (63.0) \u2022 57.4% (64.6) \u2022 52.1% (55.2) \u2022 46.6% (48.3)",
        "oppFenwickAgainst": "55.2% (45.8) \u2022 56.4% (46.1) \u2022 49.4% (39.2) \u2022 43.5% (33.7)",
        "oppShotsAgainst": "55.2% (33.4) \u2022 58.1% (33.9) \u2022 53.1% (29.5) \u2022 48.1% (25.7)",
        "oppScoringAgainst": "57.3% (33.8) \u2022 60.0% (33.5) \u2022 55.1% (28.2) \u2022 49.7% (25.7)",
        "savesPerGame": 29.2,
        "savesPerGameLast1": 26.0,
        "savesPerGameLast3": 24.3,
        "savesPerGameLast5": 21.6,
        "savesPer60": 29.3,
        "savesPer60Last1": 25.6,
        "savesPer60Last3": 24.1,
        "savesPer60Last5": 21.5,
        "shotsPerGame": 32.2,
        "shotsPerGameLast5": 31.2,
        "shotsAgainstPerGame": 32.9,
        "shotsAgainstPerGameLast5": 26.2,
        "oppSavesAgainstPer60": 24.7,
        "oppSavesAgainstPer60Last1": 24.0,
        "oppSavesAgainstPer60Last3": 23.4,
        "oppSavesAgainstPer60Last5": 22.6,
        "oppShotsAgainstPerGame": 33.7,
        "oppShotsAgainstPerGameLast5": 31.8,
        "savesProj": 23.9,
        "savesProjLast5": 16.1,
        "savesProjLast3": 18.7,
        "oppSavesAgainstProj": 25.5,
        "oppSavesAgainstProjLast5": 17.2,
        "oppSavesAgainstProjLast3": 19.9,
        "totalOver": 41,
        "totalOverLast5": 20,
        "totalOverLast15": 40,
        "lastTotalOver": 24,
        "last5": "0,2,0,0,0,0,2,1,0,1",
        "overOdds": "+120",
        "underOdds": "0",
        "overUnder": "+120 / 0"
    },
    {
        "player": "Brendan Gallagher",
        "team": "MTL",
        "opponent": "BUF",
        "propType": "sog",
        "line": 2.5,
        "ppLine": "PP2",
        "avg": 2.25,
        "hit": false,
        "diffAvg": -0.1,
        "diffAbs": 0.04,
        "lastAvg": 2.54,
        "diff": 0.02,
        "avgMin": 14,
        "proj": 2.4,
        "lastAvgMin": 15.02,
        "oppOver": 0,
        "teamOver": 0,
        "gameLine": "+155",
        "+/-": -5,
        "L5_+/-": -3.0,
        "prevMatchup": "2022-11-22 1.0 sog 2022-10-27 5.0 sog",
        "winLossSplits": "2.35 - 2.28",
        "awayHome": "A",
        "playedYesterday": "N",
        "awayHomeSplits": "2.79 - 1.71",
        "savesAboveExp": -0.339,
        "gsaa": -11.94,
        "corsi": "44.8% (51.0) \u2022 42.6% (47.9) \u2022 47.9% (50.8) \u2022 53.4% (55.3)",
        "fenwick": "44.8% (37.2) \u2022 43.6% (35.6) \u2022 50.6% (40.2) \u2022 56.5% (43.7)",
        "shots": "44.8% (27.1) \u2022 41.9% (24.5) \u2022 46.9% (26.0) \u2022 51.9% (27.7)",
        "scoring": "42.7% (25.2) \u2022 40.0% (22.3) \u2022 44.9% (23.0) \u2022 50.3% (26.0)",
        "corsiAgainst": "55.2% (63.0) \u2022 57.4% (64.6) \u2022 52.1% (55.2) \u2022 46.6% (48.3)",
        "fenwickAgainst": "55.2% (45.8) \u2022 56.4% (46.1) \u2022 49.4% (39.2) \u2022 43.5% (33.7)",
        "shotsAgainst": "55.2% (33.4) \u2022 58.1% (33.9) \u2022 53.1% (29.5) \u2022 48.1% (25.7)",
        "scoringAgainst": "57.3% (33.8) \u2022 60.0% (33.5) \u2022 55.1% (28.2) \u2022 49.7% (25.7)",
        "oppCorsi": "51.1% (57.6) \u2022 51.2% (55.9) \u2022 53.7% (56.6) \u2022 49.5% (53.0)",
        "oppFenwick": "49.7% (43.5) \u2022 49.8% (41.5) \u2022 54.7% (45.2) \u2022 51.8% (43.3)",
        "oppShots": "49.4% (31.9) \u2022 48.9% (29.5) \u2022 54.4% (31.2) \u2022 52.3% (30.7)",
        "oppScoring": "49.9% (30.5) \u2022 47.1% (27.0) \u2022 48.2% (27.0) \u2022 44.1% (25.0)",
        "oppCorsiAgainst": "48.9% (55.0) \u2022 48.8% (53.4) \u2022 46.3% (48.8) \u2022 50.5% (54.0)",
        "oppFenwickAgainst": "50.3% (43.9) \u2022 50.2% (41.8) \u2022 45.3% (37.4) \u2022 48.2% (40.3)",
        "oppShotsAgainst": "50.6% (32.6) \u2022 51.1% (30.8) \u2022 45.6% (26.2) \u2022 47.7% (28.0)",
        "oppScoringAgainst": "50.1% (30.6) \u2022 52.9% (30.2) \u2022 51.8% (29.0) \u2022 55.9% (31.7)",
        "savesPerGame": 30.1,
        "savesPerGameLast1": 20.0,
        "savesPerGameLast3": 22.7,
        "savesPerGameLast5": 27.4,
        "savesPer60": 30.1,
        "savesPer60Last1": 20.0,
        "savesPer60Last3": 22.4,
        "savesPer60Last5": 27.1,
        "shotsPerGame": 27.4,
        "shotsPerGameLast5": 26.8,
        "shotsAgainstPerGame": 33.7,
        "shotsAgainstPerGameLast5": 31.8,
        "oppSavesAgainstPer60": 28.6,
        "oppSavesAgainstPer60Last1": 33.0,
        "oppSavesAgainstPer60Last3": 27.2,
        "oppSavesAgainstPer60Last5": 28.7,
        "oppShotsAgainstPerGame": 32.9,
        "oppShotsAgainstPerGameLast5": 26.2,
        "savesProj": 29.4,
        "savesProjLast5": 26.6,
        "savesProjLast3": 20.9,
        "oppSavesAgainstProj": 30.3,
        "oppSavesAgainstProjLast5": 26.9,
        "oppSavesAgainstProjLast3": 22.1,
        "totalOver": 39,
        "totalOverLast5": 20,
        "totalOverLast15": 27,
        "lastTotalOver": 50,
        "last5": "2,3,1,1,2,3,2,2,1,1",
        "overOdds": "+135",
        "underOdds": "-165",
        "overUnder": "+135 / -165"
    },
    {
        "player": "Brendan Gallagher",
        "team": "MTL",
        "opponent": "BUF",
        "propType": "g",
        "line": 0.5,
        "ppLine": "PP2",
        "avg": 0.18,
        "hit": false,
        "diffAvg": -0.64,
        "diffAbs": 0.8,
        "lastAvg": 0.12,
        "diff": -0.76,
        "avgMin": 14,
        "proj": 0.1,
        "lastAvgMin": 15.02,
        "oppOver": 0,
        "teamOver": 0,
        "gameLine": "+155",
        "+/-": -5,
        "L5_+/-": -3.0,
        "prevMatchup": "2022-11-22 0.0 g 2022-10-27 1.0 g",
        "winLossSplits": "0.23 - 0.12",
        "awayHome": "A",
        "playedYesterday": "N",
        "awayHomeSplits": "0.21 - 0.14",
        "savesAboveExp": -0.339,
        "gsaa": -11.94,
        "corsi": "44.8% (51.0) \u2022 42.6% (47.9) \u2022 47.9% (50.8) \u2022 53.4% (55.3)",
        "fenwick": "44.8% (37.2) \u2022 43.6% (35.6) \u2022 50.6% (40.2) \u2022 56.5% (43.7)",
        "shots": "44.8% (27.1) \u2022 41.9% (24.5) \u2022 46.9% (26.0) \u2022 51.9% (27.7)",
        "scoring": "42.7% (25.2) \u2022 40.0% (22.3) \u2022 44.9% (23.0) \u2022 50.3% (26.0)",
        "corsiAgainst": "55.2% (63.0) \u2022 57.4% (64.6) \u2022 52.1% (55.2) \u2022 46.6% (48.3)",
        "fenwickAgainst": "55.2% (45.8) \u2022 56.4% (46.1) \u2022 49.4% (39.2) \u2022 43.5% (33.7)",
        "shotsAgainst": "55.2% (33.4) \u2022 58.1% (33.9) \u2022 53.1% (29.5) \u2022 48.1% (25.7)",
        "scoringAgainst": "57.3% (33.8) \u2022 60.0% (33.5) \u2022 55.1% (28.2) \u2022 49.7% (25.7)",
        "oppCorsi": "51.1% (57.6) \u2022 51.2% (55.9) \u2022 53.7% (56.6) \u2022 49.5% (53.0)",
        "oppFenwick": "49.7% (43.5) \u2022 49.8% (41.5) \u2022 54.7% (45.2) \u2022 51.8% (43.3)",
        "oppShots": "49.4% (31.9) \u2022 48.9% (29.5) \u2022 54.4% (31.2) \u2022 52.3% (30.7)",
        "oppScoring": "49.9% (30.5) \u2022 47.1% (27.0) \u2022 48.2% (27.0) \u2022 44.1% (25.0)",
        "oppCorsiAgainst": "48.9% (55.0) \u2022 48.8% (53.4) \u2022 46.3% (48.8) \u2022 50.5% (54.0)",
        "oppFenwickAgainst": "50.3% (43.9) \u2022 50.2% (41.8) \u2022 45.3% (37.4) \u2022 48.2% (40.3)",
        "oppShotsAgainst": "50.6% (32.6) \u2022 51.1% (30.8) \u2022 45.6% (26.2) \u2022 47.7% (28.0)",
        "oppScoringAgainst": "50.1% (30.6) \u2022 52.9% (30.2) \u2022 51.8% (29.0) \u2022 55.9% (31.7)",
        "savesPerGame": 30.1,
        "savesPerGameLast1": 20.0,
        "savesPerGameLast3": 22.7,
        "savesPerGameLast5": 27.4,
        "savesPer60": 30.1,
        "savesPer60Last1": 20.0,
        "savesPer60Last3": 22.4,
        "savesPer60Last5": 27.1,
        "shotsPerGame": 27.4,
        "shotsPerGameLast5": 26.8,
        "shotsAgainstPerGame": 33.7,
        "shotsAgainstPerGameLast5": 31.8,
        "oppSavesAgainstPer60": 28.6,
        "oppSavesAgainstPer60Last1": 33.0,
        "oppSavesAgainstPer60Last3": 27.2,
        "oppSavesAgainstPer60Last5": 28.7,
        "oppShotsAgainstPerGame": 32.9,
        "oppShotsAgainstPerGameLast5": 26.2,
        "savesProj": 29.4,
        "savesProjLast5": 26.6,
        "savesProjLast3": 20.9,
        "oppSavesAgainstProj": 30.3,
        "oppSavesAgainstProjLast5": 26.9,
        "oppSavesAgainstProjLast3": 22.1,
        "totalOver": 18,
        "totalOverLast5": 40,
        "totalOverLast15": 20,
        "lastTotalOver": 12,
        "last5": "1,0,0,1,0,0,0,0,0,0",
        "overOdds": "+275",
        "underOdds": "0",
        "overUnder": "+275 / 0"
    },
    {
        "player": "Denis Gurianov",
        "team": "MTL",
        "opponent": "BUF",
        "propType": "sog",
        "line": 1.5,
        "ppLine": "PP2",
        "avg": 2.43,
        "hit": false,
        "diffAvg": 0.62,
        "diffAbs": 1.0,
        "lastAvg": 0,
        "diff": 0,
        "avgMin": 15,
        "proj": 0.0,
        "lastAvgMin": 0,
        "oppOver": 0,
        "teamOver": 0,
        "gameLine": "+155",
        "+/-": -6,
        "L5_+/-": -5.0,
        "prevMatchup": "",
        "winLossSplits": "2.78 - 2.12",
        "awayHome": "A",
        "playedYesterday": "N",
        "awayHomeSplits": "2.75 - 2.0",
        "savesAboveExp": -0.339,
        "gsaa": -11.94,
        "corsi": "44.8% (51.0) \u2022 42.6% (47.9) \u2022 47.9% (50.8) \u2022 53.4% (55.3)",
        "fenwick": "44.8% (37.2) \u2022 43.6% (35.6) \u2022 50.6% (40.2) \u2022 56.5% (43.7)",
        "shots": "44.8% (27.1) \u2022 41.9% (24.5) \u2022 46.9% (26.0) \u2022 51.9% (27.7)",
        "scoring": "42.7% (25.2) \u2022 40.0% (22.3) \u2022 44.9% (23.0) \u2022 50.3% (26.0)",
        "corsiAgainst": "55.2% (63.0) \u2022 57.4% (64.6) \u2022 52.1% (55.2) \u2022 46.6% (48.3)",
        "fenwickAgainst": "55.2% (45.8) \u2022 56.4% (46.1) \u2022 49.4% (39.2) \u2022 43.5% (33.7)",
        "shotsAgainst": "55.2% (33.4) \u2022 58.1% (33.9) \u2022 53.1% (29.5) \u2022 48.1% (25.7)",
        "scoringAgainst": "57.3% (33.8) \u2022 60.0% (33.5) \u2022 55.1% (28.2) \u2022 49.7% (25.7)",
        "oppCorsi": "51.1% (57.6) \u2022 51.2% (55.9) \u2022 53.7% (56.6) \u2022 49.5% (53.0)",
        "oppFenwick": "49.7% (43.5) \u2022 49.8% (41.5) \u2022 54.7% (45.2) \u2022 51.8% (43.3)",
        "oppShots": "49.4% (31.9) \u2022 48.9% (29.5) \u2022 54.4% (31.2) \u2022 52.3% (30.7)",
        "oppScoring": "49.9% (30.5) \u2022 47.1% (27.0) \u2022 48.2% (27.0) \u2022 44.1% (25.0)",
        "oppCorsiAgainst": "48.9% (55.0) \u2022 48.8% (53.4) \u2022 46.3% (48.8) \u2022 50.5% (54.0)",
        "oppFenwickAgainst": "50.3% (43.9) \u2022 50.2% (41.8) \u2022 45.3% (37.4) \u2022 48.2% (40.3)",
        "oppShotsAgainst": "50.6% (32.6) \u2022 51.1% (30.8) \u2022 45.6% (26.2) \u2022 47.7% (28.0)",
        "oppScoringAgainst": "50.1% (30.6) \u2022 52.9% (30.2) \u2022 51.8% (29.0) \u2022 55.9% (31.7)",
        "savesPerGame": 30.1,
        "savesPerGameLast1": 20.0,
        "savesPerGameLast3": 22.7,
        "savesPerGameLast5": 27.4,
        "savesPer60": 30.1,
        "savesPer60Last1": 20.0,
        "savesPer60Last3": 22.4,
        "savesPer60Last5": 27.1,
        "shotsPerGame": 27.4,
        "shotsPerGameLast5": 26.8,
        "shotsAgainstPerGame": 33.7,
        "shotsAgainstPerGameLast5": 31.8,
        "oppSavesAgainstPer60": 28.6,
        "oppSavesAgainstPer60Last1": 33.0,
        "oppSavesAgainstPer60Last3": 27.2,
        "oppSavesAgainstPer60Last5": 28.7,
        "oppShotsAgainstPerGame": 32.9,
        "oppShotsAgainstPerGameLast5": 26.2,
        "savesProj": 29.4,
        "savesProjLast5": 26.6,
        "savesProjLast3": 20.9,
        "oppSavesAgainstProj": 30.3,
        "oppSavesAgainstProjLast5": 26.9,
        "oppSavesAgainstProjLast3": 22.1,
        "totalOver": 71,
        "totalOverLast5": 20,
        "totalOverLast15": 71,
        "lastTotalOver": 0,
        "last5": "1,1,1,2,1,4,2,4,2,2",
        "overOdds": "-150",
        "underOdds": "+120",
        "overUnder": "-150 / +120"
    },
    {
        "player": "Denis Gurianov",
        "team": "MTL",
        "opponent": "BUF",
        "propType": "g",
        "line": 0.5,
        "ppLine": "PP2",
        "avg": 0.36,
        "hit": false,
        "diffAvg": -0.28,
        "diffAbs": 1.0,
        "lastAvg": 0,
        "diff": 0,
        "avgMin": 15,
        "proj": 0.0,
        "lastAvgMin": 0,
        "oppOver": 0,
        "teamOver": 0,
        "gameLine": "+155",
        "+/-": -6,
        "L5_+/-": -5.0,
        "prevMatchup": "",
        "winLossSplits": "0.23 - 0.34",
        "awayHome": "A",
        "playedYesterday": "N",
        "awayHomeSplits": "0.38 - 0.33",
        "savesAboveExp": -0.339,
        "gsaa": -11.94,
        "corsi": "44.8% (51.0) \u2022 42.6% (47.9) \u2022 47.9% (50.8) \u2022 53.4% (55.3)",
        "fenwick": "44.8% (37.2) \u2022 43.6% (35.6) \u2022 50.6% (40.2) \u2022 56.5% (43.7)",
        "shots": "44.8% (27.1) \u2022 41.9% (24.5) \u2022 46.9% (26.0) \u2022 51.9% (27.7)",
        "scoring": "42.7% (25.2) \u2022 40.0% (22.3) \u2022 44.9% (23.0) \u2022 50.3% (26.0)",
        "corsiAgainst": "55.2% (63.0) \u2022 57.4% (64.6) \u2022 52.1% (55.2) \u2022 46.6% (48.3)",
        "fenwickAgainst": "55.2% (45.8) \u2022 56.4% (46.1) \u2022 49.4% (39.2) \u2022 43.5% (33.7)",
        "shotsAgainst": "55.2% (33.4) \u2022 58.1% (33.9) \u2022 53.1% (29.5) \u2022 48.1% (25.7)",
        "scoringAgainst": "57.3% (33.8) \u2022 60.0% (33.5) \u2022 55.1% (28.2) \u2022 49.7% (25.7)",
        "oppCorsi": "51.1% (57.6) \u2022 51.2% (55.9) \u2022 53.7% (56.6) \u2022 49.5% (53.0)",
        "oppFenwick": "49.7% (43.5) \u2022 49.8% (41.5) \u2022 54.7% (45.2) \u2022 51.8% (43.3)",
        "oppShots": "49.4% (31.9) \u2022 48.9% (29.5) \u2022 54.4% (31.2) \u2022 52.3% (30.7)",
        "oppScoring": "49.9% (30.5) \u2022 47.1% (27.0) \u2022 48.2% (27.0) \u2022 44.1% (25.0)",
        "oppCorsiAgainst": "48.9% (55.0) \u2022 48.8% (53.4) \u2022 46.3% (48.8) \u2022 50.5% (54.0)",
        "oppFenwickAgainst": "50.3% (43.9) \u2022 50.2% (41.8) \u2022 45.3% (37.4) \u2022 48.2% (40.3)",
        "oppShotsAgainst": "50.6% (32.6) \u2022 51.1% (30.8) \u2022 45.6% (26.2) \u2022 47.7% (28.0)",
        "oppScoringAgainst": "50.1% (30.6) \u2022 52.9% (30.2) \u2022 51.8% (29.0) \u2022 55.9% (31.7)",
        "savesPerGame": 30.1,
        "savesPerGameLast1": 20.0,
        "savesPerGameLast3": 22.7,
        "savesPerGameLast5": 27.4,
        "savesPer60": 30.1,
        "savesPer60Last1": 20.0,
        "savesPer60Last3": 22.4,
        "savesPer60Last5": 27.1,
        "shotsPerGame": 27.4,
        "shotsPerGameLast5": 26.8,
        "shotsAgainstPerGame": 33.7,
        "shotsAgainstPerGameLast5": 31.8,
        "oppSavesAgainstPer60": 28.6,
        "oppSavesAgainstPer60Last1": 33.0,
        "oppSavesAgainstPer60Last3": 27.2,
        "oppSavesAgainstPer60Last5": 28.7,
        "oppShotsAgainstPerGame": 32.9,
        "oppShotsAgainstPerGameLast5": 26.2,
        "savesProj": 29.4,
        "savesProjLast5": 26.6,
        "savesProjLast3": 20.9,
        "oppSavesAgainstProj": 30.3,
        "oppSavesAgainstProjLast5": 26.9,
        "oppSavesAgainstProjLast3": 22.1,
        "totalOver": 36,
        "totalOverLast5": 20,
        "totalOverLast15": 36,
        "lastTotalOver": 0,
        "last5": "0,0,0,1,0,1,1,1,0,0",
        "overOdds": "+295",
        "underOdds": "0",
        "overUnder": "+295 / 0"
    },
    {
        "player": "Dylan Cozens",
        "team": "BUF",
        "opponent": "MTL",
        "propType": "sog",
        "line": 2.5,
        "ppLine": "PP2",
        "avg": 2.62,
        "hit": false,
        "diffAvg": 0.05,
        "diffAbs": 0.2,
        "lastAvg": 2.03,
        "diff": -0.19,
        "avgMin": 16,
        "proj": 2.0,
        "lastAvgMin": 15.88,
        "oppOver": 0,
        "teamOver": 0,
        "gameLine": "-180",
        "+/-": 0,
        "L5_+/-": -8.0,
        "prevMatchup": "2022-11-22 4.0 sog 2022-10-27 1.0 sog",
        "winLossSplits": "2.98 - 2.15",
        "awayHome": "H",
        "playedYesterday": "N",
        "awayHomeSplits": "2.56 - 2.68",
        "savesAboveExp": 0.116,
        "gsaa": -17.08,
        "corsi": "51.1% (57.6) \u2022 51.2% (55.9) \u2022 53.7% (56.6) \u2022 49.5% (53.0)",
        "fenwick": "49.7% (43.5) \u2022 49.8% (41.5) \u2022 54.7% (45.2) \u2022 51.8% (43.3)",
        "shots": "49.4% (31.9) \u2022 48.9% (29.5) \u2022 54.4% (31.2) \u2022 52.3% (30.7)",
        "scoring": "49.9% (30.5) \u2022 47.1% (27.0) \u2022 48.2% (27.0) \u2022 44.1% (25.0)",
        "corsiAgainst": "48.9% (55.0) \u2022 48.8% (53.4) \u2022 46.3% (48.8) \u2022 50.5% (54.0)",
        "fenwickAgainst": "50.3% (43.9) \u2022 50.2% (41.8) \u2022 45.3% (37.4) \u2022 48.2% (40.3)",
        "shotsAgainst": "50.6% (32.6) \u2022 51.1% (30.8) \u2022 45.6% (26.2) \u2022 47.7% (28.0)",
        "scoringAgainst": "50.1% (30.6) \u2022 52.9% (30.2) \u2022 51.8% (29.0) \u2022 55.9% (31.7)",
        "oppCorsi": "44.8% (51.0) \u2022 42.6% (47.9) \u2022 47.9% (50.8) \u2022 53.4% (55.3)",
        "oppFenwick": "44.8% (37.2) \u2022 43.6% (35.6) \u2022 50.6% (40.2) \u2022 56.5% (43.7)",
        "oppShots": "44.8% (27.1) \u2022 41.9% (24.5) \u2022 46.9% (26.0) \u2022 51.9% (27.7)",
        "oppScoring": "42.7% (25.2) \u2022 40.0% (22.3) \u2022 44.9% (23.0) \u2022 50.3% (26.0)",
        "oppCorsiAgainst": "55.2% (63.0) \u2022 57.4% (64.6) \u2022 52.1% (55.2) \u2022 46.6% (48.3)",
        "oppFenwickAgainst": "55.2% (45.8) \u2022 56.4% (46.1) \u2022 49.4% (39.2) \u2022 43.5% (33.7)",
        "oppShotsAgainst": "55.2% (33.4) \u2022 58.1% (33.9) \u2022 53.1% (29.5) \u2022 48.1% (25.7)",
        "oppScoringAgainst": "57.3% (33.8) \u2022 60.0% (33.5) \u2022 55.1% (28.2) \u2022 49.7% (25.7)",
        "savesPerGame": 29.2,
        "savesPerGameLast1": 26.0,
        "savesPerGameLast3": 24.3,
        "savesPerGameLast5": 21.6,
        "savesPer60": 29.3,
        "savesPer60Last1": 25.6,
        "savesPer60Last3": 24.1,
        "savesPer60Last5": 21.5,
        "shotsPerGame": 32.2,
        "shotsPerGameLast5": 31.2,
        "shotsAgainstPerGame": 32.9,
        "shotsAgainstPerGameLast5": 26.2,
        "oppSavesAgainstPer60": 24.7,
        "oppSavesAgainstPer60Last1": 24.0,
        "oppSavesAgainstPer60Last3": 23.4,
        "oppSavesAgainstPer60Last5": 22.6,
        "oppShotsAgainstPerGame": 33.7,
        "oppShotsAgainstPerGameLast5": 31.8,
        "savesProj": 23.9,
        "savesProjLast5": 16.1,
        "savesProjLast3": 18.7,
        "oppSavesAgainstProj": 25.5,
        "oppSavesAgainstProjLast5": 17.2,
        "oppSavesAgainstProjLast3": 19.9,
        "totalOver": 46,
        "totalOverLast5": 40,
        "totalOverLast15": 47,
        "lastTotalOver": 32,
        "last5": "6,2,2,0,3,2,4,3,1,4",
        "overOdds": "-130",
        "underOdds": "+100",
        "overUnder": "-130 / +100"
    },
    {
        "player": "Dylan Cozens",
        "team": "BUF",
        "opponent": "MTL",
        "propType": "pts",
        "line": 0.5,
        "ppLine": "PP2",
        "avg": 0.86,
        "hit": false,
        "diffAvg": 0.72,
        "diffAbs": 0.0,
        "lastAvg": 0.48,
        "diff": -0.04,
        "avgMin": 16,
        "proj": 0.5,
        "lastAvgMin": 15.88,
        "oppOver": 0,
        "teamOver": 0,
        "gameLine": "-180",
        "+/-": 0,
        "L5_+/-": -8.0,
        "prevMatchup": "2022-11-22 2.0 pts 2022-10-27 1.0 pts",
        "winLossSplits": "1.17 - 0.49",
        "awayHome": "H",
        "playedYesterday": "N",
        "awayHomeSplits": "0.79 - 0.92",
        "savesAboveExp": 0.116,
        "gsaa": -17.08,
        "corsi": "51.1% (57.6) \u2022 51.2% (55.9) \u2022 53.7% (56.6) \u2022 49.5% (53.0)",
        "fenwick": "49.7% (43.5) \u2022 49.8% (41.5) \u2022 54.7% (45.2) \u2022 51.8% (43.3)",
        "shots": "49.4% (31.9) \u2022 48.9% (29.5) \u2022 54.4% (31.2) \u2022 52.3% (30.7)",
        "scoring": "49.9% (30.5) \u2022 47.1% (27.0) \u2022 48.2% (27.0) \u2022 44.1% (25.0)",
        "corsiAgainst": "48.9% (55.0) \u2022 48.8% (53.4) \u2022 46.3% (48.8) \u2022 50.5% (54.0)",
        "fenwickAgainst": "50.3% (43.9) \u2022 50.2% (41.8) \u2022 45.3% (37.4) \u2022 48.2% (40.3)",
        "shotsAgainst": "50.6% (32.6) \u2022 51.1% (30.8) \u2022 45.6% (26.2) \u2022 47.7% (28.0)",
        "scoringAgainst": "50.1% (30.6) \u2022 52.9% (30.2) \u2022 51.8% (29.0) \u2022 55.9% (31.7)",
        "oppCorsi": "44.8% (51.0) \u2022 42.6% (47.9) \u2022 47.9% (50.8) \u2022 53.4% (55.3)",
        "oppFenwick": "44.8% (37.2) \u2022 43.6% (35.6) \u2022 50.6% (40.2) \u2022 56.5% (43.7)",
        "oppShots": "44.8% (27.1) \u2022 41.9% (24.5) \u2022 46.9% (26.0) \u2022 51.9% (27.7)",
        "oppScoring": "42.7% (25.2) \u2022 40.0% (22.3) \u2022 44.9% (23.0) \u2022 50.3% (26.0)",
        "oppCorsiAgainst": "55.2% (63.0) \u2022 57.4% (64.6) \u2022 52.1% (55.2) \u2022 46.6% (48.3)",
        "oppFenwickAgainst": "55.2% (45.8) \u2022 56.4% (46.1) \u2022 49.4% (39.2) \u2022 43.5% (33.7)",
        "oppShotsAgainst": "55.2% (33.4) \u2022 58.1% (33.9) \u2022 53.1% (29.5) \u2022 48.1% (25.7)",
        "oppScoringAgainst": "57.3% (33.8) \u2022 60.0% (33.5) \u2022 55.1% (28.2) \u2022 49.7% (25.7)",
        "savesPerGame": 29.2,
        "savesPerGameLast1": 26.0,
        "savesPerGameLast3": 24.3,
        "savesPerGameLast5": 21.6,
        "savesPer60": 29.3,
        "savesPer60Last1": 25.6,
        "savesPer60Last3": 24.1,
        "savesPer60Last5": 21.5,
        "shotsPerGame": 32.2,
        "shotsPerGameLast5": 31.2,
        "shotsAgainstPerGame": 32.9,
        "shotsAgainstPerGameLast5": 26.2,
        "oppSavesAgainstPer60": 24.7,
        "oppSavesAgainstPer60Last1": 24.0,
        "oppSavesAgainstPer60Last3": 23.4,
        "oppSavesAgainstPer60Last5": 22.6,
        "oppShotsAgainstPerGame": 33.7,
        "oppShotsAgainstPerGameLast5": 31.8,
        "savesProj": 23.9,
        "savesProjLast5": 16.1,
        "savesProjLast3": 18.7,
        "oppSavesAgainstProj": 25.5,
        "oppSavesAgainstProjLast5": 17.2,
        "oppSavesAgainstProjLast3": 19.9,
        "totalOver": 58,
        "totalOverLast5": 60,
        "totalOverLast15": 47,
        "lastTotalOver": 33,
        "last5": "1,2,1,0,0,0,2,0,0,1",
        "overOdds": "-140",
        "underOdds": "+110",
        "overUnder": "-140 / +110"
    },
    {
        "player": "Dylan Cozens",
        "team": "BUF",
        "opponent": "MTL",
        "propType": "ast",
        "line": 0.5,
        "ppLine": "PP2",
        "avg": 0.46,
        "hit": false,
        "diffAvg": -0.08,
        "diffAbs": 0.4,
        "lastAvg": 0.32,
        "diff": -0.36,
        "avgMin": 16,
        "proj": 0.3,
        "lastAvgMin": 15.88,
        "oppOver": 0,
        "teamOver": 0,
        "gameLine": "-180",
        "+/-": 0,
        "L5_+/-": -8.0,
        "prevMatchup": "2022-11-22 2.0 ast 2022-10-27 0.0 ast",
        "winLossSplits": "0.59 - 0.29",
        "awayHome": "H",
        "playedYesterday": "N",
        "awayHomeSplits": "0.38 - 0.54",
        "savesAboveExp": 0.116,
        "gsaa": -17.08,
        "corsi": "51.1% (57.6) \u2022 51.2% (55.9) \u2022 53.7% (56.6) \u2022 49.5% (53.0)",
        "fenwick": "49.7% (43.5) \u2022 49.8% (41.5) \u2022 54.7% (45.2) \u2022 51.8% (43.3)",
        "shots": "49.4% (31.9) \u2022 48.9% (29.5) \u2022 54.4% (31.2) \u2022 52.3% (30.7)",
        "scoring": "49.9% (30.5) \u2022 47.1% (27.0) \u2022 48.2% (27.0) \u2022 44.1% (25.0)",
        "corsiAgainst": "48.9% (55.0) \u2022 48.8% (53.4) \u2022 46.3% (48.8) \u2022 50.5% (54.0)",
        "fenwickAgainst": "50.3% (43.9) \u2022 50.2% (41.8) \u2022 45.3% (37.4) \u2022 48.2% (40.3)",
        "shotsAgainst": "50.6% (32.6) \u2022 51.1% (30.8) \u2022 45.6% (26.2) \u2022 47.7% (28.0)",
        "scoringAgainst": "50.1% (30.6) \u2022 52.9% (30.2) \u2022 51.8% (29.0) \u2022 55.9% (31.7)",
        "oppCorsi": "44.8% (51.0) \u2022 42.6% (47.9) \u2022 47.9% (50.8) \u2022 53.4% (55.3)",
        "oppFenwick": "44.8% (37.2) \u2022 43.6% (35.6) \u2022 50.6% (40.2) \u2022 56.5% (43.7)",
        "oppShots": "44.8% (27.1) \u2022 41.9% (24.5) \u2022 46.9% (26.0) \u2022 51.9% (27.7)",
        "oppScoring": "42.7% (25.2) \u2022 40.0% (22.3) \u2022 44.9% (23.0) \u2022 50.3% (26.0)",
        "oppCorsiAgainst": "55.2% (63.0) \u2022 57.4% (64.6) \u2022 52.1% (55.2) \u2022 46.6% (48.3)",
        "oppFenwickAgainst": "55.2% (45.8) \u2022 56.4% (46.1) \u2022 49.4% (39.2) \u2022 43.5% (33.7)",
        "oppShotsAgainst": "55.2% (33.4) \u2022 58.1% (33.9) \u2022 53.1% (29.5) \u2022 48.1% (25.7)",
        "oppScoringAgainst": "57.3% (33.8) \u2022 60.0% (33.5) \u2022 55.1% (28.2) \u2022 49.7% (25.7)",
        "savesPerGame": 29.2,
        "savesPerGameLast1": 26.0,
        "savesPerGameLast3": 24.3,
        "savesPerGameLast5": 21.6,
        "savesPer60": 29.3,
        "savesPer60Last1": 25.6,
        "savesPer60Last3": 24.1,
        "savesPer60Last5": 21.5,
        "shotsPerGame": 32.2,
        "shotsPerGameLast5": 31.2,
        "shotsAgainstPerGame": 32.9,
        "shotsAgainstPerGameLast5": 26.2,
        "oppSavesAgainstPer60": 24.7,
        "oppSavesAgainstPer60Last1": 24.0,
        "oppSavesAgainstPer60Last3": 23.4,
        "oppSavesAgainstPer60Last5": 22.6,
        "oppShotsAgainstPerGame": 33.7,
        "oppShotsAgainstPerGameLast5": 31.8,
        "savesProj": 23.9,
        "savesProjLast5": 16.1,
        "savesProjLast3": 18.7,
        "oppSavesAgainstProj": 25.5,
        "oppSavesAgainstProjLast5": 17.2,
        "oppSavesAgainstProjLast3": 19.9,
        "totalOver": 34,
        "totalOverLast5": 40,
        "totalOverLast15": 27,
        "lastTotalOver": 22,
        "last5": "1,1,0,0,0,0,1,0,0,0",
        "overOdds": "+165",
        "underOdds": "-205",
        "overUnder": "+165 / -205"
    },
    {
        "player": "Dylan Cozens",
        "team": "BUF",
        "opponent": "MTL",
        "propType": "g",
        "line": 0.5,
        "ppLine": "PP2",
        "avg": 0.39,
        "hit": false,
        "diffAvg": -0.22,
        "diffAbs": 0.6,
        "lastAvg": 0.16,
        "diff": -0.68,
        "avgMin": 16,
        "proj": 0.2,
        "lastAvgMin": 15.88,
        "oppOver": 0,
        "teamOver": 0,
        "gameLine": "-180",
        "+/-": 0,
        "L5_+/-": -8.0,
        "prevMatchup": "2022-11-22 0.0 g 2022-10-27 1.0 g",
        "winLossSplits": "0.58 - 0.21",
        "awayHome": "H",
        "playedYesterday": "N",
        "awayHomeSplits": "0.41 - 0.38",
        "savesAboveExp": 0.116,
        "gsaa": -17.08,
        "corsi": "51.1% (57.6) \u2022 51.2% (55.9) \u2022 53.7% (56.6) \u2022 49.5% (53.0)",
        "fenwick": "49.7% (43.5) \u2022 49.8% (41.5) \u2022 54.7% (45.2) \u2022 51.8% (43.3)",
        "shots": "49.4% (31.9) \u2022 48.9% (29.5) \u2022 54.4% (31.2) \u2022 52.3% (30.7)",
        "scoring": "49.9% (30.5) \u2022 47.1% (27.0) \u2022 48.2% (27.0) \u2022 44.1% (25.0)",
        "corsiAgainst": "48.9% (55.0) \u2022 48.8% (53.4) \u2022 46.3% (48.8) \u2022 50.5% (54.0)",
        "fenwickAgainst": "50.3% (43.9) \u2022 50.2% (41.8) \u2022 45.3% (37.4) \u2022 48.2% (40.3)",
        "shotsAgainst": "50.6% (32.6) \u2022 51.1% (30.8) \u2022 45.6% (26.2) \u2022 47.7% (28.0)",
        "scoringAgainst": "50.1% (30.6) \u2022 52.9% (30.2) \u2022 51.8% (29.0) \u2022 55.9% (31.7)",
        "oppCorsi": "44.8% (51.0) \u2022 42.6% (47.9) \u2022 47.9% (50.8) \u2022 53.4% (55.3)",
        "oppFenwick": "44.8% (37.2) \u2022 43.6% (35.6) \u2022 50.6% (40.2) \u2022 56.5% (43.7)",
        "oppShots": "44.8% (27.1) \u2022 41.9% (24.5) \u2022 46.9% (26.0) \u2022 51.9% (27.7)",
        "oppScoring": "42.7% (25.2) \u2022 40.0% (22.3) \u2022 44.9% (23.0) \u2022 50.3% (26.0)",
        "oppCorsiAgainst": "55.2% (63.0) \u2022 57.4% (64.6) \u2022 52.1% (55.2) \u2022 46.6% (48.3)",
