[
    {
        "player": "Alex Ovechkin",
        "team": "WSH",
        "opponent": "STL",
        "propType": "pts",
        "line": 1.5,
        "ppLine": "PP1",
        "avg": 1.02,
        "hit": false,
        "diffAvg": -0.32,
        "diffAbs": 0.27,
        "lastAvg": 1.08,
        "diff": -0.28,
        "avgMin": 20,
        "proj": 1.1,
        "lastAvgMin": 20.57,
        "oppOver": 0,
        "teamOver": 0,
        "gameLine": "-170",
        "+/-": -6,
        "L5_+/-": -4.0,
        "prevMatchup": "2022-11-17 3.0 pts",
        "winLossSplits": "1.43 - 0.63",
        "awayHome": "H",
        "playedYesterday": "N",
        "awayHomeSplits": "0.88 - 1.17",
        "savesAboveExp": -0.215,
        "gsaa": -0.82,
        "corsi": "50.7% (59.3) // 48.8% (56.1) // 47.8% (53.5) // 50.1% (57.7)",
        "fenwick": "50.5% (43.5) // 48.3% (41.5) // 46.2% (37.7) // 49.2% (41.2)",
        "shots": "50.8% (31.0) // 49.9% (30.4) // 49.4% (28.6) // 54.2% (31.5)",
        "scoring": "50.6% (29.6) // 47.5% (28.4) // 44.3% (26.2) // 47.8% (27.9)",
        "corsiAgainst": "49.3% (57.8) // 51.2% (58.9) // 52.2% (58.6) // 49.9% (57.4)",
        "fenwickAgainst": "49.5% (42.7) // 51.7% (44.4) // 53.8% (43.9) // 50.8% (42.5)",
        "shotsAgainst": "49.2% (30.1) // 50.1% (30.5) // 50.6% (29.3) // 45.8% (26.6)",
        "scoringAgainst": "49.4% (28.9) // 52.5% (31.3) // 55.7% (32.9) // 52.2% (30.5)",
        "oppCorsi": "46.6% (51.3) // 45.9% (51.2) // 50.3% (56.8) // 49.0% (55.7)",
        "oppFenwick": "46.7% (39.3) // 45.0% (37.9) // 49.4% (43.2) // 47.0% (42.0)",
        "oppShots": "47.2% (28.7) // 45.6% (28.5) // 49.9% (33.0) // 47.0% (31.0)",
        "oppScoring": "46.9% (27.9) // 45.6% (27.6) // 51.2% (30.8) // 48.3% (28.7)",
        "oppCorsiAgainst": "53.4% (58.8) // 54.1% (60.3) // 49.7% (56.2) // 51.0% (58.0)",
        "oppFenwickAgainst": "53.3% (44.8) // 55.0% (46.4) // 50.6% (44.2) // 53.0% (47.3)",
        "oppShotsAgainst": "52.8% (32.2) // 54.4% (34.1) // 50.1% (33.2) // 53.0% (35.0)",
        "oppScoringAgainst": "53.1% (31.7) // 54.4% (33.0) // 48.8% (29.4) // 51.7% (30.7)",
        "savesPerGame": 27.4,
        "savesPerGameLast1": 23.0,
        "savesPerGameLast3": 23.7,
        "savesPerGameLast5": 29.2,
        "savesPer60": 27.3,
        "savesPer60Last1": 24.7,
        "savesPer60Last3": 23.9,
        "savesPer60Last5": 29.7,
        "shotsPerGame": 31.3,
        "shotsPerGameLast5": 28.2,
        "shotsAgainstPerGame": 30.4,
        "shotsAgainstPerGameLast5": 32.4,
        "oppSavesAgainstPer60": 25.9,
        "oppSavesAgainstPer60Last1": 30.3,
        "oppSavesAgainstPer60Last3": 26.4,
        "oppSavesAgainstPer60Last5": 29.0,
        "oppShotsAgainstPerGame": 32.5,
        "oppShotsAgainstPerGameLast5": 33.2,
        "savesProj": 24.7,
        "savesProjLast5": 30.2,
        "savesProjLast3": 22.2,
        "oppSavesAgainstProj": 25.0,
        "oppSavesAgainstProjLast5": 29.2,
        "oppSavesAgainstProjLast3": 22.3,
        "totalOver": 29,
        "totalOverLast5": 40,
        "lastTotalOver": 32,
        "last5": "2,1,0,1,3,0,1,2,0,0",
        "overOdds": "+195",
        "underOdds": "-240",
        "overUnder": "+195 / -240"
    },
    {
        "player": "Dylan Strome",
        "team": "WSH",
        "opponent": "STL",
        "propType": "pts",
        "line": 0.5,
        "ppLine": "PP2",
        "avg": 0.74,
        "hit": false,
        "diffAvg": 0.48,
        "diffAbs": 0.2,
        "lastAvg": 0.7,
        "diff": 0.4,
        "avgMin": 16,
        "proj": 0.6,
        "lastAvgMin": 17.43,
        "oppOver": 0,
        "teamOver": 0,
        "gameLine": "-170",
        "+/-": -3,
        "L5_+/-": "+5.0",
        "prevMatchup": "2022-11-17 2.0 pts",
        "winLossSplits": "0.93 - 0.54",
        "awayHome": "H",
        "playedYesterday": "N",
        "awayHomeSplits": "0.83 - 0.62",
        "savesAboveExp": -0.215,
        "gsaa": -0.82,
        "corsi": "50.7% (59.3) // 48.8% (56.1) // 47.8% (53.5) // 50.1% (57.7)",
        "fenwick": "50.5% (43.5) // 48.3% (41.5) // 46.2% (37.7) // 49.2% (41.2)",
        "shots": "50.8% (31.0) // 49.9% (30.4) // 49.4% (28.6) // 54.2% (31.5)",
        "scoring": "50.6% (29.6) // 47.5% (28.4) // 44.3% (26.2) // 47.8% (27.9)",
        "corsiAgainst": "49.3% (57.8) // 51.2% (58.9) // 52.2% (58.6) // 49.9% (57.4)",
        "fenwickAgainst": "49.5% (42.7) // 51.7% (44.4) // 53.8% (43.9) // 50.8% (42.5)",
        "shotsAgainst": "49.2% (30.1) // 50.1% (30.5) // 50.6% (29.3) // 45.8% (26.6)",
        "scoringAgainst": "49.4% (28.9) // 52.5% (31.3) // 55.7% (32.9) // 52.2% (30.5)",
        "oppCorsi": "46.6% (51.3) // 45.9% (51.2) // 50.3% (56.8) // 49.0% (55.7)",
        "oppFenwick": "46.7% (39.3) // 45.0% (37.9) // 49.4% (43.2) // 47.0% (42.0)",
        "oppShots": "47.2% (28.7) // 45.6% (28.5) // 49.9% (33.0) // 47.0% (31.0)",
        "oppScoring": "46.9% (27.9) // 45.6% (27.6) // 51.2% (30.8) // 48.3% (28.7)",
        "oppCorsiAgainst": "53.4% (58.8) // 54.1% (60.3) // 49.7% (56.2) // 51.0% (58.0)",
        "oppFenwickAgainst": "53.3% (44.8) // 55.0% (46.4) // 50.6% (44.2) // 53.0% (47.3)",
        "oppShotsAgainst": "52.8% (32.2) // 54.4% (34.1) // 50.1% (33.2) // 53.0% (35.0)",
        "oppScoringAgainst": "53.1% (31.7) // 54.4% (33.0) // 48.8% (29.4) // 51.7% (30.7)",
        "savesPerGame": 27.4,
        "savesPerGameLast1": 23.0,
        "savesPerGameLast3": 23.7,
        "savesPerGameLast5": 29.2,
        "savesPer60": 27.3,
        "savesPer60Last1": 24.7,
        "savesPer60Last3": 23.9,
        "savesPer60Last5": 29.7,
        "shotsPerGame": 31.3,
        "shotsPerGameLast5": 28.2,
        "shotsAgainstPerGame": 30.4,
        "shotsAgainstPerGameLast5": 32.4,
        "oppSavesAgainstPer60": 25.9,
        "oppSavesAgainstPer60Last1": 30.3,
        "oppSavesAgainstPer60Last3": 26.4,
        "oppSavesAgainstPer60Last5": 29.0,
        "oppShotsAgainstPerGame": 32.5,
        "oppShotsAgainstPerGameLast5": 33.2,
        "savesProj": 24.7,
        "savesProjLast5": 30.2,
        "savesProjLast3": 22.2,
        "oppSavesAgainstProj": 25.0,
        "oppSavesAgainstProjLast5": 29.2,
        "oppSavesAgainstProjLast3": 22.3,
        "totalOver": 51,
        "totalOverLast5": 100,
        "lastTotalOver": 52,
        "last5": "2,1,2,1,1,3,0,2,1,0",
        "overOdds": "-130",
        "underOdds": "+100",
        "overUnder": "-130 / +100"
    },
    {
        "player": "Evgeny Kuznetsov",
        "team": "WSH",
        "opponent": "STL",
        "propType": "pts",
        "line": 0.5,
        "ppLine": "PP1",
        "avg": 0.75,
        "hit": false,
        "diffAvg": 0.5,
        "diffAbs": 0.6,
        "lastAvg": 0.9,
        "diff": 0.8,
        "avgMin": 18,
        "proj": 0.8,
        "lastAvgMin": 20.27,
        "oppOver": 0,
        "teamOver": 0,
        "gameLine": "-170",
        "+/-": -14,
        "L5_+/-": -4.0,
        "prevMatchup": "2022-11-17 1.0 pts",
        "winLossSplits": "1.2 - 0.34",
        "awayHome": "H",
        "playedYesterday": "N",
        "awayHomeSplits": "0.63 - 0.88",
        "savesAboveExp": -0.215,
        "gsaa": -0.82,
        "corsi": "50.7% (59.3) // 48.8% (56.1) // 47.8% (53.5) // 50.1% (57.7)",
        "fenwick": "50.5% (43.5) // 48.3% (41.5) // 46.2% (37.7) // 49.2% (41.2)",
        "shots": "50.8% (31.0) // 49.9% (30.4) // 49.4% (28.6) // 54.2% (31.5)",
        "scoring": "50.6% (29.6) // 47.5% (28.4) // 44.3% (26.2) // 47.8% (27.9)",
        "corsiAgainst": "49.3% (57.8) // 51.2% (58.9) // 52.2% (58.6) // 49.9% (57.4)",
        "fenwickAgainst": "49.5% (42.7) // 51.7% (44.4) // 53.8% (43.9) // 50.8% (42.5)",
        "shotsAgainst": "49.2% (30.1) // 50.1% (30.5) // 50.6% (29.3) // 45.8% (26.6)",
        "scoringAgainst": "49.4% (28.9) // 52.5% (31.3) // 55.7% (32.9) // 52.2% (30.5)",
        "oppCorsi": "46.6% (51.3) // 45.9% (51.2) // 50.3% (56.8) // 49.0% (55.7)",
        "oppFenwick": "46.7% (39.3) // 45.0% (37.9) // 49.4% (43.2) // 47.0% (42.0)",
        "oppShots": "47.2% (28.7) // 45.6% (28.5) // 49.9% (33.0) // 47.0% (31.0)",
        "oppScoring": "46.9% (27.9) // 45.6% (27.6) // 51.2% (30.8) // 48.3% (28.7)",
        "oppCorsiAgainst": "53.4% (58.8) // 54.1% (60.3) // 49.7% (56.2) // 51.0% (58.0)",
        "oppFenwickAgainst": "53.3% (44.8) // 55.0% (46.4) // 50.6% (44.2) // 53.0% (47.3)",
        "oppShotsAgainst": "52.8% (32.2) // 54.4% (34.1) // 50.1% (33.2) // 53.0% (35.0)",
        "oppScoringAgainst": "53.1% (31.7) // 54.4% (33.0) // 48.8% (29.4) // 51.7% (30.7)",
        "savesPerGame": 27.4,
        "savesPerGameLast1": 23.0,
        "savesPerGameLast3": 23.7,
        "savesPerGameLast5": 29.2,
        "savesPer60": 27.3,
        "savesPer60Last1": 24.7,
        "savesPer60Last3": 23.9,
        "savesPer60Last5": 29.7,
        "shotsPerGame": 31.3,
        "shotsPerGameLast5": 28.2,
        "shotsAgainstPerGame": 30.4,
        "shotsAgainstPerGameLast5": 32.4,
        "oppSavesAgainstPer60": 25.9,
        "oppSavesAgainstPer60Last1": 30.3,
        "oppSavesAgainstPer60Last3": 26.4,
        "oppSavesAgainstPer60Last5": 29.0,
        "oppShotsAgainstPerGame": 32.5,
        "oppShotsAgainstPerGameLast5": 33.2,
        "savesProj": 24.7,
        "savesProjLast5": 30.2,
        "savesProjLast3": 22.2,
        "oppSavesAgainstProj": 25.0,
        "oppSavesAgainstProjLast5": 29.2,
        "oppSavesAgainstProjLast3": 22.3,
        "totalOver": 51,
        "totalOverLast5": 20,
        "lastTotalOver": 69,
        "last5": "1,0,0,0,0,0,0,1,4,0",
        "overOdds": "-180",
        "underOdds": "+145",
        "overUnder": "-180 / +145"
    },
    {
        "player": "Jakub Vrana",
        "team": "STL",
        "opponent": "WSH",
        "propType": "pts",
        "line": 0.5,
        "ppLine": "PP1",
        "avg": 0.6,
        "hit": false,
        "diffAvg": 0.2,
        "diffAbs": 0.2,
        "lastAvg": 0.73,
        "diff": 0.46,
        "avgMin": 13,
        "proj": 0.6,
        "lastAvgMin": 14.93,
        "oppOver": 0,
        "teamOver": 0,
        "gameLine": "+145",
        "+/-": -2,
        "L5_+/-": -1.0,
        "prevMatchup": "2023-02-21 0.0 pts",
        "winLossSplits": "0.54 - 0.67",
        "awayHome": "A",
        "playedYesterday": "N",
        "awayHomeSplits": "0.4 - 0.8",
        "savesAboveExp": 0.193,
        "gsaa": 9.22,
        "corsi": "46.6% (51.3) // 45.9% (51.2) // 50.3% (56.8) // 49.0% (55.7)",
        "fenwick": "46.7% (39.3) // 45.0% (37.9) // 49.4% (43.2) // 47.0% (42.0)",
        "shots": "47.2% (28.7) // 45.6% (28.5) // 49.9% (33.0) // 47.0% (31.0)",
        "scoring": "46.9% (27.9) // 45.6% (27.6) // 51.2% (30.8) // 48.3% (28.7)",
        "corsiAgainst": "53.4% (58.8) // 54.1% (60.3) // 49.7% (56.2) // 51.0% (58.0)",
        "fenwickAgainst": "53.3% (44.8) // 55.0% (46.4) // 50.6% (44.2) // 53.0% (47.3)",
        "shotsAgainst": "52.8% (32.2) // 54.4% (34.1) // 50.1% (33.2) // 53.0% (35.0)",
        "scoringAgainst": "53.1% (31.7) // 54.4% (33.0) // 48.8% (29.4) // 51.7% (30.7)",
        "oppCorsi": "50.7% (59.3) // 48.8% (56.1) // 47.8% (53.5) // 50.1% (57.7)",
        "oppFenwick": "50.5% (43.5) // 48.3% (41.5) // 46.2% (37.7) // 49.2% (41.2)",
        "oppShots": "50.8% (31.0) // 49.9% (30.4) // 49.4% (28.6) // 54.2% (31.5)",
        "oppScoring": "50.6% (29.6) // 47.5% (28.4) // 44.3% (26.2) // 47.8% (27.9)",
        "oppCorsiAgainst": "49.3% (57.8) // 51.2% (58.9) // 52.2% (58.6) // 49.9% (57.4)",
        "oppFenwickAgainst": "49.5% (42.7) // 51.7% (44.4) // 53.8% (43.9) // 50.8% (42.5)",
        "oppShotsAgainst": "49.2% (30.1) // 50.1% (30.5) // 50.6% (29.3) // 45.8% (26.6)",
        "oppScoringAgainst": "49.4% (28.9) // 52.5% (31.3) // 55.7% (32.9) // 52.2% (30.5)",
        "savesPerGame": 28.7,
        "savesPerGameLast1": 27.0,
        "savesPerGameLast3": 30.0,
        "savesPerGameLast5": 28.6,
        "savesPer60": 28.7,
        "savesPer60Last1": 26.8,
        "savesPer60Last3": 29.6,
        "savesPer60Last5": 28.4,
        "shotsPerGame": 29.0,
        "shotsPerGameLast5": 33.0,
        "shotsAgainstPerGame": 32.5,
        "shotsAgainstPerGameLast5": 33.2,
        "oppSavesAgainstPer60": 28.3,
        "oppSavesAgainstPer60Last1": 35.7,
        "oppSavesAgainstPer60Last3": 28.4,
        "oppSavesAgainstPer60Last5": 24.9,
        "oppShotsAgainstPerGame": 30.4,
        "oppShotsAgainstPerGameLast5": 32.4,
        "savesProj": 29.7,
        "savesProjLast5": 26.0,
        "savesProjLast3": 30.7,
        "oppSavesAgainstProj": 28.7,
        "oppSavesAgainstProjLast5": 26.4,
        "oppSavesAgainstProjLast3": 30.6,
        "totalOver": 40,
        "totalOverLast5": 60,
        "lastTotalOver": 50,
        "last5": "2,1,0,1,0,0,0,0,2,0",
        "overOdds": "+115",
        "underOdds": "-145",
        "overUnder": "+115 / -145"
    },
    {
        "player": "Jordan Kyrou",
        "team": "STL",
        "opponent": "WSH",
        "propType": "pts",
        "line": 0.5,
        "ppLine": "PP1",
        "avg": 0.98,
        "hit": false,
        "diffAvg": 0.96,
        "diffAbs": 0.8,
        "lastAvg": 0.85,
        "diff": 0.7,
        "avgMin": 18,
        "proj": 0.9,
        "lastAvgMin": 16.57,
        "oppOver": 0,
        "teamOver": 0,
        "gameLine": "+145",
        "+/-": -38,
        "L5_+/-": -11.0,
        "prevMatchup": "2022-11-17 1.0 pts",
        "winLossSplits": "1.46 - 0.6",
        "awayHome": "A",
        "playedYesterday": "N",
        "awayHomeSplits": "1.07 - 0.91",
        "savesAboveExp": 0.193,
        "gsaa": 9.22,
        "corsi": "46.6% (51.3) // 45.9% (51.2) // 50.3% (56.8) // 49.0% (55.7)",
        "fenwick": "46.7% (39.3) // 45.0% (37.9) // 49.4% (43.2) // 47.0% (42.0)",
        "shots": "47.2% (28.7) // 45.6% (28.5) // 49.9% (33.0) // 47.0% (31.0)",
        "scoring": "46.9% (27.9) // 45.6% (27.6) // 51.2% (30.8) // 48.3% (28.7)",
        "corsiAgainst": "53.4% (58.8) // 54.1% (60.3) // 49.7% (56.2) // 51.0% (58.0)",
        "fenwickAgainst": "53.3% (44.8) // 55.0% (46.4) // 50.6% (44.2) // 53.0% (47.3)",
        "shotsAgainst": "52.8% (32.2) // 54.4% (34.1) // 50.1% (33.2) // 53.0% (35.0)",
        "scoringAgainst": "53.1% (31.7) // 54.4% (33.0) // 48.8% (29.4) // 51.7% (30.7)",
        "oppCorsi": "50.7% (59.3) // 48.8% (56.1) // 47.8% (53.5) // 50.1% (57.7)",
        "oppFenwick": "50.5% (43.5) // 48.3% (41.5) // 46.2% (37.7) // 49.2% (41.2)",
        "oppShots": "50.8% (31.0) // 49.9% (30.4) // 49.4% (28.6) // 54.2% (31.5)",
        "oppScoring": "50.6% (29.6) // 47.5% (28.4) // 44.3% (26.2) // 47.8% (27.9)",
        "oppCorsiAgainst": "49.3% (57.8) // 51.2% (58.9) // 52.2% (58.6) // 49.9% (57.4)",
        "oppFenwickAgainst": "49.5% (42.7) // 51.7% (44.4) // 53.8% (43.9) // 50.8% (42.5)",
        "oppShotsAgainst": "49.2% (30.1) // 50.1% (30.5) // 50.6% (29.3) // 45.8% (26.6)",
        "oppScoringAgainst": "49.4% (28.9) // 52.5% (31.3) // 55.7% (32.9) // 52.2% (30.5)",
        "savesPerGame": 28.7,
        "savesPerGameLast1": 27.0,
        "savesPerGameLast3": 30.0,
        "savesPerGameLast5": 28.6,
        "savesPer60": 28.7,
        "savesPer60Last1": 26.8,
        "savesPer60Last3": 29.6,
        "savesPer60Last5": 28.4,
        "shotsPerGame": 29.0,
        "shotsPerGameLast5": 33.0,
        "shotsAgainstPerGame": 32.5,
        "shotsAgainstPerGameLast5": 33.2,
        "oppSavesAgainstPer60": 28.3,
        "oppSavesAgainstPer60Last1": 35.7,
        "oppSavesAgainstPer60Last3": 28.4,
        "oppSavesAgainstPer60Last5": 24.9,
        "oppShotsAgainstPerGame": 30.4,
        "oppShotsAgainstPerGameLast5": 32.4,
        "savesProj": 29.7,
        "savesProjLast5": 26.0,
        "savesProjLast3": 30.7,
        "oppSavesAgainstProj": 28.7,
        "oppSavesAgainstProjLast5": 26.4,
        "oppSavesAgainstProjLast3": 30.6,
        "totalOver": 59,
        "totalOverLast5": 80,
        "lastTotalOver": 65,
        "last5": "1,2,3,0,1,0,2,0,0,0",
        "overOdds": "-155",
        "underOdds": "+125",
        "overUnder": "-155 / +125"
    },
    {
        "player": "Justin Faulk",
        "team": "STL",
        "opponent": "WSH",
        "propType": "pts",
        "line": 0.5,
        "ppLine": "PP2",
        "avg": 0.51,
        "hit": false,
        "diffAvg": 0.02,
        "diffAbs": 0.0,
        "lastAvg": 0.53,
        "diff": 0.06,
        "avgMin": 23,
        "proj": 0.5,
        "lastAvgMin": 23.18,
        "oppOver": 0,
        "teamOver": 0,
        "gameLine": "+145",
        "+/-": -16,
        "L5_+/-": -1.0,
        "prevMatchup": "2022-11-17 1.0 pts",
        "winLossSplits": "0.47 - 0.53",
        "awayHome": "A",
        "playedYesterday": "N",
        "awayHomeSplits": "0.45 - 0.56",
        "savesAboveExp": 0.193,
        "gsaa": 9.22,
        "corsi": "46.6% (51.3) // 45.9% (51.2) // 50.3% (56.8) // 49.0% (55.7)",
        "fenwick": "46.7% (39.3) // 45.0% (37.9) // 49.4% (43.2) // 47.0% (42.0)",
        "shots": "47.2% (28.7) // 45.6% (28.5) // 49.9% (33.0) // 47.0% (31.0)",
        "scoring": "46.9% (27.9) // 45.6% (27.6) // 51.2% (30.8) // 48.3% (28.7)",
        "corsiAgainst": "53.4% (58.8) // 54.1% (60.3) // 49.7% (56.2) // 51.0% (58.0)",
        "fenwickAgainst": "53.3% (44.8) // 55.0% (46.4) // 50.6% (44.2) // 53.0% (47.3)",
        "shotsAgainst": "52.8% (32.2) // 54.4% (34.1) // 50.1% (33.2) // 53.0% (35.0)",
        "scoringAgainst": "53.1% (31.7) // 54.4% (33.0) // 48.8% (29.4) // 51.7% (30.7)",
        "oppCorsi": "50.7% (59.3) // 48.8% (56.1) // 47.8% (53.5) // 50.1% (57.7)",
        "oppFenwick": "50.5% (43.5) // 48.3% (41.5) // 46.2% (37.7) // 49.2% (41.2)",
        "oppShots": "50.8% (31.0) // 49.9% (30.4) // 49.4% (28.6) // 54.2% (31.5)",
        "oppScoring": "50.6% (29.6) // 47.5% (28.4) // 44.3% (26.2) // 47.8% (27.9)",
        "oppCorsiAgainst": "49.3% (57.8) // 51.2% (58.9) // 52.2% (58.6) // 49.9% (57.4)",
        "oppFenwickAgainst": "49.5% (42.7) // 51.7% (44.4) // 53.8% (43.9) // 50.8% (42.5)",
        "oppShotsAgainst": "49.2% (30.1) // 50.1% (30.5) // 50.6% (29.3) // 45.8% (26.6)",
        "oppScoringAgainst": "49.4% (28.9) // 52.5% (31.3) // 55.7% (32.9) // 52.2% (30.5)",
        "savesPerGame": 28.7,
        "savesPerGameLast1": 27.0,
        "savesPerGameLast3": 30.0,
        "savesPerGameLast5": 28.6,
        "savesPer60": 28.7,
        "savesPer60Last1": 26.8,
        "savesPer60Last3": 29.6,
        "savesPer60Last5": 28.4,
        "shotsPerGame": 29.0,
        "shotsPerGameLast5": 33.0,
        "shotsAgainstPerGame": 32.5,
        "shotsAgainstPerGameLast5": 33.2,
        "oppSavesAgainstPer60": 28.3,
        "oppSavesAgainstPer60Last1": 35.7,
        "oppSavesAgainstPer60Last3": 28.4,
        "oppSavesAgainstPer60Last5": 24.9,
        "oppShotsAgainstPerGame": 30.4,
        "oppShotsAgainstPerGameLast5": 32.4,
        "savesProj": 29.7,
        "savesProjLast5": 26.0,
        "savesProjLast3": 30.7,
        "oppSavesAgainstProj": 28.7,
        "oppSavesAgainstProjLast5": 26.4,
        "oppSavesAgainstProjLast3": 30.6,
        "totalOver": 42,
        "totalOverLast5": 40,
        "lastTotalOver": 47,
        "last5": "1,0,0,0,1,1,0,1,2,0",
        "overOdds": "+150",
        "underOdds": "-185",
        "overUnder": "+150 / -185"
    },
    {
        "player": "Pavel Buchnevich",
        "team": "STL",
        "opponent": "WSH",
        "propType": "pts",
        "line": 0.5,
        "ppLine": "PP2",
        "avg": 1.17,
        "hit": false,
        "diffAvg": 1.34,
        "diffAbs": 0.8,
        "lastAvg": 0.89,
        "diff": 0.78,
        "avgMin": 19,
        "proj": 0.9,
        "lastAvgMin": 18.3,
        "oppOver": 0,
        "teamOver": 0,
        "gameLine": "+145",
        "+/-": "+11",
        "L5_+/-": "+7.0",
        "prevMatchup": "2022-11-17 1.0 pts",
        "winLossSplits": "1.42 - 0.86",
        "awayHome": "A",
        "playedYesterday": "N",
        "awayHomeSplits": "1.22 - 1.14",
        "savesAboveExp": 0.193,
        "gsaa": 9.22,
        "corsi": "46.6% (51.3) // 45.9% (51.2) // 50.3% (56.8) // 49.0% (55.7)",
        "fenwick": "46.7% (39.3) // 45.0% (37.9) // 49.4% (43.2) // 47.0% (42.0)",
        "shots": "47.2% (28.7) // 45.6% (28.5) // 49.9% (33.0) // 47.0% (31.0)",
        "scoring": "46.9% (27.9) // 45.6% (27.6) // 51.2% (30.8) // 48.3% (28.7)",
        "corsiAgainst": "53.4% (58.8) // 54.1% (60.3) // 49.7% (56.2) // 51.0% (58.0)",
        "fenwickAgainst": "53.3% (44.8) // 55.0% (46.4) // 50.6% (44.2) // 53.0% (47.3)",
        "shotsAgainst": "52.8% (32.2) // 54.4% (34.1) // 50.1% (33.2) // 53.0% (35.0)",
        "scoringAgainst": "53.1% (31.7) // 54.4% (33.0) // 48.8% (29.4) // 51.7% (30.7)",
        "oppCorsi": "50.7% (59.3) // 48.8% (56.1) // 47.8% (53.5) // 50.1% (57.7)",
        "oppFenwick": "50.5% (43.5) // 48.3% (41.5) // 46.2% (37.7) // 49.2% (41.2)",
        "oppShots": "50.8% (31.0) // 49.9% (30.4) // 49.4% (28.6) // 54.2% (31.5)",
        "oppScoring": "50.6% (29.6) // 47.5% (28.4) // 44.3% (26.2) // 47.8% (27.9)",
        "oppCorsiAgainst": "49.3% (57.8) // 51.2% (58.9) // 52.2% (58.6) // 49.9% (57.4)",
        "oppFenwickAgainst": "49.5% (42.7) // 51.7% (44.4) // 53.8% (43.9) // 50.8% (42.5)",
        "oppShotsAgainst": "49.2% (30.1) // 50.1% (30.5) // 50.6% (29.3) // 45.8% (26.6)",
        "oppScoringAgainst": "49.4% (28.9) // 52.5% (31.3) // 55.7% (32.9) // 52.2% (30.5)",
        "savesPerGame": 28.7,
        "savesPerGameLast1": 27.0,
        "savesPerGameLast3": 30.0,
        "savesPerGameLast5": 28.6,
        "savesPer60": 28.7,
        "savesPer60Last1": 26.8,
        "savesPer60Last3": 29.6,
        "savesPer60Last5": 28.4,
        "shotsPerGame": 29.0,
        "shotsPerGameLast5": 33.0,
        "shotsAgainstPerGame": 32.5,
        "shotsAgainstPerGameLast5": 33.2,
        "oppSavesAgainstPer60": 28.3,
        "oppSavesAgainstPer60Last1": 35.7,
        "oppSavesAgainstPer60Last3": 28.4,
        "oppSavesAgainstPer60Last5": 24.9,
        "oppShotsAgainstPerGame": 30.4,
        "oppShotsAgainstPerGameLast5": 32.4,
        "savesProj": 29.7,
        "savesProjLast5": 26.0,
        "savesProjLast3": 30.7,
        "oppSavesAgainstProj": 28.7,
        "oppSavesAgainstProjLast5": 26.4,
        "oppSavesAgainstProjLast3": 30.6,
        "totalOver": 73,
        "totalOverLast5": 100,
        "lastTotalOver": 64,
        "last5": "3,1,1,2,2,1,4,2,1,1",
        "overOdds": "-185",
        "underOdds": "+150",
        "overUnder": "-185 / +150"
    },
    {
        "player": "Tj Oshie",
        "team": "WSH",
        "opponent": "STL",
        "propType": "pts",
        "line": 0.5,
        "ppLine": "PP1",
        "avg": 0.65,
        "hit": false,
        "diffAvg": 0.3,
        "diffAbs": 0.0,
        "lastAvg": 0.5,
        "diff": 0.0,
        "avgMin": 16,
        "proj": 0.5,
        "lastAvgMin": 17.43,
        "oppOver": 0,
        "teamOver": 0,
        "gameLine": "-170",
        "+/-": -10,
        "L5_+/-": -1.0,
        "prevMatchup": "",
        "winLossSplits": "0.79 - 0.46",
        "awayHome": "H",
        "playedYesterday": "N",
        "awayHomeSplits": "0.57 - 0.74",
        "savesAboveExp": -0.215,
        "gsaa": -0.82,
        "corsi": "50.7% (59.3) // 48.8% (56.1) // 47.8% (53.5) // 50.1% (57.7)",
        "fenwick": "50.5% (43.5) // 48.3% (41.5) // 46.2% (37.7) // 49.2% (41.2)",
        "shots": "50.8% (31.0) // 49.9% (30.4) // 49.4% (28.6) // 54.2% (31.5)",
        "scoring": "50.6% (29.6) // 47.5% (28.4) // 44.3% (26.2) // 47.8% (27.9)",
        "corsiAgainst": "49.3% (57.8) // 51.2% (58.9) // 52.2% (58.6) // 49.9% (57.4)",
        "fenwickAgainst": "49.5% (42.7) // 51.7% (44.4) // 53.8% (43.9) // 50.8% (42.5)",
        "shotsAgainst": "49.2% (30.1) // 50.1% (30.5) // 50.6% (29.3) // 45.8% (26.6)",
        "scoringAgainst": "49.4% (28.9) // 52.5% (31.3) // 55.7% (32.9) // 52.2% (30.5)",
        "oppCorsi": "46.6% (51.3) // 45.9% (51.2) // 50.3% (56.8) // 49.0% (55.7)",
        "oppFenwick": "46.7% (39.3) // 45.0% (37.9) // 49.4% (43.2) // 47.0% (42.0)",
        "oppShots": "47.2% (28.7) // 45.6% (28.5) // 49.9% (33.0) // 47.0% (31.0)",
        "oppScoring": "46.9% (27.9) // 45.6% (27.6) // 51.2% (30.8) // 48.3% (28.7)",
        "oppCorsiAgainst": "53.4% (58.8) // 54.1% (60.3) // 49.7% (56.2) // 51.0% (58.0)",
        "oppFenwickAgainst": "53.3% (44.8) // 55.0% (46.4) // 50.6% (44.2) // 53.0% (47.3)",
        "oppShotsAgainst": "52.8% (32.2) // 54.4% (34.1) // 50.1% (33.2) // 53.0% (35.0)",
        "oppScoringAgainst": "53.1% (31.7) // 54.4% (33.0) // 48.8% (29.4) // 51.7% (30.7)",
        "savesPerGame": 27.4,
        "savesPerGameLast1": 23.0,
        "savesPerGameLast3": 23.7,
        "savesPerGameLast5": 29.2,
        "savesPer60": 27.3,
        "savesPer60Last1": 24.7,
        "savesPer60Last3": 23.9,
        "savesPer60Last5": 29.7,
        "shotsPerGame": 31.3,
        "shotsPerGameLast5": 28.2,
        "shotsAgainstPerGame": 30.4,
        "shotsAgainstPerGameLast5": 32.4,
        "oppSavesAgainstPer60": 25.9,
        "oppSavesAgainstPer60Last1": 30.3,
        "oppSavesAgainstPer60Last3": 26.4,
        "oppSavesAgainstPer60Last5": 29.0,
        "oppShotsAgainstPerGame": 32.5,
        "oppShotsAgainstPerGameLast5": 33.2,
        "savesProj": 24.7,
        "savesProjLast5": 30.2,
        "savesProjLast3": 22.2,
        "oppSavesAgainstProj": 25.0,
        "oppSavesAgainstProjLast5": 29.2,
        "oppSavesAgainstProjLast3": 22.3,
        "totalOver": 45,
        "totalOverLast5": 80,
        "lastTotalOver": 48,
        "last5": "2,1,1,1,0,1,1,2,3,1",
        "overOdds": "-125",
        "underOdds": "-105",
        "overUnder": "-125 / -105"
    },
    {
        "player": "Tom Wilson",
        "team": "WSH",
        "opponent": "STL",
        "propType": "pts",
        "line": 0.5,
        "ppLine": "PP2",
        "avg": 0.55,
        "hit": false,
        "diffAvg": 0.1,
        "diffAbs": 0.2,
        "lastAvg": 0.64,
        "diff": 0.28,
        "avgMin": 16,
        "proj": 0.6,
        "lastAvgMin": 18.57,
        "oppOver": 0,
        "teamOver": 0,
        "gameLine": "-170",
        "+/-": -14,
        "L5_+/-": -5.0,
        "prevMatchup": "",
        "winLossSplits": "1.1 - 0.16",
        "awayHome": "H",
        "playedYesterday": "N",
        "awayHomeSplits": "0.58 - 0.5",
        "savesAboveExp": -0.215,
        "gsaa": -0.82,
        "corsi": "50.7% (59.3) // 48.8% (56.1) // 47.8% (53.5) // 50.1% (57.7)",
        "fenwick": "50.5% (43.5) // 48.3% (41.5) // 46.2% (37.7) // 49.2% (41.2)",
        "shots": "50.8% (31.0) // 49.9% (30.4) // 49.4% (28.6) // 54.2% (31.5)",
        "scoring": "50.6% (29.6) // 47.5% (28.4) // 44.3% (26.2) // 47.8% (27.9)",
        "corsiAgainst": "49.3% (57.8) // 51.2% (58.9) // 52.2% (58.6) // 49.9% (57.4)",
        "fenwickAgainst": "49.5% (42.7) // 51.7% (44.4) // 53.8% (43.9) // 50.8% (42.5)",
        "shotsAgainst": "49.2% (30.1) // 50.1% (30.5) // 50.6% (29.3) // 45.8% (26.6)",
        "scoringAgainst": "49.4% (28.9) // 52.5% (31.3) // 55.7% (32.9) // 52.2% (30.5)",
        "oppCorsi": "46.6% (51.3) // 45.9% (51.2) // 50.3% (56.8) // 49.0% (55.7)",
        "oppFenwick": "46.7% (39.3) // 45.0% (37.9) // 49.4% (43.2) // 47.0% (42.0)",
        "oppShots": "47.2% (28.7) // 45.6% (28.5) // 49.9% (33.0) // 47.0% (31.0)",
        "oppScoring": "46.9% (27.9) // 45.6% (27.6) // 51.2% (30.8) // 48.3% (28.7)",
        "oppCorsiAgainst": "53.4% (58.8) // 54.1% (60.3) // 49.7% (56.2) // 51.0% (58.0)",
        "oppFenwickAgainst": "53.3% (44.8) // 55.0% (46.4) // 50.6% (44.2) // 53.0% (47.3)",
        "oppShotsAgainst": "52.8% (32.2) // 54.4% (34.1) // 50.1% (33.2) // 53.0% (35.0)",
        "oppScoringAgainst": "53.1% (31.7) // 54.4% (33.0) // 48.8% (29.4) // 51.7% (30.7)",
        "savesPerGame": 27.4,
        "savesPerGameLast1": 23.0,
        "savesPerGameLast3": 23.7,
        "savesPerGameLast5": 29.2,
        "savesPer60": 27.3,
        "savesPer60Last1": 24.7,
        "savesPer60Last3": 23.9,
        "savesPer60Last5": 29.7,
        "shotsPerGame": 31.3,
        "shotsPerGameLast5": 28.2,
        "shotsAgainstPerGame": 30.4,
        "shotsAgainstPerGameLast5": 32.4,
        "oppSavesAgainstPer60": 25.9,
        "oppSavesAgainstPer60Last1": 30.3,
        "oppSavesAgainstPer60Last3": 26.4,
        "oppSavesAgainstPer60Last5": 29.0,
        "oppShotsAgainstPerGame": 32.5,
        "oppShotsAgainstPerGameLast5": 33.2,
        "savesProj": 24.7,
        "savesProjLast5": 30.2,
        "savesProjLast3": 22.2,
        "oppSavesAgainstProj": 25.0,
        "oppSavesAgainstProjLast5": 29.2,
        "oppSavesAgainstProjLast3": 22.3,
        "totalOver": 40,
        "totalOverLast5": 20,
        "lastTotalOver": 51,
        "last5": "1,0,0,0,0,1,2,0,2,0",
        "overOdds": "-115",
        "underOdds": "-115",
        "overUnder": "-115 / -115"
    },
    {
        "player": "Brandon Saad",
        "team": "STL",
        "opponent": "WSH",
        "propType": "pts",
        "line": 0.5,
        "ppLine": "PP2",
        "avg": 0.48,
        "hit": false,
        "diffAvg": -0.04,
        "diffAbs": 0.0,
        "lastAvg": 0.54,
        "diff": 0.08,
        "avgMin": 16,
        "proj": 0.5,
        "lastAvgMin": 16.27,
        "oppOver": 0,
        "teamOver": 0,
        "gameLine": "+145",
        "+/-": -15,
        "L5_+/-": -6.0,
        "prevMatchup": "2022-11-17 0.0 pts",
        "winLossSplits": "0.69 - 0.22",
        "awayHome": "A",
        "playedYesterday": "N",
        "awayHomeSplits": "0.61 - 0.36",
        "savesAboveExp": 0.193,
        "gsaa": 9.22,
        "corsi": "46.6% (51.3) // 45.9% (51.2) // 50.3% (56.8) // 49.0% (55.7)",
        "fenwick": "46.7% (39.3) // 45.0% (37.9) // 49.4% (43.2) // 47.0% (42.0)",
        "shots": "47.2% (28.7) // 45.6% (28.5) // 49.9% (33.0) // 47.0% (31.0)",
        "scoring": "46.9% (27.9) // 45.6% (27.6) // 51.2% (30.8) // 48.3% (28.7)",
        "corsiAgainst": "53.4% (58.8) // 54.1% (60.3) // 49.7% (56.2) // 51.0% (58.0)",
        "fenwickAgainst": "53.3% (44.8) // 55.0% (46.4) // 50.6% (44.2) // 53.0% (47.3)",
        "shotsAgainst": "52.8% (32.2) // 54.4% (34.1) // 50.1% (33.2) // 53.0% (35.0)",
        "scoringAgainst": "53.1% (31.7) // 54.4% (33.0) // 48.8% (29.4) // 51.7% (30.7)",
        "oppCorsi": "50.7% (59.3) // 48.8% (56.1) // 47.8% (53.5) // 50.1% (57.7)",
        "oppFenwick": "50.5% (43.5) // 48.3% (41.5) // 46.2% (37.7) // 49.2% (41.2)",
        "oppShots": "50.8% (31.0) // 49.9% (30.4) // 49.4% (28.6) // 54.2% (31.5)",
        "oppScoring": "50.6% (29.6) // 47.5% (28.4) // 44.3% (26.2) // 47.8% (27.9)",
        "oppCorsiAgainst": "49.3% (57.8) // 51.2% (58.9) // 52.2% (58.6) // 49.9% (57.4)",
        "oppFenwickAgainst": "49.5% (42.7) // 51.7% (44.4) // 53.8% (43.9) // 50.8% (42.5)",
        "oppShotsAgainst": "49.2% (30.1) // 50.1% (30.5) // 50.6% (29.3) // 45.8% (26.6)",
        "oppScoringAgainst": "49.4% (28.9) // 52.5% (31.3) // 55.7% (32.9) // 52.2% (30.5)",
        "savesPerGame": 28.7,
        "savesPerGameLast1": 27.0,
        "savesPerGameLast3": 30.0,
        "savesPerGameLast5": 28.6,
        "savesPer60": 28.7,
        "savesPer60Last1": 26.8,
        "savesPer60Last3": 29.6,
        "savesPer60Last5": 28.4,
        "shotsPerGame": 29.0,
        "shotsPerGameLast5": 33.0,
        "shotsAgainstPerGame": 32.5,
        "shotsAgainstPerGameLast5": 33.2,
        "oppSavesAgainstPer60": 28.3,
        "oppSavesAgainstPer60Last1": 35.7,
        "oppSavesAgainstPer60Last3": 28.4,
        "oppSavesAgainstPer60Last5": 24.9,
        "oppShotsAgainstPerGame": 30.4,
        "oppShotsAgainstPerGameLast5": 32.4,
        "savesProj": 29.7,
        "savesProjLast5": 26.0,
        "savesProjLast3": 30.7,
        "oppSavesAgainstProj": 28.7,
        "oppSavesAgainstProjLast5": 26.4,
        "oppSavesAgainstProjLast3": 30.6,
        "totalOver": 38,
        "totalOverLast5": 40,
        "lastTotalOver": 49,
        "last5": "0,0,2,1,0,1,0,1,0,0",
        "overOdds": "+135",
        "underOdds": "-165",
        "overUnder": "+135 / -165"
    },
    {
        "player": "Brayden Schenn",
        "team": "STL",
        "opponent": "WSH",
        "propType": "pts",
        "line": 0.5,
        "ppLine": "PP1",
        "avg": 0.73,
        "hit": false,
        "diffAvg": 0.46,
        "diffAbs": 0.6,
        "lastAvg": 0.78,
        "diff": 0.56,
        "avgMin": 18,
        "proj": 0.8,
        "lastAvgMin": 17.77,
        "oppOver": 0,
        "teamOver": 0,
        "gameLine": "+145",
        "+/-": -35,
        "L5_+/-": -7.0,
        "prevMatchup": "2022-11-17 1.0 pts",
        "winLossSplits": "1.12 - 0.43",
        "awayHome": "A",
        "playedYesterday": "N",
        "awayHomeSplits": "0.76 - 0.71",
        "savesAboveExp": 0.193,
        "gsaa": 9.22,
        "corsi": "46.6% (51.3) // 45.9% (51.2) // 50.3% (56.8) // 49.0% (55.7)",
        "fenwick": "46.7% (39.3) // 45.0% (37.9) // 49.4% (43.2) // 47.0% (42.0)",
        "shots": "47.2% (28.7) // 45.6% (28.5) // 49.9% (33.0) // 47.0% (31.0)",
        "scoring": "46.9% (27.9) // 45.6% (27.6) // 51.2% (30.8) // 48.3% (28.7)",
        "corsiAgainst": "53.4% (58.8) // 54.1% (60.3) // 49.7% (56.2) // 51.0% (58.0)",
        "fenwickAgainst": "53.3% (44.8) // 55.0% (46.4) // 50.6% (44.2) // 53.0% (47.3)",
        "shotsAgainst": "52.8% (32.2) // 54.4% (34.1) // 50.1% (33.2) // 53.0% (35.0)",
        "scoringAgainst": "53.1% (31.7) // 54.4% (33.0) // 48.8% (29.4) // 51.7% (30.7)",
        "oppCorsi": "50.7% (59.3) // 48.8% (56.1) // 47.8% (53.5) // 50.1% (57.7)",
        "oppFenwick": "50.5% (43.5) // 48.3% (41.5) // 46.2% (37.7) // 49.2% (41.2)",
        "oppShots": "50.8% (31.0) // 49.9% (30.4) // 49.4% (28.6) // 54.2% (31.5)",
        "oppScoring": "50.6% (29.6) // 47.5% (28.4) // 44.3% (26.2) // 47.8% (27.9)",
        "oppCorsiAgainst": "49.3% (57.8) // 51.2% (58.9) // 52.2% (58.6) // 49.9% (57.4)",
        "oppFenwickAgainst": "49.5% (42.7) // 51.7% (44.4) // 53.8% (43.9) // 50.8% (42.5)",
        "oppShotsAgainst": "49.2% (30.1) // 50.1% (30.5) // 50.6% (29.3) // 45.8% (26.6)",
        "oppScoringAgainst": "49.4% (28.9) // 52.5% (31.3) // 55.7% (32.9) // 52.2% (30.5)",
        "savesPerGame": 28.7,
        "savesPerGameLast1": 27.0,
        "savesPerGameLast3": 30.0,
        "savesPerGameLast5": 28.6,
        "savesPer60": 28.7,
        "savesPer60Last1": 26.8,
        "savesPer60Last3": 29.6,
        "savesPer60Last5": 28.4,
        "shotsPerGame": 29.0,
        "shotsPerGameLast5": 33.0,
        "shotsAgainstPerGame": 32.5,
        "shotsAgainstPerGameLast5": 33.2,
        "oppSavesAgainstPer60": 28.3,
        "oppSavesAgainstPer60Last1": 35.7,
        "oppSavesAgainstPer60Last3": 28.4,
        "oppSavesAgainstPer60Last5": 24.9,
        "oppShotsAgainstPerGame": 30.4,
        "oppShotsAgainstPerGameLast5": 32.4,
        "savesProj": 29.7,
        "savesProjLast5": 26.0,
        "savesProjLast3": 30.7,
        "oppSavesAgainstProj": 28.7,
        "oppSavesAgainstProjLast5": 26.4,
        "oppSavesAgainstProjLast3": 30.6,
        "totalOver": 55,
        "totalOverLast5": 60,
        "lastTotalOver": 62,
        "last5": "1,1,2,0,0,0,2,0,0,0",
        "overOdds": "-120",
        "underOdds": "-110",
        "overUnder": "-120 / -110"
    },
    {
        "player": "Kasperi Kapanen",
        "team": "STL",
        "opponent": "WSH",
        "propType": "pts",
        "line": 0.5,
        "ppLine": "PP2",
        "avg": 0.45,
        "hit": false,
        "diffAvg": -0.1,
        "diffAbs": 0.4,
        "lastAvg": 0.37,
        "diff": -0.26,
        "avgMin": 12,
        "proj": 0.3,
        "lastAvgMin": 14.52,
        "oppOver": 0,
        "teamOver": 0,
        "gameLine": "+145",
        "+/-": -2,
        "L5_+/-": -4.0,
        "prevMatchup": "",
        "winLossSplits": "0.69 - 0.28",
        "awayHome": "A",
        "playedYesterday": "Y",
        "awayHomeSplits": "0.36 - 0.54",
        "savesAboveExp": 0.193,
        "gsaa": 9.22,
        "corsi": "46.6% (51.3) // 45.9% (51.2) // 50.3% (56.8) // 49.0% (55.7)",
        "fenwick": "46.7% (39.3) // 45.0% (37.9) // 49.4% (43.2) // 47.0% (42.0)",
        "shots": "47.2% (28.7) // 45.6% (28.5) // 49.9% (33.0) // 47.0% (31.0)",
        "scoring": "46.9% (27.9) // 45.6% (27.6) // 51.2% (30.8) // 48.3% (28.7)",
        "corsiAgainst": "53.4% (58.8) // 54.1% (60.3) // 49.7% (56.2) // 51.0% (58.0)",
        "fenwickAgainst": "53.3% (44.8) // 55.0% (46.4) // 50.6% (44.2) // 53.0% (47.3)",
        "shotsAgainst": "52.8% (32.2) // 54.4% (34.1) // 50.1% (33.2) // 53.0% (35.0)",
        "scoringAgainst": "53.1% (31.7) // 54.4% (33.0) // 48.8% (29.4) // 51.7% (30.7)",
        "oppCorsi": "50.7% (59.3) // 48.8% (56.1) // 47.8% (53.5) // 50.1% (57.7)",
        "oppFenwick": "50.5% (43.5) // 48.3% (41.5) // 46.2% (37.7) // 49.2% (41.2)",
        "oppShots": "50.8% (31.0) // 49.9% (30.4) // 49.4% (28.6) // 54.2% (31.5)",
        "oppScoring": "50.6% (29.6) // 47.5% (28.4) // 44.3% (26.2) // 47.8% (27.9)",
        "oppCorsiAgainst": "49.3% (57.8) // 51.2% (58.9) // 52.2% (58.6) // 49.9% (57.4)",
        "oppFenwickAgainst": "49.5% (42.7) // 51.7% (44.4) // 53.8% (43.9) // 50.8% (42.5)",
        "oppShotsAgainst": "49.2% (30.1) // 50.1% (30.5) // 50.6% (29.3) // 45.8% (26.6)",
        "oppScoringAgainst": "49.4% (28.9) // 52.5% (31.3) // 55.7% (32.9) // 52.2% (30.5)",
        "savesPerGame": 28.7,
        "savesPerGameLast1": 27.0,
        "savesPerGameLast3": 30.0,
        "savesPerGameLast5": 28.6,
        "savesPer60": 28.7,
        "savesPer60Last1": 26.8,
        "savesPer60Last3": 29.6,
        "savesPer60Last5": 28.4,
        "shotsPerGame": 29.0,
        "shotsPerGameLast5": 33.0,
        "shotsAgainstPerGame": 32.5,
        "shotsAgainstPerGameLast5": 33.2,
        "oppSavesAgainstPer60": 28.3,
        "oppSavesAgainstPer60Last1": 35.7,
        "oppSavesAgainstPer60Last3": 28.4,
        "oppSavesAgainstPer60Last5": 24.9,
        "oppShotsAgainstPerGame": 30.4,
        "oppShotsAgainstPerGameLast5": 32.4,
        "savesProj": 29.7,
        "savesProjLast5": 26.0,
        "savesProjLast3": 30.7,
        "oppSavesAgainstProj": 28.7,
        "oppSavesAgainstProjLast5": 26.4,
        "oppSavesAgainstProjLast3": 30.6,
        "totalOver": 33,
        "totalOverLast5": 20,
        "lastTotalOver": 31,
        "last5": "0,0,0,1,0,1,1,0,0,1",
        "overOdds": "+160",
        "underOdds": "-195",
        "overUnder": "+160 / -195"
    },
    {
        "player": "Nicklas Backstrom",
        "team": "WSH",
        "opponent": "STL",
        "propType": "pts",
        "line": 0.5,
        "ppLine": "PP1",
        "avg": 0.5,
        "hit": false,
        "diffAvg": 0.0,
        "diffAbs": 0.0,
        "lastAvg": 0.58,
        "diff": 0.16,
        "avgMin": 16,
        "proj": 0.5,
        "lastAvgMin": 17.48,
        "oppOver": 0,
        "teamOver": 0,
        "gameLine": "-170",
        "+/-": -15,
        "L5_+/-": -4.0,
        "prevMatchup": "",
        "winLossSplits": "0.64 - 0.38",
        "awayHome": "H",
        "playedYesterday": "N",
        "awayHomeSplits": "0.57 - 0.42",
        "savesAboveExp": -0.215,
        "gsaa": -0.82,
        "corsi": "50.7% (59.3) // 48.8% (56.1) // 47.8% (53.5) // 50.1% (57.7)",
        "fenwick": "50.5% (43.5) // 48.3% (41.5) // 46.2% (37.7) // 49.2% (41.2)",
        "shots": "50.8% (31.0) // 49.9% (30.4) // 49.4% (28.6) // 54.2% (31.5)",
        "scoring": "50.6% (29.6) // 47.5% (28.4) // 44.3% (26.2) // 47.8% (27.9)",
        "corsiAgainst": "49.3% (57.8) // 51.2% (58.9) // 52.2% (58.6) // 49.9% (57.4)",
        "fenwickAgainst": "49.5% (42.7) // 51.7% (44.4) // 53.8% (43.9) // 50.8% (42.5)",
        "shotsAgainst": "49.2% (30.1) // 50.1% (30.5) // 50.6% (29.3) // 45.8% (26.6)",
        "scoringAgainst": "49.4% (28.9) // 52.5% (31.3) // 55.7% (32.9) // 52.2% (30.5)",
        "oppCorsi": "46.6% (51.3) // 45.9% (51.2) // 50.3% (56.8) // 49.0% (55.7)",
