[
    {
        "player": "Alex Tuch",
        "team": "BUF",
        "opponent": "BOS",
        "propType": "sog",
        "line": 2.5,
        "ppLine": "",
        "avg": 2.88,
        "hit": false,
        "diffAvg": 0.15,
        "diffAbs": 0.16,
        "lastAvg": 2.78,
        "diff": 0.11,
        "avgMin": 19,
        "proj": 2.9,
        "lastAvgMin": 18.4,
        "oppOver": 0,
        "teamOver": 0,
        "gameLine": "+160",
        "+/-": "+10",
        "L5_+/-": 0.0,
        "prevMatchup": "2022-12-31 2.0 sog, 2022-11-12 2.0 sog",
        "winLossSplits": "3.19 - 2.57",
        "awayHome": "H",
        "playedYesterday": "N",
        "awayHomeSplits": "2.78 - 3.0",
        "savesAboveExp": 0.892,
        "gsaa": 37.45,
        "corsi": "51.1% (57.8) // 50.6% (58.8) // 51.0% (57.1) // 52.8% (58.7)",
        "fenwick": "49.6% (43.5) // 48.7% (43.8) // 50.2% (42.6) // 53.1% (44.1)",
        "shots": "49.3% (32.0) // 47.6% (31.7) // 48.8% (30.5) // 51.4% (30.5)",
        "scoring": "50.0% (30.7) // 49.0% (30.0) // 47.4% (26.4) // 51.8% (27.9)",
        "corsiAgainst": "48.9% (55.3) // 49.4% (57.4) // 49.0% (54.7) // 47.2% (52.5)",
        "fenwickAgainst": "50.4% (44.2) // 51.3% (46.2) // 49.8% (42.2) // 46.9% (38.9)",
        "shotsAgainst": "50.7% (33.0) // 52.4% (35.0) // 51.2% (32.0) // 48.6% (28.9)",
        "scoringAgainst": "50.0% (30.7) // 51.0% (31.2) // 52.6% (29.3) // 48.2% (25.9)",
        "oppCorsi": "51.5% (58.2) // 51.9% (58.2) // 55.1% (62.3) // 51.3% (59.0)",
        "oppFenwick": "52.0% (43.9) // 50.8% (42.7) // 53.8% (45.8) // 52.8% (47.3)",
        "oppShots": "52.7% (32.6) // 50.6% (31.4) // 53.7% (33.8) // 52.0% (34.7)",
        "oppScoring": "53.0% (32.2) // 53.3% (34.0) // 56.3% (35.0) // 51.6% (31.7)",
        "oppCorsiAgainst": "48.5% (54.7) // 48.1% (54.1) // 44.9% (50.8) // 48.7% (56.0)",
        "oppFenwickAgainst": "48.0% (40.6) // 49.2% (41.3) // 46.2% (39.3) // 47.2% (42.3)",
        "oppShotsAgainst": "47.3% (29.3) // 49.4% (30.6) // 46.3% (29.2) // 48.0% (32.0)",
        "oppScoringAgainst": "47.0% (28.6) // 46.7% (29.8) // 43.7% (27.2) // 48.4% (29.7)",
        "savesPerGame": 29.6,
        "savesPerGameLast1": 17.0,
        "savesPerGameLast3": 25.7,
        "savesPerGameLast5": 28.0,
        "savesPer60": 29.7,
        "savesPer60Last1": 17.0,
        "savesPer60Last3": 26.4,
        "savesPer60Last5": 28.7,
        "shotsPerGame": 32.3,
        "shotsPerGameLast5": 31.2,
        "shotsAgainstPerGame": 33.2,
        "shotsAgainstPerGameLast5": 32.8,
        "oppSavesAgainstPer60": 29.2,
        "oppSavesAgainstPer60Last1": 33.0,
        "oppSavesAgainstPer60Last3": 31.8,
        "oppSavesAgainstPer60Last5": 31.9,
        "oppShotsAgainstPerGame": 29.6,
        "oppShotsAgainstPerGameLast5": 30.6,
        "savesProj": 31.5,
        "savesProjLast5": 32.9,
        "savesProjLast3": 29.6,
        "oppSavesAgainstProj": 30.5,
        "oppSavesAgainstProjLast5": 31.6,
        "oppSavesAgainstProjLast3": 29.2,
        "totalOver": 65,
        "totalOverLast5": 60,
        "lastTotalOver": 58,
        "last5": "1,3,5,5,0,2,3,2,3,0",
        "overOdds": "-140",
        "underOdds": "+100",
        "overUnder": "-140 / +100"
    },
    {
        "player": "Brad Marchand",
        "team": "BOS",
        "opponent": "BUF",
        "propType": "sog",
        "line": 2.5,
        "ppLine": "PP1",
        "avg": 2.62,
        "hit": false,
        "diffAvg": 0.05,
        "diffAbs": 0.16,
        "lastAvg": 3.14,
        "diff": 0.26,
        "avgMin": 18,
        "proj": 2.9,
        "lastAvgMin": 19.25,
        "oppOver": 0,
        "teamOver": 0,
        "gameLine": "-190",
        "+/-": "+23",
        "L5_+/-": -1.0,
        "prevMatchup": "2023-03-02 2.0 sog, 2022-12-31 6.0 sog, 2022-11-12 3.0 sog",
        "winLossSplits": "2.23 - 3.38",
        "awayHome": "A",
        "playedYesterday": "Y",
        "awayHomeSplits": "2.94 - 2.25",
        "savesAboveExp": "-",
        "gsaa": "-",
        "corsi": "51.5% (58.2) // 51.9% (58.2) // 55.1% (62.3) // 51.3% (59.0)",
        "fenwick": "52.0% (43.9) // 50.8% (42.7) // 53.8% (45.8) // 52.8% (47.3)",
        "shots": "52.7% (32.6) // 50.6% (31.4) // 53.7% (33.8) // 52.0% (34.7)",
        "scoring": "53.0% (32.2) // 53.3% (34.0) // 56.3% (35.0) // 51.6% (31.7)",
        "corsiAgainst": "48.5% (54.7) // 48.1% (54.1) // 44.9% (50.8) // 48.7% (56.0)",
        "fenwickAgainst": "48.0% (40.6) // 49.2% (41.3) // 46.2% (39.3) // 47.2% (42.3)",
        "shotsAgainst": "47.3% (29.3) // 49.4% (30.6) // 46.3% (29.2) // 48.0% (32.0)",
        "scoringAgainst": "47.0% (28.6) // 46.7% (29.8) // 43.7% (27.2) // 48.4% (29.7)",
        "oppCorsi": "51.1% (57.8) // 50.6% (58.8) // 51.0% (57.1) // 52.8% (58.7)",
        "oppFenwick": "49.6% (43.5) // 48.7% (43.8) // 50.2% (42.6) // 53.1% (44.1)",
        "oppShots": "49.3% (32.0) // 47.6% (31.7) // 48.8% (30.5) // 51.4% (30.5)",
        "oppScoring": "50.0% (30.7) // 49.0% (30.0) // 47.4% (26.4) // 51.8% (27.9)",
        "oppCorsiAgainst": "48.9% (55.3) // 49.4% (57.4) // 49.0% (54.7) // 47.2% (52.5)",
        "oppFenwickAgainst": "50.4% (44.2) // 51.3% (46.2) // 49.8% (42.2) // 46.9% (38.9)",
        "oppShotsAgainst": "50.7% (33.0) // 52.4% (35.0) // 51.2% (32.0) // 48.6% (28.9)",
        "oppScoringAgainst": "50.0% (30.7) // 51.0% (31.2) // 52.6% (29.3) // 48.2% (25.9)",
        "savesPerGame": 27.5,
        "savesPerGameLast1": 29.0,
        "savesPerGameLast3": 29.3,
        "savesPerGameLast5": 27.6,
        "savesPer60": 27.6,
        "savesPer60Last1": 29.0,
        "savesPer60Last3": 29.2,
        "savesPer60Last5": 27.4,
        "shotsPerGame": 33.0,
        "shotsPerGameLast5": 35.0,
        "shotsAgainstPerGame": 29.6,
        "shotsAgainstPerGameLast5": 30.6,
        "oppSavesAgainstPer60": 28.7,
        "oppSavesAgainstPer60Last1": 36.0,
        "oppSavesAgainstPer60Last3": 27.8,
        "oppSavesAgainstPer60Last5": 28.1,
        "oppShotsAgainstPerGame": 33.2,
        "oppShotsAgainstPerGameLast5": 32.8,
        "savesProj": 26.7,
        "savesProjLast5": 26.0,
        "savesProjLast3": 27.5,
        "oppSavesAgainstProj": 27.6,
        "oppSavesAgainstProjLast5": 29.3,
        "oppSavesAgainstProjLast3": 30.4,
        "totalOver": 45,
        "totalOverLast5": 40,
        "lastTotalOver": 61,
        "last5": "1,1,6,4,0,3,2,2,1,2",
        "overOdds": "-110",
        "underOdds": "-130",
        "overUnder": "-110 / -130"
    },
    {
        "player": "David Pastrnak",
        "team": "BOS",
        "opponent": "BUF",
        "propType": "sog",
        "line": 4.5,
        "ppLine": "PP1",
        "avg": 4.72,
        "hit": false,
        "diffAvg": 0.05,
        "diffAbs": 0.11,
        "lastAvg": 3.95,
        "diff": -0.12,
        "avgMin": 19,
        "proj": 4.0,
        "lastAvgMin": 18.6,
        "oppOver": 0,
        "teamOver": 0,
        "gameLine": "-190",
        "+/-": "+31",
        "L5_+/-": "+3.0",
        "prevMatchup": "2023-03-02 4.0 sog, 2022-12-31 6.0 sog, 2022-11-12 3.0 sog",
        "winLossSplits": "4.65 - 4.29",
        "awayHome": "A",
        "playedYesterday": "Y",
        "awayHomeSplits": "4.6 - 4.85",
        "savesAboveExp": "-",
        "gsaa": "-",
        "corsi": "51.5% (58.2) // 51.9% (58.2) // 55.1% (62.3) // 51.3% (59.0)",
        "fenwick": "52.0% (43.9) // 50.8% (42.7) // 53.8% (45.8) // 52.8% (47.3)",
        "shots": "52.7% (32.6) // 50.6% (31.4) // 53.7% (33.8) // 52.0% (34.7)",
        "scoring": "53.0% (32.2) // 53.3% (34.0) // 56.3% (35.0) // 51.6% (31.7)",
        "corsiAgainst": "48.5% (54.7) // 48.1% (54.1) // 44.9% (50.8) // 48.7% (56.0)",
        "fenwickAgainst": "48.0% (40.6) // 49.2% (41.3) // 46.2% (39.3) // 47.2% (42.3)",
        "shotsAgainst": "47.3% (29.3) // 49.4% (30.6) // 46.3% (29.2) // 48.0% (32.0)",
        "scoringAgainst": "47.0% (28.6) // 46.7% (29.8) // 43.7% (27.2) // 48.4% (29.7)",
        "oppCorsi": "51.1% (57.8) // 50.6% (58.8) // 51.0% (57.1) // 52.8% (58.7)",
        "oppFenwick": "49.6% (43.5) // 48.7% (43.8) // 50.2% (42.6) // 53.1% (44.1)",
        "oppShots": "49.3% (32.0) // 47.6% (31.7) // 48.8% (30.5) // 51.4% (30.5)",
        "oppScoring": "50.0% (30.7) // 49.0% (30.0) // 47.4% (26.4) // 51.8% (27.9)",
        "oppCorsiAgainst": "48.9% (55.3) // 49.4% (57.4) // 49.0% (54.7) // 47.2% (52.5)",
        "oppFenwickAgainst": "50.4% (44.2) // 51.3% (46.2) // 49.8% (42.2) // 46.9% (38.9)",
        "oppShotsAgainst": "50.7% (33.0) // 52.4% (35.0) // 51.2% (32.0) // 48.6% (28.9)",
        "oppScoringAgainst": "50.0% (30.7) // 51.0% (31.2) // 52.6% (29.3) // 48.2% (25.9)",
        "savesPerGame": 27.5,
        "savesPerGameLast1": 29.0,
        "savesPerGameLast3": 29.3,
        "savesPerGameLast5": 27.6,
        "savesPer60": 27.6,
        "savesPer60Last1": 29.0,
        "savesPer60Last3": 29.2,
        "savesPer60Last5": 27.4,
        "shotsPerGame": 33.0,
        "shotsPerGameLast5": 35.0,
        "shotsAgainstPerGame": 29.6,
        "shotsAgainstPerGameLast5": 30.6,
        "oppSavesAgainstPer60": 28.7,
        "oppSavesAgainstPer60Last1": 36.0,
        "oppSavesAgainstPer60Last3": 27.8,
        "oppSavesAgainstPer60Last5": 28.1,
        "oppShotsAgainstPerGame": 33.2,
        "oppShotsAgainstPerGameLast5": 32.8,
        "savesProj": 26.7,
        "savesProjLast5": 26.0,
        "savesProjLast3": 27.5,
        "oppSavesAgainstProj": 27.6,
        "oppSavesAgainstProjLast5": 29.3,
        "oppSavesAgainstProjLast3": 30.4,
        "totalOver": 56,
        "totalOverLast5": 60,
        "lastTotalOver": 46,
        "last5": "6,5,3,2,7,6,3,4,2,4",
        "overOdds": "-105",
        "underOdds": "-135",
        "overUnder": "-105 / -135"
    },
    {
        "player": "Dylan Cozens",
        "team": "BUF",
        "opponent": "BOS",
        "propType": "sog",
        "line": 2.5,
        "ppLine": "",
        "avg": 2.63,
        "hit": false,
        "diffAvg": 0.05,
        "diffAbs": 0.2,
        "lastAvg": 2.03,
        "diff": -0.19,
        "avgMin": 16,
        "proj": 2.0,
        "lastAvgMin": 15.88,
        "oppOver": 0,
        "teamOver": 0,
        "gameLine": "+160",
        "+/-": "+1",
        "L5_+/-": -8.0,
        "prevMatchup": "2023-03-02 0.0 sog, 2022-12-31 3.0 sog, 2022-11-12 1.0 sog",
        "winLossSplits": "2.93 - 2.23",
        "awayHome": "H",
        "playedYesterday": "N",
        "awayHomeSplits": "2.45 - 2.79",
        "savesAboveExp": 0.892,
        "gsaa": 37.45,
        "corsi": "51.1% (57.8) // 50.6% (58.8) // 51.0% (57.1) // 52.8% (58.7)",
        "fenwick": "49.6% (43.5) // 48.7% (43.8) // 50.2% (42.6) // 53.1% (44.1)",
        "shots": "49.3% (32.0) // 47.6% (31.7) // 48.8% (30.5) // 51.4% (30.5)",
        "scoring": "50.0% (30.7) // 49.0% (30.0) // 47.4% (26.4) // 51.8% (27.9)",
        "corsiAgainst": "48.9% (55.3) // 49.4% (57.4) // 49.0% (54.7) // 47.2% (52.5)",
        "fenwickAgainst": "50.4% (44.2) // 51.3% (46.2) // 49.8% (42.2) // 46.9% (38.9)",
        "shotsAgainst": "50.7% (33.0) // 52.4% (35.0) // 51.2% (32.0) // 48.6% (28.9)",
        "scoringAgainst": "50.0% (30.7) // 51.0% (31.2) // 52.6% (29.3) // 48.2% (25.9)",
        "oppCorsi": "51.5% (58.2) // 51.9% (58.2) // 55.1% (62.3) // 51.3% (59.0)",
        "oppFenwick": "52.0% (43.9) // 50.8% (42.7) // 53.8% (45.8) // 52.8% (47.3)",
        "oppShots": "52.7% (32.6) // 50.6% (31.4) // 53.7% (33.8) // 52.0% (34.7)",
        "oppScoring": "53.0% (32.2) // 53.3% (34.0) // 56.3% (35.0) // 51.6% (31.7)",
        "oppCorsiAgainst": "48.5% (54.7) // 48.1% (54.1) // 44.9% (50.8) // 48.7% (56.0)",
        "oppFenwickAgainst": "48.0% (40.6) // 49.2% (41.3) // 46.2% (39.3) // 47.2% (42.3)",
        "oppShotsAgainst": "47.3% (29.3) // 49.4% (30.6) // 46.3% (29.2) // 48.0% (32.0)",
        "oppScoringAgainst": "47.0% (28.6) // 46.7% (29.8) // 43.7% (27.2) // 48.4% (29.7)",
        "savesPerGame": 29.6,
        "savesPerGameLast1": 17.0,
        "savesPerGameLast3": 25.7,
        "savesPerGameLast5": 28.0,
        "savesPer60": 29.7,
        "savesPer60Last1": 17.0,
        "savesPer60Last3": 26.4,
        "savesPer60Last5": 28.7,
        "shotsPerGame": 32.3,
        "shotsPerGameLast5": 31.2,
        "shotsAgainstPerGame": 33.2,
        "shotsAgainstPerGameLast5": 32.8,
        "oppSavesAgainstPer60": 29.2,
        "oppSavesAgainstPer60Last1": 33.0,
        "oppSavesAgainstPer60Last3": 31.8,
        "oppSavesAgainstPer60Last5": 31.9,
        "oppShotsAgainstPerGame": 29.6,
        "oppShotsAgainstPerGameLast5": 30.6,
        "savesProj": 31.5,
        "savesProjLast5": 32.9,
        "savesProjLast3": 29.6,
        "oppSavesAgainstProj": 30.5,
        "oppSavesAgainstProjLast5": 31.6,
        "oppSavesAgainstProjLast3": 29.2,
        "totalOver": 48,
        "totalOverLast5": 60,
        "lastTotalOver": 32,
        "last5": "3,2,4,3,1,4,6,5,0,0",
        "overOdds": "+115",
        "underOdds": "-155",
        "overUnder": "+115 / -155"
    },
    {
        "player": "Jake Debrusk",
        "team": "BOS",
        "opponent": "BUF",
        "propType": "sog",
        "line": 2.5,
        "ppLine": "PP1",
        "avg": 2.96,
        "hit": false,
        "diffAvg": 0.18,
        "diffAbs": 0.0,
        "lastAvg": 2.19,
        "diff": -0.12,
        "avgMin": 17,
        "proj": 2.5,
        "lastAvgMin": 15.03,
        "oppOver": 0,
        "teamOver": 0,
        "gameLine": "-190",
        "+/-": "+18",
        "L5_+/-": "+1.0",
        "prevMatchup": "2023-03-02 2.0 sog, 2022-12-31 1.0 sog, 2022-11-12 1.0 sog",
        "winLossSplits": "3.15 - 2.3",
        "awayHome": "A",
        "playedYesterday": "Y",
        "awayHomeSplits": "2.87 - 3.04",
        "savesAboveExp": "-",
        "gsaa": "-",
        "corsi": "51.5% (58.2) // 51.9% (58.2) // 55.1% (62.3) // 51.3% (59.0)",
        "fenwick": "52.0% (43.9) // 50.8% (42.7) // 53.8% (45.8) // 52.8% (47.3)",
        "shots": "52.7% (32.6) // 50.6% (31.4) // 53.7% (33.8) // 52.0% (34.7)",
        "scoring": "53.0% (32.2) // 53.3% (34.0) // 56.3% (35.0) // 51.6% (31.7)",
        "corsiAgainst": "48.5% (54.7) // 48.1% (54.1) // 44.9% (50.8) // 48.7% (56.0)",
        "fenwickAgainst": "48.0% (40.6) // 49.2% (41.3) // 46.2% (39.3) // 47.2% (42.3)",
        "shotsAgainst": "47.3% (29.3) // 49.4% (30.6) // 46.3% (29.2) // 48.0% (32.0)",
        "scoringAgainst": "47.0% (28.6) // 46.7% (29.8) // 43.7% (27.2) // 48.4% (29.7)",
        "oppCorsi": "51.1% (57.8) // 50.6% (58.8) // 51.0% (57.1) // 52.8% (58.7)",
        "oppFenwick": "49.6% (43.5) // 48.7% (43.8) // 50.2% (42.6) // 53.1% (44.1)",
        "oppShots": "49.3% (32.0) // 47.6% (31.7) // 48.8% (30.5) // 51.4% (30.5)",
        "oppScoring": "50.0% (30.7) // 49.0% (30.0) // 47.4% (26.4) // 51.8% (27.9)",
        "oppCorsiAgainst": "48.9% (55.3) // 49.4% (57.4) // 49.0% (54.7) // 47.2% (52.5)",
        "oppFenwickAgainst": "50.4% (44.2) // 51.3% (46.2) // 49.8% (42.2) // 46.9% (38.9)",
        "oppShotsAgainst": "50.7% (33.0) // 52.4% (35.0) // 51.2% (32.0) // 48.6% (28.9)",
        "oppScoringAgainst": "50.0% (30.7) // 51.0% (31.2) // 52.6% (29.3) // 48.2% (25.9)",
        "savesPerGame": 27.5,
        "savesPerGameLast1": 29.0,
        "savesPerGameLast3": 29.3,
        "savesPerGameLast5": 27.6,
        "savesPer60": 27.6,
        "savesPer60Last1": 29.0,
        "savesPer60Last3": 29.2,
        "savesPer60Last5": 27.4,
        "shotsPerGame": 33.0,
        "shotsPerGameLast5": 35.0,
        "shotsAgainstPerGame": 29.6,
        "shotsAgainstPerGameLast5": 30.6,
        "oppSavesAgainstPer60": 28.7,
        "oppSavesAgainstPer60Last1": 36.0,
        "oppSavesAgainstPer60Last3": 27.8,
        "oppSavesAgainstPer60Last5": 28.1,
        "oppShotsAgainstPerGame": 33.2,
        "oppShotsAgainstPerGameLast5": 32.8,
        "savesProj": 26.7,
        "savesProjLast5": 26.0,
        "savesProjLast3": 27.5,
        "oppSavesAgainstProj": 27.6,
        "oppSavesAgainstProjLast5": 29.3,
        "oppSavesAgainstProjLast3": 30.4,
        "totalOver": 52,
        "totalOverLast5": 40,
        "lastTotalOver": 47,
        "last5": "3,2,3,2,1,1,2,2,0,6",
        "overOdds": "+105",
        "underOdds": "-145",
        "overUnder": "+105 / -145"
    },
    {
        "player": "Jeff Skinner",
        "team": "BUF",
        "opponent": "BOS",
        "propType": "sog",
        "line": 2.5,
        "ppLine": "",
        "avg": 2.92,
        "hit": false,
        "diffAvg": 0.17,
        "diffAbs": 0.32,
        "lastAvg": 3.27,
        "diff": 0.31,
        "avgMin": 17,
        "proj": 3.3,
        "lastAvgMin": 17.1,
        "oppOver": 0,
        "teamOver": 0,
        "gameLine": "+160",
        "+/-": "+9",
        "L5_+/-": -4.0,
        "prevMatchup": "2023-03-02 1.0 sog, 2022-12-31 2.0 sog, 2022-11-12 3.0 sog",
        "winLossSplits": "2.79 - 2.88",
        "awayHome": "H",
        "playedYesterday": "N",
        "awayHomeSplits": "2.59 - 3.24",
        "savesAboveExp": 0.892,
        "gsaa": 37.45,
        "corsi": "51.1% (57.8) // 50.6% (58.8) // 51.0% (57.1) // 52.8% (58.7)",
        "fenwick": "49.6% (43.5) // 48.7% (43.8) // 50.2% (42.6) // 53.1% (44.1)",
        "shots": "49.3% (32.0) // 47.6% (31.7) // 48.8% (30.5) // 51.4% (30.5)",
        "scoring": "50.0% (30.7) // 49.0% (30.0) // 47.4% (26.4) // 51.8% (27.9)",
        "corsiAgainst": "48.9% (55.3) // 49.4% (57.4) // 49.0% (54.7) // 47.2% (52.5)",
        "fenwickAgainst": "50.4% (44.2) // 51.3% (46.2) // 49.8% (42.2) // 46.9% (38.9)",
        "shotsAgainst": "50.7% (33.0) // 52.4% (35.0) // 51.2% (32.0) // 48.6% (28.9)",
        "scoringAgainst": "50.0% (30.7) // 51.0% (31.2) // 52.6% (29.3) // 48.2% (25.9)",
        "oppCorsi": "51.5% (58.2) // 51.9% (58.2) // 55.1% (62.3) // 51.3% (59.0)",
        "oppFenwick": "52.0% (43.9) // 50.8% (42.7) // 53.8% (45.8) // 52.8% (47.3)",
        "oppShots": "52.7% (32.6) // 50.6% (31.4) // 53.7% (33.8) // 52.0% (34.7)",
        "oppScoring": "53.0% (32.2) // 53.3% (34.0) // 56.3% (35.0) // 51.6% (31.7)",
        "oppCorsiAgainst": "48.5% (54.7) // 48.1% (54.1) // 44.9% (50.8) // 48.7% (56.0)",
        "oppFenwickAgainst": "48.0% (40.6) // 49.2% (41.3) // 46.2% (39.3) // 47.2% (42.3)",
        "oppShotsAgainst": "47.3% (29.3) // 49.4% (30.6) // 46.3% (29.2) // 48.0% (32.0)",
        "oppScoringAgainst": "47.0% (28.6) // 46.7% (29.8) // 43.7% (27.2) // 48.4% (29.7)",
        "savesPerGame": 29.6,
        "savesPerGameLast1": 17.0,
        "savesPerGameLast3": 25.7,
        "savesPerGameLast5": 28.0,
        "savesPer60": 29.7,
        "savesPer60Last1": 17.0,
        "savesPer60Last3": 26.4,
        "savesPer60Last5": 28.7,
        "shotsPerGame": 32.3,
        "shotsPerGameLast5": 31.2,
        "shotsAgainstPerGame": 33.2,
        "shotsAgainstPerGameLast5": 32.8,
        "oppSavesAgainstPer60": 29.2,
        "oppSavesAgainstPer60Last1": 33.0,
        "oppSavesAgainstPer60Last3": 31.8,
        "oppSavesAgainstPer60Last5": 31.9,
        "oppShotsAgainstPerGame": 29.6,
        "oppShotsAgainstPerGameLast5": 30.6,
        "savesProj": 31.5,
        "savesProjLast5": 32.9,
        "savesProjLast3": 29.6,
        "oppSavesAgainstProj": 30.5,
        "oppSavesAgainstProjLast5": 31.6,
        "oppSavesAgainstProjLast3": 29.2,
        "totalOver": 54,
        "totalOverLast5": 40,
        "lastTotalOver": 60,
        "last5": "4,2,2,3,2,1,7,1,1,5",
        "overOdds": "-135",
        "underOdds": "-105",
        "overUnder": "-135 / -105"
    },
    {
        "player": "Patrice Bergeron",
        "team": "BOS",
        "opponent": "BUF",
        "propType": "sog",
        "line": 3.5,
        "ppLine": "PP1",
        "avg": 3.26,
        "hit": false,
        "diffAvg": -0.07,
        "diffAbs": 0.03,
        "lastAvg": 3.62,
        "diff": 0.03,
        "avgMin": 17,
        "proj": 3.4,
        "lastAvgMin": 18.17,
        "oppOver": 0,
        "teamOver": 0,
        "gameLine": "-190",
        "+/-": "+29",
        "L5_+/-": "+1.0",
        "prevMatchup": "2023-03-02 6.0 sog, 2022-12-31 6.0 sog, 2022-11-12 4.0 sog",
        "winLossSplits": "3.02 - 3.69",
        "awayHome": "A",
        "playedYesterday": "Y",
        "awayHomeSplits": "3.11 - 3.42",
        "savesAboveExp": "-",
        "gsaa": "-",
        "corsi": "51.5% (58.2) // 51.9% (58.2) // 55.1% (62.3) // 51.3% (59.0)",
        "fenwick": "52.0% (43.9) // 50.8% (42.7) // 53.8% (45.8) // 52.8% (47.3)",
        "shots": "52.7% (32.6) // 50.6% (31.4) // 53.7% (33.8) // 52.0% (34.7)",
        "scoring": "53.0% (32.2) // 53.3% (34.0) // 56.3% (35.0) // 51.6% (31.7)",
        "corsiAgainst": "48.5% (54.7) // 48.1% (54.1) // 44.9% (50.8) // 48.7% (56.0)",
        "fenwickAgainst": "48.0% (40.6) // 49.2% (41.3) // 46.2% (39.3) // 47.2% (42.3)",
        "shotsAgainst": "47.3% (29.3) // 49.4% (30.6) // 46.3% (29.2) // 48.0% (32.0)",
        "scoringAgainst": "47.0% (28.6) // 46.7% (29.8) // 43.7% (27.2) // 48.4% (29.7)",
        "oppCorsi": "51.1% (57.8) // 50.6% (58.8) // 51.0% (57.1) // 52.8% (58.7)",
        "oppFenwick": "49.6% (43.5) // 48.7% (43.8) // 50.2% (42.6) // 53.1% (44.1)",
        "oppShots": "49.3% (32.0) // 47.6% (31.7) // 48.8% (30.5) // 51.4% (30.5)",
        "oppScoring": "50.0% (30.7) // 49.0% (30.0) // 47.4% (26.4) // 51.8% (27.9)",
        "oppCorsiAgainst": "48.9% (55.3) // 49.4% (57.4) // 49.0% (54.7) // 47.2% (52.5)",
        "oppFenwickAgainst": "50.4% (44.2) // 51.3% (46.2) // 49.8% (42.2) // 46.9% (38.9)",
        "oppShotsAgainst": "50.7% (33.0) // 52.4% (35.0) // 51.2% (32.0) // 48.6% (28.9)",
        "oppScoringAgainst": "50.0% (30.7) // 51.0% (31.2) // 52.6% (29.3) // 48.2% (25.9)",
        "savesPerGame": 27.5,
        "savesPerGameLast1": 29.0,
        "savesPerGameLast3": 29.3,
        "savesPerGameLast5": 27.6,
        "savesPer60": 27.6,
        "savesPer60Last1": 29.0,
        "savesPer60Last3": 29.2,
        "savesPer60Last5": 27.4,
        "shotsPerGame": 33.0,
        "shotsPerGameLast5": 35.0,
        "shotsAgainstPerGame": 29.6,
        "shotsAgainstPerGameLast5": 30.6,
        "oppSavesAgainstPer60": 28.7,
        "oppSavesAgainstPer60Last1": 36.0,
        "oppSavesAgainstPer60Last3": 27.8,
        "oppSavesAgainstPer60Last5": 28.1,
        "oppShotsAgainstPerGame": 33.2,
        "oppShotsAgainstPerGameLast5": 32.8,
        "savesProj": 26.7,
        "savesProjLast5": 26.0,
        "savesProjLast3": 27.5,
        "oppSavesAgainstProj": 27.6,
        "oppSavesAgainstProjLast5": 29.3,
        "oppSavesAgainstProjLast3": 30.4,
        "totalOver": 43,
        "totalOverLast5": 40,
        "lastTotalOver": 56,
        "last5": "2,2,5,3,4,4,3,6,3,0",
        "overOdds": "+110",
        "underOdds": "-150",
        "overUnder": "+110 / -150"
    },
    {
        "player": "Rasmus Dahlin",
        "team": "BUF",
        "opponent": "BOS",
        "propType": "sog",
        "line": 2.5,
        "ppLine": "",
        "avg": 2.72,
        "hit": false,
        "diffAvg": 0.09,
        "diffAbs": 0.12,
        "lastAvg": 2.1,
        "diff": -0.16,
        "avgMin": 25,
        "proj": 2.2,
        "lastAvgMin": 24.0,
        "oppOver": 0,
        "teamOver": 0,
        "gameLine": "+160",
        "+/-": "+13",
        "L5_+/-": -8.0,
        "prevMatchup": "2022-12-31 5.0 sog, 2022-11-12 3.0 sog",
        "winLossSplits": "2.66 - 2.62",
        "awayHome": "H",
        "playedYesterday": "N",
        "awayHomeSplits": "2.56 - 2.88",
        "savesAboveExp": 0.892,
        "gsaa": 37.45,
        "corsi": "51.1% (57.8) // 50.6% (58.8) // 51.0% (57.1) // 52.8% (58.7)",
        "fenwick": "49.6% (43.5) // 48.7% (43.8) // 50.2% (42.6) // 53.1% (44.1)",
        "shots": "49.3% (32.0) // 47.6% (31.7) // 48.8% (30.5) // 51.4% (30.5)",
        "scoring": "50.0% (30.7) // 49.0% (30.0) // 47.4% (26.4) // 51.8% (27.9)",
        "corsiAgainst": "48.9% (55.3) // 49.4% (57.4) // 49.0% (54.7) // 47.2% (52.5)",
        "fenwickAgainst": "50.4% (44.2) // 51.3% (46.2) // 49.8% (42.2) // 46.9% (38.9)",
        "shotsAgainst": "50.7% (33.0) // 52.4% (35.0) // 51.2% (32.0) // 48.6% (28.9)",
        "scoringAgainst": "50.0% (30.7) // 51.0% (31.2) // 52.6% (29.3) // 48.2% (25.9)",
        "oppCorsi": "51.5% (58.2) // 51.9% (58.2) // 55.1% (62.3) // 51.3% (59.0)",
        "oppFenwick": "52.0% (43.9) // 50.8% (42.7) // 53.8% (45.8) // 52.8% (47.3)",
        "oppShots": "52.7% (32.6) // 50.6% (31.4) // 53.7% (33.8) // 52.0% (34.7)",
        "oppScoring": "53.0% (32.2) // 53.3% (34.0) // 56.3% (35.0) // 51.6% (31.7)",
        "oppCorsiAgainst": "48.5% (54.7) // 48.1% (54.1) // 44.9% (50.8) // 48.7% (56.0)",
        "oppFenwickAgainst": "48.0% (40.6) // 49.2% (41.3) // 46.2% (39.3) // 47.2% (42.3)",
        "oppShotsAgainst": "47.3% (29.3) // 49.4% (30.6) // 46.3% (29.2) // 48.0% (32.0)",
        "oppScoringAgainst": "47.0% (28.6) // 46.7% (29.8) // 43.7% (27.2) // 48.4% (29.7)",
        "savesPerGame": 29.6,
        "savesPerGameLast1": 17.0,
        "savesPerGameLast3": 25.7,
        "savesPerGameLast5": 28.0,
        "savesPer60": 29.7,
        "savesPer60Last1": 17.0,
        "savesPer60Last3": 26.4,
        "savesPer60Last5": 28.7,
        "shotsPerGame": 32.3,
        "shotsPerGameLast5": 31.2,
        "shotsAgainstPerGame": 33.2,
        "shotsAgainstPerGameLast5": 32.8,
        "oppSavesAgainstPer60": 29.2,
        "oppSavesAgainstPer60Last1": 33.0,
        "oppSavesAgainstPer60Last3": 31.8,
        "oppSavesAgainstPer60Last5": 31.9,
        "oppShotsAgainstPerGame": 29.6,
        "oppShotsAgainstPerGameLast5": 30.6,
        "savesProj": 31.5,
        "savesProjLast5": 32.9,
        "savesProjLast3": 29.6,
        "oppSavesAgainstProj": 30.5,
        "oppSavesAgainstProjLast5": 31.6,
        "oppSavesAgainstProjLast3": 29.2,
        "totalOver": 55,
        "totalOverLast5": 40,
        "lastTotalOver": 36,
        "last5": "3,0,1,2,4,0,3,0,4,1",
        "overOdds": "+130",
        "underOdds": "-170",
        "overUnder": "+130 / -170"
    },
    {
        "player": "Tage Thompson",
        "team": "BUF",
        "opponent": "BOS",
        "propType": "sog",
        "line": 3.5,
        "ppLine": "",
        "avg": 3.79,
        "hit": false,
        "diffAvg": 0.08,
        "diffAbs": 0.06,
        "lastAvg": 3.24,
        "diff": -0.07,
        "avgMin": 18,
        "proj": 3.3,
        "lastAvgMin": 17.87,
        "oppOver": 0,
        "teamOver": 0,
        "gameLine": "+160",
        "+/-": "+7",
        "L5_+/-": -7.0,
        "prevMatchup": "2023-03-02 1.0 sog, 2022-12-31 3.0 sog, 2022-11-12 4.0 sog",
        "winLossSplits": "4.04 - 3.32",
        "awayHome": "H",
        "playedYesterday": "N",
        "awayHomeSplits": "3.94 - 3.65",
        "savesAboveExp": 0.892,
        "gsaa": 37.45,
        "corsi": "51.1% (57.8) // 50.6% (58.8) // 51.0% (57.1) // 52.8% (58.7)",
        "fenwick": "49.6% (43.5) // 48.7% (43.8) // 50.2% (42.6) // 53.1% (44.1)",
        "shots": "49.3% (32.0) // 47.6% (31.7) // 48.8% (30.5) // 51.4% (30.5)",
        "scoring": "50.0% (30.7) // 49.0% (30.0) // 47.4% (26.4) // 51.8% (27.9)",
        "corsiAgainst": "48.9% (55.3) // 49.4% (57.4) // 49.0% (54.7) // 47.2% (52.5)",
        "fenwickAgainst": "50.4% (44.2) // 51.3% (46.2) // 49.8% (42.2) // 46.9% (38.9)",
        "shotsAgainst": "50.7% (33.0) // 52.4% (35.0) // 51.2% (32.0) // 48.6% (28.9)",
        "scoringAgainst": "50.0% (30.7) // 51.0% (31.2) // 52.6% (29.3) // 48.2% (25.9)",
        "oppCorsi": "51.5% (58.2) // 51.9% (58.2) // 55.1% (62.3) // 51.3% (59.0)",
        "oppFenwick": "52.0% (43.9) // 50.8% (42.7) // 53.8% (45.8) // 52.8% (47.3)",
        "oppShots": "52.7% (32.6) // 50.6% (31.4) // 53.7% (33.8) // 52.0% (34.7)",
        "oppScoring": "53.0% (32.2) // 53.3% (34.0) // 56.3% (35.0) // 51.6% (31.7)",
        "oppCorsiAgainst": "48.5% (54.7) // 48.1% (54.1) // 44.9% (50.8) // 48.7% (56.0)",
        "oppFenwickAgainst": "48.0% (40.6) // 49.2% (41.3) // 46.2% (39.3) // 47.2% (42.3)",
        "oppShotsAgainst": "47.3% (29.3) // 49.4% (30.6) // 46.3% (29.2) // 48.0% (32.0)",
        "oppScoringAgainst": "47.0% (28.6) // 46.7% (29.8) // 43.7% (27.2) // 48.4% (29.7)",
        "savesPerGame": 29.6,
        "savesPerGameLast1": 17.0,
        "savesPerGameLast3": 25.7,
        "savesPerGameLast5": 28.0,
        "savesPer60": 29.7,
        "savesPer60Last1": 17.0,
        "savesPer60Last3": 26.4,
        "savesPer60Last5": 28.7,
        "shotsPerGame": 32.3,
        "shotsPerGameLast5": 31.2,
        "shotsAgainstPerGame": 33.2,
        "shotsAgainstPerGameLast5": 32.8,
        "oppSavesAgainstPer60": 29.2,
        "oppSavesAgainstPer60Last1": 33.0,
        "oppSavesAgainstPer60Last3": 31.8,
        "oppSavesAgainstPer60Last5": 31.9,
        "oppShotsAgainstPerGame": 29.6,
        "oppShotsAgainstPerGameLast5": 30.6,
        "savesProj": 31.5,
        "savesProjLast5": 32.9,
        "savesProjLast3": 29.6,
        "oppSavesAgainstProj": 30.5,
        "oppSavesAgainstProjLast5": 31.6,
        "oppSavesAgainstProjLast3": 29.2,
        "totalOver": 46,
        "totalOverLast5": 40,
        "lastTotalOver": 42,
        "last5": "2,5,7,2,2,3,2,1,1,5",
        "overOdds": "+105",
        "underOdds": "-145",
        "overUnder": "+105 / -145"
    },
    {
        "player": "Tyler Bertuzzi",
        "team": "BOS",
        "opponent": "BUF",
        "propType": "sog",
        "line": 1.5,
        "ppLine": "PP2",
        "avg": 2.11,
        "hit": false,
        "diffAvg": 0.41,
        "diffAbs": 0.4,
        "lastAvg": 2.65,
        "diff": 0.77,
        "avgMin": 16,
        "proj": 2.1,
        "lastAvgMin": 19.87,
        "oppOver": 0,
        "teamOver": 0,
        "gameLine": "-190",
        "+/-": "+1",
        "L5_+/-": -3.0,
        "prevMatchup": "2022-11-30 4.0 sog",
        "winLossSplits": "2.23 - 1.9",
        "awayHome": "A",
        "playedYesterday": "Y",
        "awayHomeSplits": "2.3 - 1.88",
        "savesAboveExp": "-",
        "gsaa": "-",
        "corsi": "51.5% (58.2) // 51.9% (58.2) // 55.1% (62.3) // 51.3% (59.0)",
        "fenwick": "52.0% (43.9) // 50.8% (42.7) // 53.8% (45.8) // 52.8% (47.3)",
        "shots": "52.7% (32.6) // 50.6% (31.4) // 53.7% (33.8) // 52.0% (34.7)",
        "scoring": "53.0% (32.2) // 53.3% (34.0) // 56.3% (35.0) // 51.6% (31.7)",
        "corsiAgainst": "48.5% (54.7) // 48.1% (54.1) // 44.9% (50.8) // 48.7% (56.0)",
        "fenwickAgainst": "48.0% (40.6) // 49.2% (41.3) // 46.2% (39.3) // 47.2% (42.3)",
        "shotsAgainst": "47.3% (29.3) // 49.4% (30.6) // 46.3% (29.2) // 48.0% (32.0)",
        "scoringAgainst": "47.0% (28.6) // 46.7% (29.8) // 43.7% (27.2) // 48.4% (29.7)",
        "oppCorsi": "51.1% (57.8) // 50.6% (58.8) // 51.0% (57.1) // 52.8% (58.7)",
        "oppFenwick": "49.6% (43.5) // 48.7% (43.8) // 50.2% (42.6) // 53.1% (44.1)",
        "oppShots": "49.3% (32.0) // 47.6% (31.7) // 48.8% (30.5) // 51.4% (30.5)",
        "oppScoring": "50.0% (30.7) // 49.0% (30.0) // 47.4% (26.4) // 51.8% (27.9)",
        "oppCorsiAgainst": "48.9% (55.3) // 49.4% (57.4) // 49.0% (54.7) // 47.2% (52.5)",
        "oppFenwickAgainst": "50.4% (44.2) // 51.3% (46.2) // 49.8% (42.2) // 46.9% (38.9)",
        "oppShotsAgainst": "50.7% (33.0) // 52.4% (35.0) // 51.2% (32.0) // 48.6% (28.9)",
        "oppScoringAgainst": "50.0% (30.7) // 51.0% (31.2) // 52.6% (29.3) // 48.2% (25.9)",
        "savesPerGame": 27.5,
        "savesPerGameLast1": 29.0,
        "savesPerGameLast3": 29.3,
        "savesPerGameLast5": 27.6,
        "savesPer60": 27.6,
        "savesPer60Last1": 29.0,
        "savesPer60Last3": 29.2,
        "savesPer60Last5": 27.4,
        "shotsPerGame": 33.0,
        "shotsPerGameLast5": 35.0,
        "shotsAgainstPerGame": 29.6,
        "shotsAgainstPerGameLast5": 30.6,
        "oppSavesAgainstPer60": 28.7,
        "oppSavesAgainstPer60Last1": 36.0,
        "oppSavesAgainstPer60Last3": 27.8,
        "oppSavesAgainstPer60Last5": 28.1,
        "oppShotsAgainstPerGame": 33.2,
        "oppShotsAgainstPerGameLast5": 32.8,
        "savesProj": 26.7,
        "savesProjLast5": 26.0,
        "savesProjLast3": 27.5,
        "oppSavesAgainstProj": 27.6,
        "oppSavesAgainstProjLast5": 29.3,
        "oppSavesAgainstProjLast3": 30.4,
        "totalOver": 67,
        "totalOverLast5": 80,
        "lastTotalOver": 65,
        "last5": "3,4,2,1,3,0,1,0,4,5",
        "overOdds": "-190",
        "underOdds": "+145",
        "overUnder": "-190 / +145"
    },
    {
        "player": "Alex Ovechkin",
        "team": "WSH",
        "opponent": "MIN",
        "propType": "sog",
        "line": 3.5,
        "ppLine": "",
        "avg": 4.17,
        "hit": false,
        "diffAvg": 0.19,
        "diffAbs": 0.11,
        "lastAvg": 4.02,
        "diff": 0.15,
        "avgMin": 20,
        "proj": 3.9,
        "lastAvgMin": 20.57,
        "oppOver": 0,
        "teamOver": 0,
        "gameLine": "-155",
        "+/-": -10,
        "L5_+/-": -7.0,
        "prevMatchup": "2023-01-17 3.0 sog",
        "winLossSplits": "4.28 - 3.96",
        "awayHome": "A",
        "playedYesterday": "N",
        "awayHomeSplits": "4.21 - 4.13",
        "savesAboveExp": 0.594,
        "gsaa": 23.12,
        "corsi": "50.9% (59.5) // 49.0% (55.2) // 51.0% (56.5) // 56.5% (65.2)",
        "fenwick": "50.6% (43.5) // 47.7% (40.3) // 48.9% (39.3) // 53.3% (44.8)",
        "shots": "50.9% (31.0) // 49.1% (29.6) // 51.5% (29.6) // 55.0% (33.7)",
        "scoring": "50.8% (29.6) // 47.5% (27.6) // 48.1% (27.3) // 54.0% (30.5)",
        "corsiAgainst": "49.1% (57.5) // 51.0% (57.4) // 49.0% (54.2) // 43.5% (50.3)",
        "fenwickAgainst": "49.4% (42.5) // 52.3% (44.2) // 51.1% (41.0) // 46.7% (39.2)",
        "shotsAgainst": "49.1% (29.9) // 50.9% (30.6) // 48.5% (27.9) // 45.0% (27.6)",
        "scoringAgainst": "49.2% (28.7) // 52.5% (30.5) // 51.9% (29.4) // 46.0% (25.9)",
        "oppCorsi": "50.5% (57.8) // 50.2% (57.8) // 50.5% (56.5) // 48.7% (54.5)",
        "oppFenwick": "51.4% (43.6) // 52.0% (44.9) // 49.6% (42.8) // 48.1% (44.5)",
        "oppShots": "50.8% (30.8) // 50.8% (32.6) // 49.0% (31.7) // 47.1% (33.0)",
        "oppScoring": "51.2% (28.6) // 51.4% (29.6) // 49.6% (27.8) // 50.0% (27.5)",
        "oppCorsiAgainst": "49.5% (56.8) // 49.8% (57.4) // 49.5% (55.3) // 51.3% (57.5)",
        "oppFenwickAgainst": "48.6% (41.2) // 48.0% (41.5) // 50.4% (43.5) // 51.9% (48.0)",
        "oppShotsAgainst": "49.2% (29.8) // 49.2% (31.5) // 51.0% (32.9) // 52.9% (37.0)",
        "oppScoringAgainst": "48.8% (27.3) // 48.6% (27.9) // 50.4% (28.3) // 50.0% (27.5)",
        "savesPerGame": 27.2,
        "savesPerGameLast1": 17.0,
        "savesPerGameLast3": 23.7,
        "savesPerGameLast5": 25.2,
        "savesPer60": 27.2,
        "savesPer60Last1": 16.5,
        "savesPer60Last3": 23.7,
        "savesPer60Last5": 25.6,
        "shotsPerGame": 31.4,
        "shotsPerGameLast5": 30.6,
        "shotsAgainstPerGame": 30.2,
        "shotsAgainstPerGameLast5": 28.6,
        "oppSavesAgainstPer60": 28.8,
        "oppSavesAgainstPer60Last1": 28.8,
        "oppSavesAgainstPer60Last3": 29.3,
        "oppSavesAgainstPer60Last5": 26.5,
        "oppShotsAgainstPerGame": 30.4,
        "oppShotsAgainstPerGameLast5": 36.4,
        "savesProj": 27.7,
        "savesProjLast5": 23.6,
        "savesProjLast3": 24.3,
        "oppSavesAgainstProj": 27.7,
        "oppSavesAgainstProjLast5": 23.5,
        "oppSavesAgainstProjLast3": 24.8,
        "totalOver": 56,
        "totalOverLast5": 80,
        "lastTotalOver": 64,
        "last5": "4,5,4,2,4,4,3,7,2,5",
        "overOdds": "-150",
        "underOdds": "+110",
        "overUnder": "-150 / +110"
    },
    {
        "player": "Evgeny Kuznetsov",
        "team": "WSH",
        "opponent": "MIN",
        "propType": "sog",
        "line": 2.5,
        "ppLine": "",
        "avg": 2.26,
        "hit": false,
        "diffAvg": -0.1,
        "diffAbs": 0.16,
        "lastAvg": 2.39,
        "diff": -0.04,
        "avgMin": 18,
        "proj": 2.1,
        "lastAvgMin": 20.27,
        "oppOver": 0,
        "teamOver": 0,
        "gameLine": "-155",
        "+/-": -16,
        "L5_+/-": -4.0,
        "prevMatchup": "2023-01-17 1.0 sog",
        "winLossSplits": "2.02 - 2.34",
        "awayHome": "A",
        "playedYesterday": "N",
        "awayHomeSplits": "2.14 - 2.38",
        "savesAboveExp": 0.594,
        "gsaa": 23.12,
        "corsi": "50.9% (59.5) // 49.0% (55.2) // 51.0% (56.5) // 56.5% (65.2)",
        "fenwick": "50.6% (43.5) // 47.7% (40.3) // 48.9% (39.3) // 53.3% (44.8)",
        "shots": "50.9% (31.0) // 49.1% (29.6) // 51.5% (29.6) // 55.0% (33.7)",
        "scoring": "50.8% (29.6) // 47.5% (27.6) // 48.1% (27.3) // 54.0% (30.5)",
        "corsiAgainst": "49.1% (57.5) // 51.0% (57.4) // 49.0% (54.2) // 43.5% (50.3)",
        "fenwickAgainst": "49.4% (42.5) // 52.3% (44.2) // 51.1% (41.0) // 46.7% (39.2)",
        "shotsAgainst": "49.1% (29.9) // 50.9% (30.6) // 48.5% (27.9) // 45.0% (27.6)",
        "scoringAgainst": "49.2% (28.7) // 52.5% (30.5) // 51.9% (29.4) // 46.0% (25.9)",
        "oppCorsi": "50.5% (57.8) // 50.2% (57.8) // 50.5% (56.5) // 48.7% (54.5)",
        "oppFenwick": "51.4% (43.6) // 52.0% (44.9) // 49.6% (42.8) // 48.1% (44.5)",
        "oppShots": "50.8% (30.8) // 50.8% (32.6) // 49.0% (31.7) // 47.1% (33.0)",
        "oppScoring": "51.2% (28.6) // 51.4% (29.6) // 49.6% (27.8) // 50.0% (27.5)",
        "oppCorsiAgainst": "49.5% (56.8) // 49.8% (57.4) // 49.5% (55.3) // 51.3% (57.5)",
        "oppFenwickAgainst": "48.6% (41.2) // 48.0% (41.5) // 50.4% (43.5) // 51.9% (48.0)",
        "oppShotsAgainst": "49.2% (29.8) // 49.2% (31.5) // 51.0% (32.9) // 52.9% (37.0)",
        "oppScoringAgainst": "48.8% (27.3) // 48.6% (27.9) // 50.4% (28.3) // 50.0% (27.5)",
        "savesPerGame": 27.2,
        "savesPerGameLast1": 17.0,
        "savesPerGameLast3": 23.7,
        "savesPerGameLast5": 25.2,
        "savesPer60": 27.2,
        "savesPer60Last1": 16.5,
        "savesPer60Last3": 23.7,
        "savesPer60Last5": 25.6,
        "shotsPerGame": 31.4,
        "shotsPerGameLast5": 30.6,
        "shotsAgainstPerGame": 30.2,
        "shotsAgainstPerGameLast5": 28.6,
        "oppSavesAgainstPer60": 28.8,
        "oppSavesAgainstPer60Last1": 28.8,
        "oppSavesAgainstPer60Last3": 29.3,
        "oppSavesAgainstPer60Last5": 26.5,
        "oppShotsAgainstPerGame": 30.4,
        "oppShotsAgainstPerGameLast5": 36.4,
        "savesProj": 27.7,
        "savesProjLast5": 23.6,
        "savesProjLast3": 24.3,
        "oppSavesAgainstProj": 27.7,
        "oppSavesAgainstProjLast5": 23.5,
        "oppSavesAgainstProjLast3": 24.8,
        "totalOver": 39,
        "totalOverLast5": 40,
        "lastTotalOver": 46,
        "last5": "3,4,0,2,2,2,2,2,2,4",
        "overOdds": "+135",
        "underOdds": "-175",
        "overUnder": "+135 / -175"
    },
    {
        "player": "Joel Eriksson Ek",
        "team": "MIN",
        "opponent": "WSH",
        "propType": "sog",
        "line": 2.5,
        "ppLine": "PP1",
        "avg": 3.22,
        "hit": false,
        "diffAvg": 0.29,
        "diffAbs": 0.08,
        "lastAvg": 2.69,
        "diff": 0.08,
        "avgMin": 19,
        "proj": 2.7,
        "lastAvgMin": 18.57,
        "oppOver": 0,
        "teamOver": 0,
        "gameLine": "+135",
        "+/-": -3,
        "L5_+/-": "+4.0",
        "prevMatchup": "2023-01-17 2.0 sog",
        "winLossSplits": "3.09 - 3.39",
        "awayHome": "H",
        "playedYesterday": "Y",
        "awayHomeSplits": "3.15 - 3.29",
        "savesAboveExp": "-",
        "gsaa": "-",
        "corsi": "50.5% (57.8) // 50.2% (57.8) // 50.5% (56.5) // 48.7% (54.5)",
        "fenwick": "51.4% (43.6) // 52.0% (44.9) // 49.6% (42.8) // 48.1% (44.5)",
        "shots": "50.8% (30.8) // 50.8% (32.6) // 49.0% (31.7) // 47.1% (33.0)",
        "scoring": "51.2% (28.6) // 51.4% (29.6) // 49.6% (27.8) // 50.0% (27.5)",
