[
    {
        "player": "Anders Lee",
        "team": "NYI",
        "opponent": "CBJ",
        "propType": "ast",
        "line": 0.5,
        "ppLine": "PP1",
        "avg": 0.29,
        "hit": false,
        "diffAvg": -0.42,
        "diffAbs": 0.6,
        "lastAvg": 0.24,
        "diff": -0.52,
        "avgMin": 17,
        "proj": 0.2,
        "lastAvgMin": 16.62,
        "oppOver": 0,
        "teamOver": 0,
        "gameLine": "-240",
        "+/-": "+2",
        "L5_+/-": -3.0,
        "prevMatchup": "2022-12-29 0.0 ast, 2022-11-25 0.0 ast, 2022-11-12 1.0 ast",
        "winLossSplits": "0.38 - 0.19",
        "awayHome": "A",
        "playedYesterday": "N",
        "awayHomeSplits": "0.19 - 0.39",
        "savesAboveExp": "-",
        "gsaa": "-",
        "corsi": "49.0% (57.7) // 50.8% (57.0) // 49.5% (55.5) // 47.3% (52.5)",
        "fenwick": "48.9% (42.1) // 52.3% (42.4) // 49.2% (40.0) // 50.9% (41.0)",
        "shots": "49.3% (30.2) // 52.4% (30.5) // 51.2% (30.7) // 52.1% (31.0)",
        "scoring": "49.6% (30.2) // 51.6% (28.8) // 49.6% (28.2) // 45.0% (24.5)",
        "corsiAgainst": "51.0% (60.1) // 49.2% (55.2) // 50.5% (56.5) // 52.7% (58.5)",
        "fenwickAgainst": "51.1% (44.0) // 47.7% (38.6) // 50.8% (41.2) // 49.1% (39.5)",
        "shotsAgainst": "50.7% (31.0) // 47.6% (27.8) // 48.8% (29.2) // 47.9% (28.5)",
        "scoringAgainst": "50.4% (30.7) // 48.4% (27.0) // 50.4% (28.8) // 55.0% (30.0)",
        "oppCorsi": "46.1% (55.8) // 47.0% (60.1) // 50.8% (66.1) // 48.5% (61.1)",
        "oppFenwick": "46.0% (41.6) // 47.1% (45.7) // 50.3% (49.1) // 47.1% (44.0)",
        "oppShots": "45.9% (29.6) // 48.0% (33.7) // 51.6% (38.3) // 49.4% (37.2)",
        "oppScoring": "45.3% (27.2) // 45.6% (31.3) // 48.6% (35.2) // 48.9% (32.3)",
        "oppCorsiAgainst": "53.9% (65.2) // 53.0% (67.9) // 49.2% (64.1) // 51.5% (65.0)",
        "oppFenwickAgainst": "54.0% (48.7) // 52.9% (51.2) // 49.7% (48.5) // 52.9% (49.4)",
        "oppShotsAgainst": "54.1% (34.9) // 52.0% (36.4) // 48.4% (36.0) // 50.6% (38.1)",
        "oppScoringAgainst": "54.7% (32.9) // 54.4% (37.4) // 51.4% (37.1) // 51.1% (33.7)",
        "savesPerGame": 28.7,
        "savesPerGameLast1": 25.0,
        "savesPerGameLast3": 24.7,
        "savesPerGameLast5": 25.6,
        "savesPer60": 28.7,
        "savesPer60Last1": 24.9,
        "savesPer60Last3": 24.6,
        "savesPer60Last5": 25.4,
        "shotsPerGame": 30.5,
        "shotsPerGameLast5": 28.2,
        "shotsAgainstPerGame": 31.3,
        "shotsAgainstPerGameLast5": 28.8,
        "oppSavesAgainstPer60": 27.2,
        "oppSavesAgainstPer60Last1": 31.9,
        "oppSavesAgainstPer60Last3": 35.4,
        "oppSavesAgainstPer60Last5": 35.3,
        "oppShotsAgainstPerGame": 35.2,
        "oppShotsAgainstPerGameLast5": 36.8,
        "savesProj": 24.9,
        "savesProjLast5": 28.6,
        "savesProjLast3": 27.5,
        "oppSavesAgainstProj": 27.5,
        "oppSavesAgainstProjLast5": 32.4,
        "oppSavesAgainstProjLast3": 32.2,
        "totalOver": 25,
        "totalOverLast5": 20,
        "totalOverLast15": 20,
        "lastTotalOver": 19,
        "last5": "1,0,0,0,0,0,0,0,0,0",
        "overOdds": "+185",
        "underOdds": "-230",
        "overUnder": "+185 / -230"
    },
    {
        "player": "Bo Horvat",
        "team": "NYI",
        "opponent": "CBJ",
        "propType": "ast",
        "line": 0.5,
        "ppLine": "PP1",
        "avg": 0.2,
        "hit": false,
        "diffAvg": -0.6,
        "diffAbs": 1.0,
        "lastAvg": 0,
        "diff": 0,
        "avgMin": 21,
        "proj": 0.0,
        "lastAvgMin": 0,
        "oppOver": 0,
        "teamOver": 0,
        "gameLine": "-240",
        "+/-": -1,
        "L5_+/-": -4.0,
        "prevMatchup": "",
        "winLossSplits": "0.25 - 0.12",
        "awayHome": "A",
        "playedYesterday": "N",
        "awayHomeSplits": "0.2 - 0.2",
        "savesAboveExp": "-",
        "gsaa": "-",
        "corsi": "49.0% (57.7) // 50.8% (57.0) // 49.5% (55.5) // 47.3% (52.5)",
        "fenwick": "48.9% (42.1) // 52.3% (42.4) // 49.2% (40.0) // 50.9% (41.0)",
        "shots": "49.3% (30.2) // 52.4% (30.5) // 51.2% (30.7) // 52.1% (31.0)",
        "scoring": "49.6% (30.2) // 51.6% (28.8) // 49.6% (28.2) // 45.0% (24.5)",
        "corsiAgainst": "51.0% (60.1) // 49.2% (55.2) // 50.5% (56.5) // 52.7% (58.5)",
        "fenwickAgainst": "51.1% (44.0) // 47.7% (38.6) // 50.8% (41.2) // 49.1% (39.5)",
        "shotsAgainst": "50.7% (31.0) // 47.6% (27.8) // 48.8% (29.2) // 47.9% (28.5)",
        "scoringAgainst": "50.4% (30.7) // 48.4% (27.0) // 50.4% (28.8) // 55.0% (30.0)",
        "oppCorsi": "46.1% (55.8) // 47.0% (60.1) // 50.8% (66.1) // 48.5% (61.1)",
        "oppFenwick": "46.0% (41.6) // 47.1% (45.7) // 50.3% (49.1) // 47.1% (44.0)",
        "oppShots": "45.9% (29.6) // 48.0% (33.7) // 51.6% (38.3) // 49.4% (37.2)",
        "oppScoring": "45.3% (27.2) // 45.6% (31.3) // 48.6% (35.2) // 48.9% (32.3)",
        "oppCorsiAgainst": "53.9% (65.2) // 53.0% (67.9) // 49.2% (64.1) // 51.5% (65.0)",
        "oppFenwickAgainst": "54.0% (48.7) // 52.9% (51.2) // 49.7% (48.5) // 52.9% (49.4)",
        "oppShotsAgainst": "54.1% (34.9) // 52.0% (36.4) // 48.4% (36.0) // 50.6% (38.1)",
        "oppScoringAgainst": "54.7% (32.9) // 54.4% (37.4) // 51.4% (37.1) // 51.1% (33.7)",
        "savesPerGame": 28.7,
        "savesPerGameLast1": 25.0,
        "savesPerGameLast3": 24.7,
        "savesPerGameLast5": 25.6,
        "savesPer60": 28.7,
        "savesPer60Last1": 24.9,
        "savesPer60Last3": 24.6,
        "savesPer60Last5": 25.4,
        "shotsPerGame": 30.5,
        "shotsPerGameLast5": 28.2,
        "shotsAgainstPerGame": 31.3,
        "shotsAgainstPerGameLast5": 28.8,
        "oppSavesAgainstPer60": 27.2,
        "oppSavesAgainstPer60Last1": 31.9,
        "oppSavesAgainstPer60Last3": 35.4,
        "oppSavesAgainstPer60Last5": 35.3,
        "oppShotsAgainstPerGame": 35.2,
        "oppShotsAgainstPerGameLast5": 36.8,
        "savesProj": 24.9,
        "savesProjLast5": 28.6,
        "savesProjLast3": 27.5,
        "oppSavesAgainstProj": 27.5,
        "oppSavesAgainstProjLast5": 32.4,
        "oppSavesAgainstProjLast3": 32.2,
        "totalOver": 20,
        "totalOverLast5": 0,
        "totalOverLast15": 20,
        "lastTotalOver": 0,
        "last5": "0,0,0,0,0,1,0,0,0,0",
        "overOdds": "+130",
        "underOdds": "-160",
        "overUnder": "+130 / -160"
    },
    {
        "player": "Boone Jenner",
        "team": "CBJ",
        "opponent": "NYI",
        "propType": "ast",
        "line": 0.5,
        "ppLine": "PP1",
        "avg": 0.29,
        "hit": false,
        "diffAvg": -0.42,
        "diffAbs": 0.4,
        "lastAvg": 0.36,
        "diff": -0.28,
        "avgMin": 20,
        "proj": 0.3,
        "lastAvgMin": 20.45,
        "oppOver": 0,
        "teamOver": 0,
        "gameLine": "+200",
        "+/-": -23,
        "L5_+/-": -12.0,
        "prevMatchup": "2022-11-25 0.0 ast, 2022-11-12 0.0 ast",
        "winLossSplits": "0.37 - 0.23",
        "awayHome": "H",
        "playedYesterday": "N",
        "awayHomeSplits": "0.21 - 0.37",
        "savesAboveExp": 0.704,
        "gsaa": 32.07,
        "corsi": "46.1% (55.8) // 47.0% (60.1) // 50.8% (66.1) // 48.5% (61.1)",
        "fenwick": "46.0% (41.6) // 47.1% (45.7) // 50.3% (49.1) // 47.1% (44.0)",
        "shots": "45.9% (29.6) // 48.0% (33.7) // 51.6% (38.3) // 49.4% (37.2)",
        "scoring": "45.3% (27.2) // 45.6% (31.3) // 48.6% (35.2) // 48.9% (32.3)",
        "corsiAgainst": "53.9% (65.2) // 53.0% (67.9) // 49.2% (64.1) // 51.5% (65.0)",
        "fenwickAgainst": "54.0% (48.7) // 52.9% (51.2) // 49.7% (48.5) // 52.9% (49.4)",
        "shotsAgainst": "54.1% (34.9) // 52.0% (36.4) // 48.4% (36.0) // 50.6% (38.1)",
        "scoringAgainst": "54.7% (32.9) // 54.4% (37.4) // 51.4% (37.1) // 51.1% (33.7)",
        "oppCorsi": "49.0% (57.7) // 50.8% (57.0) // 49.5% (55.5) // 47.3% (52.5)",
        "oppFenwick": "48.9% (42.1) // 52.3% (42.4) // 49.2% (40.0) // 50.9% (41.0)",
        "oppShots": "49.3% (30.2) // 52.4% (30.5) // 51.2% (30.7) // 52.1% (31.0)",
        "oppScoring": "49.6% (30.2) // 51.6% (28.8) // 49.6% (28.2) // 45.0% (24.5)",
        "oppCorsiAgainst": "51.0% (60.1) // 49.2% (55.2) // 50.5% (56.5) // 52.7% (58.5)",
        "oppFenwickAgainst": "51.1% (44.0) // 47.7% (38.6) // 50.8% (41.2) // 49.1% (39.5)",
        "oppShotsAgainst": "50.7% (31.0) // 47.6% (27.8) // 48.8% (29.2) // 47.9% (28.5)",
        "oppScoringAgainst": "50.4% (30.7) // 48.4% (27.0) // 50.4% (28.8) // 55.0% (30.0)",
        "savesPerGame": 31.4,
        "savesPerGameLast1": 31.0,
        "savesPerGameLast3": 32.0,
        "savesPerGameLast5": 31.0,
        "savesPer60": 31.3,
        "savesPer60Last1": 32.1,
        "savesPer60Last3": 32.0,
        "savesPer60Last5": 31.4,
        "shotsPerGame": 29.9,
        "shotsPerGameLast5": 39.2,
        "shotsAgainstPerGame": 35.2,
        "shotsAgainstPerGameLast5": 36.8,
        "oppSavesAgainstPer60": 27.5,
        "oppSavesAgainstPer60Last1": 22.0,
        "oppSavesAgainstPer60Last3": 26.0,
        "oppSavesAgainstPer60Last5": 24.2,
        "oppShotsAgainstPerGame": 31.3,
        "oppShotsAgainstPerGameLast5": 28.8,
        "savesProj": 30.0,
        "savesProjLast5": 26.7,
        "savesProjLast3": 29.0,
        "oppSavesAgainstProj": 30.5,
        "oppSavesAgainstProjLast5": 26.9,
        "oppSavesAgainstProjLast3": 30.0,
        "totalOver": 25,
        "totalOverLast5": 0,
        "totalOverLast15": 20,
        "lastTotalOver": 27,
        "last5": "0,0,0,0,0,0,0,0,0,1",
        "overOdds": "+170",
        "underOdds": "-210",
        "overUnder": "+170 / -210"
    },
    {
        "player": "Johnny Gaudreau",
        "team": "CBJ",
        "opponent": "NYI",
        "propType": "ast",
        "line": 0.5,
        "ppLine": "PP1",
        "avg": 0.71,
        "hit": false,
        "diffAvg": 0.42,
        "diffAbs": 0.6,
        "lastAvg": 0.79,
        "diff": 0.58,
        "avgMin": 19,
        "proj": 0.8,
        "lastAvgMin": 18.57,
        "oppOver": 0,
        "teamOver": 0,
        "gameLine": "+200",
        "+/-": -26,
        "L5_+/-": -7.0,
        "prevMatchup": "2022-12-29 1.0 ast, 2022-11-25 2.0 ast, 2022-11-12 0.0 ast",
        "winLossSplits": "1.26 - 0.43",
        "awayHome": "H",
        "playedYesterday": "N",
        "awayHomeSplits": "0.67 - 0.74",
        "savesAboveExp": 0.704,
        "gsaa": 32.07,
        "corsi": "46.1% (55.8) // 47.0% (60.1) // 50.8% (66.1) // 48.5% (61.1)",
        "fenwick": "46.0% (41.6) // 47.1% (45.7) // 50.3% (49.1) // 47.1% (44.0)",
        "shots": "45.9% (29.6) // 48.0% (33.7) // 51.6% (38.3) // 49.4% (37.2)",
        "scoring": "45.3% (27.2) // 45.6% (31.3) // 48.6% (35.2) // 48.9% (32.3)",
        "corsiAgainst": "53.9% (65.2) // 53.0% (67.9) // 49.2% (64.1) // 51.5% (65.0)",
        "fenwickAgainst": "54.0% (48.7) // 52.9% (51.2) // 49.7% (48.5) // 52.9% (49.4)",
        "shotsAgainst": "54.1% (34.9) // 52.0% (36.4) // 48.4% (36.0) // 50.6% (38.1)",
        "scoringAgainst": "54.7% (32.9) // 54.4% (37.4) // 51.4% (37.1) // 51.1% (33.7)",
        "oppCorsi": "49.0% (57.7) // 50.8% (57.0) // 49.5% (55.5) // 47.3% (52.5)",
        "oppFenwick": "48.9% (42.1) // 52.3% (42.4) // 49.2% (40.0) // 50.9% (41.0)",
        "oppShots": "49.3% (30.2) // 52.4% (30.5) // 51.2% (30.7) // 52.1% (31.0)",
        "oppScoring": "49.6% (30.2) // 51.6% (28.8) // 49.6% (28.2) // 45.0% (24.5)",
        "oppCorsiAgainst": "51.0% (60.1) // 49.2% (55.2) // 50.5% (56.5) // 52.7% (58.5)",
        "oppFenwickAgainst": "51.1% (44.0) // 47.7% (38.6) // 50.8% (41.2) // 49.1% (39.5)",
        "oppShotsAgainst": "50.7% (31.0) // 47.6% (27.8) // 48.8% (29.2) // 47.9% (28.5)",
        "oppScoringAgainst": "50.4% (30.7) // 48.4% (27.0) // 50.4% (28.8) // 55.0% (30.0)",
        "savesPerGame": 31.4,
        "savesPerGameLast1": 31.0,
        "savesPerGameLast3": 32.0,
        "savesPerGameLast5": 31.0,
        "savesPer60": 31.3,
        "savesPer60Last1": 32.1,
        "savesPer60Last3": 32.0,
        "savesPer60Last5": 31.4,
        "shotsPerGame": 29.9,
        "shotsPerGameLast5": 39.2,
        "shotsAgainstPerGame": 35.2,
        "shotsAgainstPerGameLast5": 36.8,
        "oppSavesAgainstPer60": 27.5,
        "oppSavesAgainstPer60Last1": 22.0,
        "oppSavesAgainstPer60Last3": 26.0,
        "oppSavesAgainstPer60Last5": 24.2,
        "oppShotsAgainstPerGame": 31.3,
        "oppShotsAgainstPerGameLast5": 28.8,
        "savesProj": 30.0,
        "savesProjLast5": 26.7,
        "savesProjLast3": 29.0,
        "oppSavesAgainstProj": 30.5,
        "oppSavesAgainstProjLast5": 26.9,
        "oppSavesAgainstProjLast3": 30.0,
        "totalOver": 49,
        "totalOverLast5": 60,
        "totalOverLast15": 47,
        "lastTotalOver": 62,
        "last5": "2,0,1,0,3,2,0,0,1,0",
        "overOdds": "-115",
        "underOdds": "-115",
        "overUnder": "-115 / -115"
    },
    {
        "player": "Kirill Marchenko",
        "team": "CBJ",
        "opponent": "NYI",
        "propType": "ast",
        "line": 0.5,
        "ppLine": "PP1",
        "avg": 0.06,
        "hit": false,
        "diffAvg": -0.88,
        "diffAbs": 1.0,
        "lastAvg": 0,
        "diff": 0,
        "avgMin": 15,
        "proj": 0.0,
        "lastAvgMin": 0,
        "oppOver": 0,
        "teamOver": 0,
        "gameLine": "+200",
        "+/-": -12,
        "L5_+/-": -7.0,
        "prevMatchup": "2022-12-29 0.0 ast",
        "winLossSplits": "0.06 - 0.05",
        "awayHome": "H",
        "playedYesterday": "N",
        "awayHomeSplits": "0.11 - 0.0",
        "savesAboveExp": 0.704,
        "gsaa": 32.07,
        "corsi": "46.1% (55.8) // 47.0% (60.1) // 50.8% (66.1) // 48.5% (61.1)",
        "fenwick": "46.0% (41.6) // 47.1% (45.7) // 50.3% (49.1) // 47.1% (44.0)",
        "shots": "45.9% (29.6) // 48.0% (33.7) // 51.6% (38.3) // 49.4% (37.2)",
        "scoring": "45.3% (27.2) // 45.6% (31.3) // 48.6% (35.2) // 48.9% (32.3)",
        "corsiAgainst": "53.9% (65.2) // 53.0% (67.9) // 49.2% (64.1) // 51.5% (65.0)",
        "fenwickAgainst": "54.0% (48.7) // 52.9% (51.2) // 49.7% (48.5) // 52.9% (49.4)",
        "shotsAgainst": "54.1% (34.9) // 52.0% (36.4) // 48.4% (36.0) // 50.6% (38.1)",
        "scoringAgainst": "54.7% (32.9) // 54.4% (37.4) // 51.4% (37.1) // 51.1% (33.7)",
        "oppCorsi": "49.0% (57.7) // 50.8% (57.0) // 49.5% (55.5) // 47.3% (52.5)",
        "oppFenwick": "48.9% (42.1) // 52.3% (42.4) // 49.2% (40.0) // 50.9% (41.0)",
        "oppShots": "49.3% (30.2) // 52.4% (30.5) // 51.2% (30.7) // 52.1% (31.0)",
        "oppScoring": "49.6% (30.2) // 51.6% (28.8) // 49.6% (28.2) // 45.0% (24.5)",
        "oppCorsiAgainst": "51.0% (60.1) // 49.2% (55.2) // 50.5% (56.5) // 52.7% (58.5)",
        "oppFenwickAgainst": "51.1% (44.0) // 47.7% (38.6) // 50.8% (41.2) // 49.1% (39.5)",
        "oppShotsAgainst": "50.7% (31.0) // 47.6% (27.8) // 48.8% (29.2) // 47.9% (28.5)",
        "oppScoringAgainst": "50.4% (30.7) // 48.4% (27.0) // 50.4% (28.8) // 55.0% (30.0)",
        "savesPerGame": 31.4,
        "savesPerGameLast1": 31.0,
        "savesPerGameLast3": 32.0,
        "savesPerGameLast5": 31.0,
        "savesPer60": 31.3,
        "savesPer60Last1": 32.1,
        "savesPer60Last3": 32.0,
        "savesPer60Last5": 31.4,
        "shotsPerGame": 29.9,
        "shotsPerGameLast5": 39.2,
        "shotsAgainstPerGame": 35.2,
        "shotsAgainstPerGameLast5": 36.8,
        "oppSavesAgainstPer60": 27.5,
        "oppSavesAgainstPer60Last1": 22.0,
        "oppSavesAgainstPer60Last3": 26.0,
        "oppSavesAgainstPer60Last5": 24.2,
        "oppShotsAgainstPerGame": 31.3,
        "oppShotsAgainstPerGameLast5": 28.8,
        "savesProj": 30.0,
        "savesProjLast5": 26.7,
        "savesProjLast3": 29.0,
        "oppSavesAgainstProj": 30.5,
        "oppSavesAgainstProjLast5": 26.9,
        "oppSavesAgainstProjLast3": 30.0,
        "totalOver": 6,
        "totalOverLast5": 20,
        "totalOverLast15": 13,
        "lastTotalOver": 0,
        "last5": "0,1,0,0,0,0,0,1,0,0",
        "overOdds": "+275",
        "underOdds": "-355",
        "overUnder": "+275 / -355"
    },
    {
        "player": "Kyle Palmieri",
        "team": "NYI",
        "opponent": "CBJ",
        "propType": "ast",
        "line": 0.5,
        "ppLine": "PP1",
        "avg": 0.31,
        "hit": false,
        "diffAvg": -0.38,
        "diffAbs": 0.4,
        "lastAvg": 0.26,
        "diff": -0.48,
        "avgMin": 17,
        "proj": 0.3,
        "lastAvgMin": 15.62,
        "oppOver": 0,
        "teamOver": 0,
        "gameLine": "-240",
        "+/-": "+8",
        "L5_+/-": "+1.0",
        "prevMatchup": "2022-11-12 0.0 ast",
        "winLossSplits": "0.4 - 0.16",
        "awayHome": "A",
        "playedYesterday": "N",
        "awayHomeSplits": "0.33 - 0.29",
        "savesAboveExp": "-",
        "gsaa": "-",
        "corsi": "49.0% (57.7) // 50.8% (57.0) // 49.5% (55.5) // 47.3% (52.5)",
        "fenwick": "48.9% (42.1) // 52.3% (42.4) // 49.2% (40.0) // 50.9% (41.0)",
        "shots": "49.3% (30.2) // 52.4% (30.5) // 51.2% (30.7) // 52.1% (31.0)",
        "scoring": "49.6% (30.2) // 51.6% (28.8) // 49.6% (28.2) // 45.0% (24.5)",
        "corsiAgainst": "51.0% (60.1) // 49.2% (55.2) // 50.5% (56.5) // 52.7% (58.5)",
        "fenwickAgainst": "51.1% (44.0) // 47.7% (38.6) // 50.8% (41.2) // 49.1% (39.5)",
        "shotsAgainst": "50.7% (31.0) // 47.6% (27.8) // 48.8% (29.2) // 47.9% (28.5)",
        "scoringAgainst": "50.4% (30.7) // 48.4% (27.0) // 50.4% (28.8) // 55.0% (30.0)",
        "oppCorsi": "46.1% (55.8) // 47.0% (60.1) // 50.8% (66.1) // 48.5% (61.1)",
        "oppFenwick": "46.0% (41.6) // 47.1% (45.7) // 50.3% (49.1) // 47.1% (44.0)",
        "oppShots": "45.9% (29.6) // 48.0% (33.7) // 51.6% (38.3) // 49.4% (37.2)",
        "oppScoring": "45.3% (27.2) // 45.6% (31.3) // 48.6% (35.2) // 48.9% (32.3)",
        "oppCorsiAgainst": "53.9% (65.2) // 53.0% (67.9) // 49.2% (64.1) // 51.5% (65.0)",
        "oppFenwickAgainst": "54.0% (48.7) // 52.9% (51.2) // 49.7% (48.5) // 52.9% (49.4)",
        "oppShotsAgainst": "54.1% (34.9) // 52.0% (36.4) // 48.4% (36.0) // 50.6% (38.1)",
        "oppScoringAgainst": "54.7% (32.9) // 54.4% (37.4) // 51.4% (37.1) // 51.1% (33.7)",
        "savesPerGame": 28.7,
        "savesPerGameLast1": 25.0,
        "savesPerGameLast3": 24.7,
        "savesPerGameLast5": 25.6,
        "savesPer60": 28.7,
        "savesPer60Last1": 24.9,
        "savesPer60Last3": 24.6,
        "savesPer60Last5": 25.4,
        "shotsPerGame": 30.5,
        "shotsPerGameLast5": 28.2,
        "shotsAgainstPerGame": 31.3,
        "shotsAgainstPerGameLast5": 28.8,
        "oppSavesAgainstPer60": 27.2,
        "oppSavesAgainstPer60Last1": 31.9,
        "oppSavesAgainstPer60Last3": 35.4,
        "oppSavesAgainstPer60Last5": 35.3,
        "oppShotsAgainstPerGame": 35.2,
        "oppShotsAgainstPerGameLast5": 36.8,
        "savesProj": 24.9,
        "savesProjLast5": 28.6,
        "savesProjLast3": 27.5,
        "oppSavesAgainstProj": 27.5,
        "oppSavesAgainstProjLast5": 32.4,
        "oppSavesAgainstProjLast3": 32.2,
        "totalOver": 24,
        "totalOverLast5": 20,
        "totalOverLast15": 20,
        "lastTotalOver": 24,
        "last5": "0,0,3,0,0,1,0,1,0,0",
        "overOdds": "+210",
        "underOdds": "-265",
        "overUnder": "+210 / -265"
    },
    {
        "player": "Noah Dobson",
        "team": "NYI",
        "opponent": "CBJ",
        "propType": "ast",
        "line": 0.5,
        "ppLine": "PP1",
        "avg": 0.43,
        "hit": false,
        "diffAvg": -0.14,
        "diffAbs": 0.0,
        "lastAvg": 0.49,
        "diff": -0.02,
        "avgMin": 20,
        "proj": 0.5,
        "lastAvgMin": 21.45,
        "oppOver": 0,
        "teamOver": 0,
        "gameLine": "-240",
        "+/-": "+2",
        "L5_+/-": "+3.0",
        "prevMatchup": "2022-12-29 0.0 ast, 2022-11-25 1.0 ast, 2022-11-12 0.0 ast",
        "winLossSplits": "0.54 - 0.31",
        "awayHome": "A",
        "playedYesterday": "N",
        "awayHomeSplits": "0.47 - 0.38",
        "savesAboveExp": "-",
        "gsaa": "-",
        "corsi": "49.0% (57.7) // 50.8% (57.0) // 49.5% (55.5) // 47.3% (52.5)",
        "fenwick": "48.9% (42.1) // 52.3% (42.4) // 49.2% (40.0) // 50.9% (41.0)",
        "shots": "49.3% (30.2) // 52.4% (30.5) // 51.2% (30.7) // 52.1% (31.0)",
        "scoring": "49.6% (30.2) // 51.6% (28.8) // 49.6% (28.2) // 45.0% (24.5)",
        "corsiAgainst": "51.0% (60.1) // 49.2% (55.2) // 50.5% (56.5) // 52.7% (58.5)",
        "fenwickAgainst": "51.1% (44.0) // 47.7% (38.6) // 50.8% (41.2) // 49.1% (39.5)",
        "shotsAgainst": "50.7% (31.0) // 47.6% (27.8) // 48.8% (29.2) // 47.9% (28.5)",
        "scoringAgainst": "50.4% (30.7) // 48.4% (27.0) // 50.4% (28.8) // 55.0% (30.0)",
        "oppCorsi": "46.1% (55.8) // 47.0% (60.1) // 50.8% (66.1) // 48.5% (61.1)",
        "oppFenwick": "46.0% (41.6) // 47.1% (45.7) // 50.3% (49.1) // 47.1% (44.0)",
        "oppShots": "45.9% (29.6) // 48.0% (33.7) // 51.6% (38.3) // 49.4% (37.2)",
        "oppScoring": "45.3% (27.2) // 45.6% (31.3) // 48.6% (35.2) // 48.9% (32.3)",
        "oppCorsiAgainst": "53.9% (65.2) // 53.0% (67.9) // 49.2% (64.1) // 51.5% (65.0)",
        "oppFenwickAgainst": "54.0% (48.7) // 52.9% (51.2) // 49.7% (48.5) // 52.9% (49.4)",
        "oppShotsAgainst": "54.1% (34.9) // 52.0% (36.4) // 48.4% (36.0) // 50.6% (38.1)",
        "oppScoringAgainst": "54.7% (32.9) // 54.4% (37.4) // 51.4% (37.1) // 51.1% (33.7)",
        "savesPerGame": 28.7,
        "savesPerGameLast1": 25.0,
        "savesPerGameLast3": 24.7,
        "savesPerGameLast5": 25.6,
        "savesPer60": 28.7,
        "savesPer60Last1": 24.9,
        "savesPer60Last3": 24.6,
        "savesPer60Last5": 25.4,
        "shotsPerGame": 30.5,
        "shotsPerGameLast5": 28.2,
        "shotsAgainstPerGame": 31.3,
        "shotsAgainstPerGameLast5": 28.8,
        "oppSavesAgainstPer60": 27.2,
        "oppSavesAgainstPer60Last1": 31.9,
        "oppSavesAgainstPer60Last3": 35.4,
        "oppSavesAgainstPer60Last5": 35.3,
        "oppShotsAgainstPerGame": 35.2,
        "oppShotsAgainstPerGameLast5": 36.8,
        "savesProj": 24.9,
        "savesProjLast5": 28.6,
        "savesProjLast3": 27.5,
        "oppSavesAgainstProj": 27.5,
        "oppSavesAgainstProjLast5": 32.4,
        "oppSavesAgainstProjLast3": 32.2,
        "totalOver": 38,
        "totalOverLast5": 60,
        "totalOverLast15": 40,
        "lastTotalOver": 41,
        "last5": "1,1,1,0,0,1,0,1,0,0",
        "overOdds": "+135",
        "underOdds": "-165",
        "overUnder": "+135 / -165"
    },
    {
        "player": "Patrik Laine",
        "team": "CBJ",
        "opponent": "NYI",
        "propType": "ast",
        "line": 0.5,
        "ppLine": "",
        "avg": 0.55,
        "hit": false,
        "diffAvg": 0.1,
        "diffAbs": 0.0,
        "lastAvg": 0.54,
        "diff": 0.08,
        "avgMin": 19,
        "proj": 0.5,
        "lastAvgMin": 18.82,
        "oppOver": 0,
        "teamOver": 0,
        "gameLine": "+200",
        "+/-": -12,
        "L5_+/-": 0.0,
        "prevMatchup": "2022-11-12 0.0 ast",
        "winLossSplits": "0.86 - 0.42",
        "awayHome": "H",
        "playedYesterday": "N",
        "awayHomeSplits": "0.56 - 0.52",
        "savesAboveExp": 0.704,
        "gsaa": 32.07,
        "corsi": "46.1% (55.8) // 47.0% (60.1) // 50.8% (66.1) // 48.5% (61.1)",
        "fenwick": "46.0% (41.6) // 47.1% (45.7) // 50.3% (49.1) // 47.1% (44.0)",
        "shots": "45.9% (29.6) // 48.0% (33.7) // 51.6% (38.3) // 49.4% (37.2)",
        "scoring": "45.3% (27.2) // 45.6% (31.3) // 48.6% (35.2) // 48.9% (32.3)",
        "corsiAgainst": "53.9% (65.2) // 53.0% (67.9) // 49.2% (64.1) // 51.5% (65.0)",
        "fenwickAgainst": "54.0% (48.7) // 52.9% (51.2) // 49.7% (48.5) // 52.9% (49.4)",
        "shotsAgainst": "54.1% (34.9) // 52.0% (36.4) // 48.4% (36.0) // 50.6% (38.1)",
        "scoringAgainst": "54.7% (32.9) // 54.4% (37.4) // 51.4% (37.1) // 51.1% (33.7)",
        "oppCorsi": "49.0% (57.7) // 50.8% (57.0) // 49.5% (55.5) // 47.3% (52.5)",
        "oppFenwick": "48.9% (42.1) // 52.3% (42.4) // 49.2% (40.0) // 50.9% (41.0)",
        "oppShots": "49.3% (30.2) // 52.4% (30.5) // 51.2% (30.7) // 52.1% (31.0)",
        "oppScoring": "49.6% (30.2) // 51.6% (28.8) // 49.6% (28.2) // 45.0% (24.5)",
        "oppCorsiAgainst": "51.0% (60.1) // 49.2% (55.2) // 50.5% (56.5) // 52.7% (58.5)",
        "oppFenwickAgainst": "51.1% (44.0) // 47.7% (38.6) // 50.8% (41.2) // 49.1% (39.5)",
        "oppShotsAgainst": "50.7% (31.0) // 47.6% (27.8) // 48.8% (29.2) // 47.9% (28.5)",
        "oppScoringAgainst": "50.4% (30.7) // 48.4% (27.0) // 50.4% (28.8) // 55.0% (30.0)",
        "savesPerGame": 31.4,
        "savesPerGameLast1": 31.0,
        "savesPerGameLast3": 32.0,
        "savesPerGameLast5": 31.0,
        "savesPer60": 31.3,
        "savesPer60Last1": 32.1,
        "savesPer60Last3": 32.0,
        "savesPer60Last5": 31.4,
        "shotsPerGame": 29.9,
        "shotsPerGameLast5": 39.2,
        "shotsAgainstPerGame": 35.2,
        "shotsAgainstPerGameLast5": 36.8,
        "oppSavesAgainstPer60": 27.5,
        "oppSavesAgainstPer60Last1": 22.0,
        "oppSavesAgainstPer60Last3": 26.0,
        "oppSavesAgainstPer60Last5": 24.2,
        "oppShotsAgainstPerGame": 31.3,
        "oppShotsAgainstPerGameLast5": 28.8,
        "savesProj": 30.0,
        "savesProjLast5": 26.7,
        "savesProjLast3": 29.0,
        "oppSavesAgainstProj": 30.5,
        "oppSavesAgainstProjLast5": 26.9,
        "oppSavesAgainstProjLast3": 30.0,
        "totalOver": 42,
        "totalOverLast5": 80,
        "totalOverLast15": 47,
        "lastTotalOver": 39,
        "last5": "2,2,1,0,2,0,0,0,1,1",
        "overOdds": "+130",
        "underOdds": "-160",
        "overUnder": "+130 / -160"
    },
    {
        "player": "Adam Boqvist",
        "team": "CBJ",
        "opponent": "NYI",
        "propType": "ast",
        "line": 0.5,
        "ppLine": "PP1",
        "avg": 0.41,
        "hit": false,
        "diffAvg": -0.18,
        "diffAbs": 0.6,
        "lastAvg": 0.21,
        "diff": -0.58,
        "avgMin": 17,
        "proj": 0.2,
        "lastAvgMin": 17.03,
        "oppOver": 0,
        "teamOver": 0,
        "gameLine": "+200",
        "+/-": -8,
        "L5_+/-": -5.0,
        "prevMatchup": "2022-12-29 0.0 ast",
        "winLossSplits": "0.51 - 0.35",
        "awayHome": "H",
        "playedYesterday": "N",
        "awayHomeSplits": "0.32 - 0.53",
        "savesAboveExp": 0.704,
        "gsaa": 32.07,
        "corsi": "46.1% (55.8) // 47.0% (60.1) // 50.8% (66.1) // 48.5% (61.1)",
        "fenwick": "46.0% (41.6) // 47.1% (45.7) // 50.3% (49.1) // 47.1% (44.0)",
        "shots": "45.9% (29.6) // 48.0% (33.7) // 51.6% (38.3) // 49.4% (37.2)",
        "scoring": "45.3% (27.2) // 45.6% (31.3) // 48.6% (35.2) // 48.9% (32.3)",
        "corsiAgainst": "53.9% (65.2) // 53.0% (67.9) // 49.2% (64.1) // 51.5% (65.0)",
        "fenwickAgainst": "54.0% (48.7) // 52.9% (51.2) // 49.7% (48.5) // 52.9% (49.4)",
        "shotsAgainst": "54.1% (34.9) // 52.0% (36.4) // 48.4% (36.0) // 50.6% (38.1)",
        "scoringAgainst": "54.7% (32.9) // 54.4% (37.4) // 51.4% (37.1) // 51.1% (33.7)",
        "oppCorsi": "49.0% (57.7) // 50.8% (57.0) // 49.5% (55.5) // 47.3% (52.5)",
        "oppFenwick": "48.9% (42.1) // 52.3% (42.4) // 49.2% (40.0) // 50.9% (41.0)",
        "oppShots": "49.3% (30.2) // 52.4% (30.5) // 51.2% (30.7) // 52.1% (31.0)",
        "oppScoring": "49.6% (30.2) // 51.6% (28.8) // 49.6% (28.2) // 45.0% (24.5)",
        "oppCorsiAgainst": "51.0% (60.1) // 49.2% (55.2) // 50.5% (56.5) // 52.7% (58.5)",
        "oppFenwickAgainst": "51.1% (44.0) // 47.7% (38.6) // 50.8% (41.2) // 49.1% (39.5)",
        "oppShotsAgainst": "50.7% (31.0) // 47.6% (27.8) // 48.8% (29.2) // 47.9% (28.5)",
        "oppScoringAgainst": "50.4% (30.7) // 48.4% (27.0) // 50.4% (28.8) // 55.0% (30.0)",
        "savesPerGame": 31.4,
        "savesPerGameLast1": 31.0,
        "savesPerGameLast3": 32.0,
        "savesPerGameLast5": 31.0,
        "savesPer60": 31.3,
        "savesPer60Last1": 32.1,
        "savesPer60Last3": 32.0,
        "savesPer60Last5": 31.4,
        "shotsPerGame": 29.9,
        "shotsPerGameLast5": 39.2,
        "shotsAgainstPerGame": 35.2,
        "shotsAgainstPerGameLast5": 36.8,
        "oppSavesAgainstPer60": 27.5,
        "oppSavesAgainstPer60Last1": 22.0,
        "oppSavesAgainstPer60Last3": 26.0,
        "oppSavesAgainstPer60Last5": 24.2,
        "oppShotsAgainstPerGame": 31.3,
        "oppShotsAgainstPerGameLast5": 28.8,
        "savesProj": 30.0,
        "savesProjLast5": 26.7,
        "savesProjLast3": 29.0,
        "oppSavesAgainstProj": 30.5,
        "oppSavesAgainstProjLast5": 26.9,
        "oppSavesAgainstProjLast3": 30.0,
        "totalOver": 41,
        "totalOverLast5": 20,
        "totalOverLast15": 27,
        "lastTotalOver": 21,
        "last5": "0,0,1,0,0,0,0,0,1,0",
        "overOdds": "+155",
        "underOdds": "-190",
        "overUnder": "+155 / -190"
    },
    {
        "player": "Jack Roslovic",
        "team": "CBJ",
        "opponent": "NYI",
        "propType": "ast",
        "line": 0.5,
        "ppLine": "PP1",
        "avg": 0.43,
        "hit": false,
        "diffAvg": -0.14,
        "diffAbs": 0.4,
        "lastAvg": 0.28,
        "diff": -0.44,
        "avgMin": 16,
        "proj": 0.3,
        "lastAvgMin": 14.27,
        "oppOver": 0,
        "teamOver": 0,
        "gameLine": "+200",
        "+/-": -10,
        "L5_+/-": -5.0,
        "prevMatchup": "2022-12-29 0.0 ast, 2022-11-25 0.0 ast, 2022-11-12 0.0 ast",
        "winLossSplits": "0.84 - 0.25",
        "awayHome": "H",
        "playedYesterday": "N",
        "awayHomeSplits": "0.4 - 0.47",
        "savesAboveExp": 0.704,
        "gsaa": 32.07,
        "corsi": "46.1% (55.8) // 47.0% (60.1) // 50.8% (66.1) // 48.5% (61.1)",
        "fenwick": "46.0% (41.6) // 47.1% (45.7) // 50.3% (49.1) // 47.1% (44.0)",
        "shots": "45.9% (29.6) // 48.0% (33.7) // 51.6% (38.3) // 49.4% (37.2)",
        "scoring": "45.3% (27.2) // 45.6% (31.3) // 48.6% (35.2) // 48.9% (32.3)",
        "corsiAgainst": "53.9% (65.2) // 53.0% (67.9) // 49.2% (64.1) // 51.5% (65.0)",
        "fenwickAgainst": "54.0% (48.7) // 52.9% (51.2) // 49.7% (48.5) // 52.9% (49.4)",
        "shotsAgainst": "54.1% (34.9) // 52.0% (36.4) // 48.4% (36.0) // 50.6% (38.1)",
        "scoringAgainst": "54.7% (32.9) // 54.4% (37.4) // 51.4% (37.1) // 51.1% (33.7)",
        "oppCorsi": "49.0% (57.7) // 50.8% (57.0) // 49.5% (55.5) // 47.3% (52.5)",
        "oppFenwick": "48.9% (42.1) // 52.3% (42.4) // 49.2% (40.0) // 50.9% (41.0)",
        "oppShots": "49.3% (30.2) // 52.4% (30.5) // 51.2% (30.7) // 52.1% (31.0)",
        "oppScoring": "49.6% (30.2) // 51.6% (28.8) // 49.6% (28.2) // 45.0% (24.5)",
        "oppCorsiAgainst": "51.0% (60.1) // 49.2% (55.2) // 50.5% (56.5) // 52.7% (58.5)",
        "oppFenwickAgainst": "51.1% (44.0) // 47.7% (38.6) // 50.8% (41.2) // 49.1% (39.5)",
        "oppShotsAgainst": "50.7% (31.0) // 47.6% (27.8) // 48.8% (29.2) // 47.9% (28.5)",
        "oppScoringAgainst": "50.4% (30.7) // 48.4% (27.0) // 50.4% (28.8) // 55.0% (30.0)",
        "savesPerGame": 31.4,
        "savesPerGameLast1": 31.0,
        "savesPerGameLast3": 32.0,
        "savesPerGameLast5": 31.0,
        "savesPer60": 31.3,
        "savesPer60Last1": 32.1,
        "savesPer60Last3": 32.0,
        "savesPer60Last5": 31.4,
        "shotsPerGame": 29.9,
        "shotsPerGameLast5": 39.2,
        "shotsAgainstPerGame": 35.2,
        "shotsAgainstPerGameLast5": 36.8,
        "oppSavesAgainstPer60": 27.5,
        "oppSavesAgainstPer60Last1": 22.0,
        "oppSavesAgainstPer60Last3": 26.0,
        "oppSavesAgainstPer60Last5": 24.2,
        "oppShotsAgainstPerGame": 31.3,
        "oppShotsAgainstPerGameLast5": 28.8,
        "savesProj": 30.0,
        "savesProjLast5": 26.7,
        "savesProjLast3": 29.0,
        "oppSavesAgainstProj": 30.5,
        "oppSavesAgainstProjLast5": 26.9,
        "oppSavesAgainstProjLast3": 30.0,
        "totalOver": 36,
        "totalOverLast5": 0,
        "totalOverLast15": 13,
        "lastTotalOver": 27,
        "last5": "0,0,0,0,0,0,1,0,0,0",
        "overOdds": "+190",
        "underOdds": "-235",
        "overUnder": "+190 / -235"
    },
    {
        "player": "Jean-Gabriel Pageau",
        "team": "NYI",
        "opponent": "CBJ",
        "propType": "ast",
        "line": 0.5,
        "ppLine": "",
        "avg": 0.38,
        "hit": false,
        "diffAvg": -0.24,
        "diffAbs": 0.4,
        "lastAvg": 0.27,
        "diff": -0.46,
        "avgMin": 17,
        "proj": 0.3,
        "lastAvgMin": 17.67,
        "oppOver": 0,
        "teamOver": 0,
        "gameLine": "-240",
        "+/-": -4,
        "L5_+/-": "+4.0",
        "prevMatchup": "2022-12-29 1.0 ast, 2022-11-25 0.0 ast, 2022-11-12 1.0 ast",
        "winLossSplits": "0.61 - 0.13",
        "awayHome": "A",
        "playedYesterday": "N",
        "awayHomeSplits": "0.23 - 0.55",
        "savesAboveExp": "-",
        "gsaa": "-",
        "corsi": "49.0% (57.7) // 50.8% (57.0) // 49.5% (55.5) // 47.3% (52.5)",
        "fenwick": "48.9% (42.1) // 52.3% (42.4) // 49.2% (40.0) // 50.9% (41.0)",
        "shots": "49.3% (30.2) // 52.4% (30.5) // 51.2% (30.7) // 52.1% (31.0)",
        "scoring": "49.6% (30.2) // 51.6% (28.8) // 49.6% (28.2) // 45.0% (24.5)",
        "corsiAgainst": "51.0% (60.1) // 49.2% (55.2) // 50.5% (56.5) // 52.7% (58.5)",
        "fenwickAgainst": "51.1% (44.0) // 47.7% (38.6) // 50.8% (41.2) // 49.1% (39.5)",
        "shotsAgainst": "50.7% (31.0) // 47.6% (27.8) // 48.8% (29.2) // 47.9% (28.5)",
        "scoringAgainst": "50.4% (30.7) // 48.4% (27.0) // 50.4% (28.8) // 55.0% (30.0)",
        "oppCorsi": "46.1% (55.8) // 47.0% (60.1) // 50.8% (66.1) // 48.5% (61.1)",
        "oppFenwick": "46.0% (41.6) // 47.1% (45.7) // 50.3% (49.1) // 47.1% (44.0)",
        "oppShots": "45.9% (29.6) // 48.0% (33.7) // 51.6% (38.3) // 49.4% (37.2)",
        "oppScoring": "45.3% (27.2) // 45.6% (31.3) // 48.6% (35.2) // 48.9% (32.3)",
        "oppCorsiAgainst": "53.9% (65.2) // 53.0% (67.9) // 49.2% (64.1) // 51.5% (65.0)",
        "oppFenwickAgainst": "54.0% (48.7) // 52.9% (51.2) // 49.7% (48.5) // 52.9% (49.4)",
        "oppShotsAgainst": "54.1% (34.9) // 52.0% (36.4) // 48.4% (36.0) // 50.6% (38.1)",
        "oppScoringAgainst": "54.7% (32.9) // 54.4% (37.4) // 51.4% (37.1) // 51.1% (33.7)",
        "savesPerGame": 28.7,
        "savesPerGameLast1": 25.0,
        "savesPerGameLast3": 24.7,
        "savesPerGameLast5": 25.6,
        "savesPer60": 28.7,
        "savesPer60Last1": 24.9,
        "savesPer60Last3": 24.6,
        "savesPer60Last5": 25.4,
        "shotsPerGame": 30.5,
        "shotsPerGameLast5": 28.2,
        "shotsAgainstPerGame": 31.3,
        "shotsAgainstPerGameLast5": 28.8,
        "oppSavesAgainstPer60": 27.2,
        "oppSavesAgainstPer60Last1": 31.9,
        "oppSavesAgainstPer60Last3": 35.4,
        "oppSavesAgainstPer60Last5": 35.3,
        "oppShotsAgainstPerGame": 35.2,
        "oppShotsAgainstPerGameLast5": 36.8,
        "savesProj": 24.9,
        "savesProjLast5": 28.6,
        "savesProjLast3": 27.5,
        "oppSavesAgainstProj": 27.5,
        "oppSavesAgainstProjLast5": 32.4,
        "oppSavesAgainstProjLast3": 32.2,
        "totalOver": 32,
        "totalOverLast5": 60,
        "totalOverLast15": 27,
        "lastTotalOver": 28,
        "last5": "2,1,1,0,0,0,2,0,0,0",
        "overOdds": "+205",
        "underOdds": "-255",
        "overUnder": "+205 / -255"
    },
    {
        "player": "Kent Johnson",
        "team": "CBJ",
        "opponent": "NYI",
        "propType": "ast",
        "line": 0.5,
        "ppLine": "PP2",
        "avg": 0.31,
        "hit": false,
        "diffAvg": -0.38,
        "diffAbs": 1.0,
        "lastAvg": 0,
        "diff": 0,
        "avgMin": 14,
        "proj": 0.0,
        "lastAvgMin": 0,
        "oppOver": 0,
        "teamOver": 0,
        "gameLine": "+200",
        "+/-": -13,
        "L5_+/-": -8.0,
        "prevMatchup": "2022-12-29 0.0 ast, 2022-11-25 1.0 ast",
        "winLossSplits": "0.77 - 0.15",
        "awayHome": "H",
        "playedYesterday": "N",
        "awayHomeSplits": "0.27 - 0.35",
        "savesAboveExp": 0.704,
        "gsaa": 32.07,
        "corsi": "46.1% (55.8) // 47.0% (60.1) // 50.8% (66.1) // 48.5% (61.1)",
        "fenwick": "46.0% (41.6) // 47.1% (45.7) // 50.3% (49.1) // 47.1% (44.0)",
        "shots": "45.9% (29.6) // 48.0% (33.7) // 51.6% (38.3) // 49.4% (37.2)",
        "scoring": "45.3% (27.2) // 45.6% (31.3) // 48.6% (35.2) // 48.9% (32.3)",
        "corsiAgainst": "53.9% (65.2) // 53.0% (67.9) // 49.2% (64.1) // 51.5% (65.0)",
        "fenwickAgainst": "54.0% (48.7) // 52.9% (51.2) // 49.7% (48.5) // 52.9% (49.4)",
        "shotsAgainst": "54.1% (34.9) // 52.0% (36.4) // 48.4% (36.0) // 50.6% (38.1)",
        "scoringAgainst": "54.7% (32.9) // 54.4% (37.4) // 51.4% (37.1) // 51.1% (33.7)",
        "oppCorsi": "49.0% (57.7) // 50.8% (57.0) // 49.5% (55.5) // 47.3% (52.5)",
        "oppFenwick": "48.9% (42.1) // 52.3% (42.4) // 49.2% (40.0) // 50.9% (41.0)",
        "oppShots": "49.3% (30.2) // 52.4% (30.5) // 51.2% (30.7) // 52.1% (31.0)",
        "oppScoring": "49.6% (30.2) // 51.6% (28.8) // 49.6% (28.2) // 45.0% (24.5)",
        "oppCorsiAgainst": "51.0% (60.1) // 49.2% (55.2) // 50.5% (56.5) // 52.7% (58.5)",
        "oppFenwickAgainst": "51.1% (44.0) // 47.7% (38.6) // 50.8% (41.2) // 49.1% (39.5)",
        "oppShotsAgainst": "50.7% (31.0) // 47.6% (27.8) // 48.8% (29.2) // 47.9% (28.5)",
        "oppScoringAgainst": "50.4% (30.7) // 48.4% (27.0) // 50.4% (28.8) // 55.0% (30.0)",
        "savesPerGame": 31.4,
        "savesPerGameLast1": 31.0,
        "savesPerGameLast3": 32.0,
        "savesPerGameLast5": 31.0,
        "savesPer60": 31.3,
        "savesPer60Last1": 32.1,
        "savesPer60Last3": 32.0,
        "savesPer60Last5": 31.4,
        "shotsPerGame": 29.9,
        "shotsPerGameLast5": 39.2,
        "shotsAgainstPerGame": 35.2,
        "shotsAgainstPerGameLast5": 36.8,
        "oppSavesAgainstPer60": 27.5,
        "oppSavesAgainstPer60Last1": 22.0,
        "oppSavesAgainstPer60Last3": 26.0,
        "oppSavesAgainstPer60Last5": 24.2,
        "oppShotsAgainstPerGame": 31.3,
        "oppShotsAgainstPerGameLast5": 28.8,
        "savesProj": 30.0,
        "savesProjLast5": 26.7,
        "savesProjLast3": 29.0,
        "oppSavesAgainstProj": 30.5,
        "oppSavesAgainstProjLast5": 26.9,
        "oppSavesAgainstProjLast3": 30.0,
        "totalOver": 25,
        "totalOverLast5": 40,
        "totalOverLast15": 33,
        "lastTotalOver": 33,
        "last5": "2,0,1,0,0,1,2,0,0,0",
        "overOdds": "+215",
        "underOdds": "-270",
        "overUnder": "+215 / -270"
    },
    {
        "player": "Alex Tuch",
        "team": "BUF",
        "opponent": "NJ",
        "propType": "ast",
        "line": 0.5,
        "ppLine": "PP1",
        "avg": 0.56,
        "hit": false,
        "diffAvg": 0.12,
        "diffAbs": 0.0,
        "lastAvg": 0.52,
        "diff": 0.04,
        "avgMin": 19,
        "proj": 0.5,
        "lastAvgMin": 18.4,
        "oppOver": 0,
        "teamOver": 0,
        "gameLine": "+155",
        "+/-": "+7",
        "L5_+/-": -1.0,
        "prevMatchup": "2022-11-25 0.0 ast",
        "winLossSplits": "0.87 - 0.32",
        "awayHome": "H",
        "playedYesterday": "N",
        "awayHomeSplits": "0.66 - 0.47",
        "savesAboveExp": 0.109,
        "gsaa": "-",
        "corsi": "51.2% (57.8) // 51.4% (57.5) // 54.1% (58.0) // 55.8% (55.5)",
