[
    {
        "player": "Alex Tuch",
        "team": "BUF",
        "opponent": "MTL",
        "propType": "ast",
        "line": 0.5,
        "ppLine": "PP1",
        "avg": 0.56,
        "hit": false,
        "diffAvg": 0.12,
        "diffAbs": 0.0,
        "lastAvg": 0.52,
        "diff": 0.04,
        "avgMin": 19,
        "proj": 0.5,
        "lastAvgMin": 18.4,
        "oppOver": 0,
        "teamOver": 0,
        "gameLine": "-175",
        "+/-": "+7",
        "L5_+/-": -3.0,
        "prevMatchup": "2022-11-22 2.0 ast 2022-10-27 1.0 ast",
        "winLossSplits": "0.85 - 0.32",
        "awayHome": "H",
        "playedYesterday": "N",
        "awayHomeSplits": "0.64 - 0.48",
        "savesAboveExp": 0.116,
        "gsaa": -17.08,
        "corsi": "51.1% (57.6) // 51.2% (55.9) // 53.7% (56.6) // 49.5% (53.0)",
        "fenwick": "49.7% (43.5) // 49.8% (41.5) // 54.7% (45.2) // 51.8% (43.3)",
        "shots": "49.4% (31.9) // 48.9% (29.5) // 54.4% (31.2) // 52.3% (30.7)",
        "scoring": "49.9% (30.5) // 47.1% (27.0) // 48.2% (27.0) // 44.1% (25.0)",
        "corsiAgainst": "48.9% (55.0) // 48.8% (53.4) // 46.3% (48.8) // 50.5% (54.0)",
        "fenwickAgainst": "50.3% (43.9) // 50.2% (41.8) // 45.3% (37.4) // 48.2% (40.3)",
        "shotsAgainst": "50.6% (32.6) // 51.1% (30.8) // 45.6% (26.2) // 47.7% (28.0)",
        "scoringAgainst": "50.1% (30.6) // 52.9% (30.2) // 51.8% (29.0) // 55.9% (31.7)",
        "oppCorsi": "44.8% (51.0) // 42.6% (47.9) // 47.9% (50.8) // 53.4% (55.3)",
        "oppFenwick": "44.8% (37.2) // 43.6% (35.6) // 50.6% (40.2) // 56.5% (43.7)",
        "oppShots": "44.8% (27.1) // 41.9% (24.5) // 46.9% (26.0) // 51.9% (27.7)",
        "oppScoring": "42.7% (25.2) // 40.0% (22.3) // 44.9% (23.0) // 50.3% (26.0)",
        "oppCorsiAgainst": "55.2% (63.0) // 57.4% (64.6) // 52.1% (55.2) // 46.6% (48.3)",
        "oppFenwickAgainst": "55.2% (45.8) // 56.4% (46.1) // 49.4% (39.2) // 43.5% (33.7)",
        "oppShotsAgainst": "55.2% (33.4) // 58.1% (33.9) // 53.1% (29.5) // 48.1% (25.7)",
        "oppScoringAgainst": "57.3% (33.8) // 60.0% (33.5) // 55.1% (28.2) // 49.7% (25.7)",
        "savesPerGame": 29.2,
        "savesPerGameLast1": 26.0,
        "savesPerGameLast3": 24.3,
        "savesPerGameLast5": 21.6,
        "savesPer60": 29.3,
        "savesPer60Last1": 25.6,
        "savesPer60Last3": 24.1,
        "savesPer60Last5": 21.5,
        "shotsPerGame": 32.2,
        "shotsPerGameLast5": 31.2,
        "shotsAgainstPerGame": 32.9,
        "shotsAgainstPerGameLast5": 26.2,
        "oppSavesAgainstPer60": 24.7,
        "oppSavesAgainstPer60Last1": 24.0,
        "oppSavesAgainstPer60Last3": 23.4,
        "oppSavesAgainstPer60Last5": 22.6,
        "oppShotsAgainstPerGame": 33.7,
        "oppShotsAgainstPerGameLast5": 31.8,
        "savesProj": 23.9,
        "savesProjLast5": 16.1,
        "savesProjLast3": 18.7,
        "oppSavesAgainstProj": 25.5,
        "oppSavesAgainstProjLast5": 17.2,
        "oppSavesAgainstProjLast3": 19.9,
        "totalOver": 41,
        "totalOverLast5": 40,
        "totalOverLast15": 33,
        "lastTotalOver": 42,
        "last5": "0,1,1,0,0,0,0,0,0,1",
        "overOdds": "+115",
        "underOdds": "-145",
        "overUnder": "+115 / -145"
    },
    {
        "player": "Dylan Cozens",
        "team": "BUF",
        "opponent": "MTL",
        "propType": "ast",
        "line": 0.5,
        "ppLine": "PP2",
        "avg": 0.46,
        "hit": false,
        "diffAvg": -0.08,
        "diffAbs": 0.4,
        "lastAvg": 0.32,
        "diff": -0.36,
        "avgMin": 16,
        "proj": 0.3,
        "lastAvgMin": 15.88,
        "oppOver": 0,
        "teamOver": 0,
        "gameLine": "-175",
        "+/-": 0,
        "L5_+/-": -8.0,
        "prevMatchup": "2022-11-22 2.0 ast 2022-10-27 0.0 ast",
        "winLossSplits": "0.59 - 0.29",
        "awayHome": "H",
        "playedYesterday": "N",
        "awayHomeSplits": "0.38 - 0.54",
        "savesAboveExp": 0.116,
        "gsaa": -17.08,
        "corsi": "51.1% (57.6) // 51.2% (55.9) // 53.7% (56.6) // 49.5% (53.0)",
        "fenwick": "49.7% (43.5) // 49.8% (41.5) // 54.7% (45.2) // 51.8% (43.3)",
        "shots": "49.4% (31.9) // 48.9% (29.5) // 54.4% (31.2) // 52.3% (30.7)",
        "scoring": "49.9% (30.5) // 47.1% (27.0) // 48.2% (27.0) // 44.1% (25.0)",
        "corsiAgainst": "48.9% (55.0) // 48.8% (53.4) // 46.3% (48.8) // 50.5% (54.0)",
        "fenwickAgainst": "50.3% (43.9) // 50.2% (41.8) // 45.3% (37.4) // 48.2% (40.3)",
        "shotsAgainst": "50.6% (32.6) // 51.1% (30.8) // 45.6% (26.2) // 47.7% (28.0)",
        "scoringAgainst": "50.1% (30.6) // 52.9% (30.2) // 51.8% (29.0) // 55.9% (31.7)",
        "oppCorsi": "44.8% (51.0) // 42.6% (47.9) // 47.9% (50.8) // 53.4% (55.3)",
        "oppFenwick": "44.8% (37.2) // 43.6% (35.6) // 50.6% (40.2) // 56.5% (43.7)",
        "oppShots": "44.8% (27.1) // 41.9% (24.5) // 46.9% (26.0) // 51.9% (27.7)",
        "oppScoring": "42.7% (25.2) // 40.0% (22.3) // 44.9% (23.0) // 50.3% (26.0)",
        "oppCorsiAgainst": "55.2% (63.0) // 57.4% (64.6) // 52.1% (55.2) // 46.6% (48.3)",
        "oppFenwickAgainst": "55.2% (45.8) // 56.4% (46.1) // 49.4% (39.2) // 43.5% (33.7)",
        "oppShotsAgainst": "55.2% (33.4) // 58.1% (33.9) // 53.1% (29.5) // 48.1% (25.7)",
        "oppScoringAgainst": "57.3% (33.8) // 60.0% (33.5) // 55.1% (28.2) // 49.7% (25.7)",
        "savesPerGame": 29.2,
        "savesPerGameLast1": 26.0,
        "savesPerGameLast3": 24.3,
        "savesPerGameLast5": 21.6,
        "savesPer60": 29.3,
        "savesPer60Last1": 25.6,
        "savesPer60Last3": 24.1,
        "savesPer60Last5": 21.5,
        "shotsPerGame": 32.2,
        "shotsPerGameLast5": 31.2,
        "shotsAgainstPerGame": 32.9,
        "shotsAgainstPerGameLast5": 26.2,
        "oppSavesAgainstPer60": 24.7,
        "oppSavesAgainstPer60Last1": 24.0,
        "oppSavesAgainstPer60Last3": 23.4,
        "oppSavesAgainstPer60Last5": 22.6,
        "oppShotsAgainstPerGame": 33.7,
        "oppShotsAgainstPerGameLast5": 31.8,
        "savesProj": 23.9,
        "savesProjLast5": 16.1,
        "savesProjLast3": 18.7,
        "oppSavesAgainstProj": 25.5,
        "oppSavesAgainstProjLast5": 17.2,
        "oppSavesAgainstProjLast3": 19.9,
        "totalOver": 34,
        "totalOverLast5": 40,
        "totalOverLast15": 27,
        "lastTotalOver": 22,
        "last5": "1,1,0,0,0,0,1,0,0,0",
        "overOdds": "+165",
        "underOdds": "-205",
        "overUnder": "+165 / -205"
    },
    {
        "player": "Jeff Skinner",
        "team": "BUF",
        "opponent": "MTL",
        "propType": "ast",
        "line": 0.5,
        "ppLine": "PP1",
        "avg": 0.57,
        "hit": false,
        "diffAvg": 0.14,
        "diffAbs": 0.2,
        "lastAvg": 0.38,
        "diff": -0.24,
        "avgMin": 17,
        "proj": 0.4,
        "lastAvgMin": 17.1,
        "oppOver": 0,
        "teamOver": 0,
        "gameLine": "-175",
        "+/-": "+8",
        "L5_+/-": -2.0,
        "prevMatchup": "2022-11-22 3.0 ast 2022-10-27 0.0 ast",
        "winLossSplits": "1.0 - 0.21",
        "awayHome": "H",
        "playedYesterday": "N",
        "awayHomeSplits": "0.67 - 0.47",
        "savesAboveExp": 0.116,
        "gsaa": -17.08,
        "corsi": "51.1% (57.6) // 51.2% (55.9) // 53.7% (56.6) // 49.5% (53.0)",
        "fenwick": "49.7% (43.5) // 49.8% (41.5) // 54.7% (45.2) // 51.8% (43.3)",
        "shots": "49.4% (31.9) // 48.9% (29.5) // 54.4% (31.2) // 52.3% (30.7)",
        "scoring": "49.9% (30.5) // 47.1% (27.0) // 48.2% (27.0) // 44.1% (25.0)",
        "corsiAgainst": "48.9% (55.0) // 48.8% (53.4) // 46.3% (48.8) // 50.5% (54.0)",
        "fenwickAgainst": "50.3% (43.9) // 50.2% (41.8) // 45.3% (37.4) // 48.2% (40.3)",
        "shotsAgainst": "50.6% (32.6) // 51.1% (30.8) // 45.6% (26.2) // 47.7% (28.0)",
        "scoringAgainst": "50.1% (30.6) // 52.9% (30.2) // 51.8% (29.0) // 55.9% (31.7)",
        "oppCorsi": "44.8% (51.0) // 42.6% (47.9) // 47.9% (50.8) // 53.4% (55.3)",
        "oppFenwick": "44.8% (37.2) // 43.6% (35.6) // 50.6% (40.2) // 56.5% (43.7)",
        "oppShots": "44.8% (27.1) // 41.9% (24.5) // 46.9% (26.0) // 51.9% (27.7)",
        "oppScoring": "42.7% (25.2) // 40.0% (22.3) // 44.9% (23.0) // 50.3% (26.0)",
        "oppCorsiAgainst": "55.2% (63.0) // 57.4% (64.6) // 52.1% (55.2) // 46.6% (48.3)",
        "oppFenwickAgainst": "55.2% (45.8) // 56.4% (46.1) // 49.4% (39.2) // 43.5% (33.7)",
        "oppShotsAgainst": "55.2% (33.4) // 58.1% (33.9) // 53.1% (29.5) // 48.1% (25.7)",
        "oppScoringAgainst": "57.3% (33.8) // 60.0% (33.5) // 55.1% (28.2) // 49.7% (25.7)",
        "savesPerGame": 29.2,
        "savesPerGameLast1": 26.0,
        "savesPerGameLast3": 24.3,
        "savesPerGameLast5": 21.6,
        "savesPer60": 29.3,
        "savesPer60Last1": 25.6,
        "savesPer60Last3": 24.1,
        "savesPer60Last5": 21.5,
        "shotsPerGame": 32.2,
        "shotsPerGameLast5": 31.2,
        "shotsAgainstPerGame": 32.9,
        "shotsAgainstPerGameLast5": 26.2,
        "oppSavesAgainstPer60": 24.7,
        "oppSavesAgainstPer60Last1": 24.0,
        "oppSavesAgainstPer60Last3": 23.4,
        "oppSavesAgainstPer60Last5": 22.6,
        "oppShotsAgainstPerGame": 33.7,
        "oppShotsAgainstPerGameLast5": 31.8,
        "savesProj": 23.9,
        "savesProjLast5": 16.1,
        "savesProjLast3": 18.7,
        "oppSavesAgainstProj": 25.5,
        "oppSavesAgainstProjLast5": 17.2,
        "oppSavesAgainstProjLast3": 19.9,
        "totalOver": 39,
        "totalOverLast5": 20,
        "totalOverLast15": 33,
        "lastTotalOver": 30,
        "last5": "0,1,0,0,0,0,1,0,1,0",
        "overOdds": "+145",
        "underOdds": "-180",
        "overUnder": "+145 / -180"
    },
    {
        "player": "Kirby Dach",
        "team": "MTL",
        "opponent": "BUF",
        "propType": "ast",
        "line": 0.5,
        "ppLine": "PP1",
        "avg": 0.42,
        "hit": false,
        "diffAvg": -0.16,
        "diffAbs": 0.6,
        "lastAvg": 0.24,
        "diff": -0.52,
        "avgMin": 18,
        "proj": 0.2,
        "lastAvgMin": 18.03,
        "oppOver": 0,
        "teamOver": 0,
        "gameLine": "+150",
        "+/-": -3,
        "L5_+/-": "+2.0",
        "prevMatchup": "2022-11-22 0.0 ast 2022-10-27 0.0 ast",
        "winLossSplits": "0.58 - 0.3",
        "awayHome": "A",
        "playedYesterday": "N",
        "awayHomeSplits": "0.38 - 0.45",
        "savesAboveExp": -0.339,
        "gsaa": -11.94,
        "corsi": "44.8% (51.0) // 42.6% (47.9) // 47.9% (50.8) // 53.4% (55.3)",
        "fenwick": "44.8% (37.2) // 43.6% (35.6) // 50.6% (40.2) // 56.5% (43.7)",
        "shots": "44.8% (27.1) // 41.9% (24.5) // 46.9% (26.0) // 51.9% (27.7)",
        "scoring": "42.7% (25.2) // 40.0% (22.3) // 44.9% (23.0) // 50.3% (26.0)",
        "corsiAgainst": "55.2% (63.0) // 57.4% (64.6) // 52.1% (55.2) // 46.6% (48.3)",
        "fenwickAgainst": "55.2% (45.8) // 56.4% (46.1) // 49.4% (39.2) // 43.5% (33.7)",
        "shotsAgainst": "55.2% (33.4) // 58.1% (33.9) // 53.1% (29.5) // 48.1% (25.7)",
        "scoringAgainst": "57.3% (33.8) // 60.0% (33.5) // 55.1% (28.2) // 49.7% (25.7)",
        "oppCorsi": "51.1% (57.6) // 51.2% (55.9) // 53.7% (56.6) // 49.5% (53.0)",
        "oppFenwick": "49.7% (43.5) // 49.8% (41.5) // 54.7% (45.2) // 51.8% (43.3)",
        "oppShots": "49.4% (31.9) // 48.9% (29.5) // 54.4% (31.2) // 52.3% (30.7)",
        "oppScoring": "49.9% (30.5) // 47.1% (27.0) // 48.2% (27.0) // 44.1% (25.0)",
        "oppCorsiAgainst": "48.9% (55.0) // 48.8% (53.4) // 46.3% (48.8) // 50.5% (54.0)",
        "oppFenwickAgainst": "50.3% (43.9) // 50.2% (41.8) // 45.3% (37.4) // 48.2% (40.3)",
        "oppShotsAgainst": "50.6% (32.6) // 51.1% (30.8) // 45.6% (26.2) // 47.7% (28.0)",
        "oppScoringAgainst": "50.1% (30.6) // 52.9% (30.2) // 51.8% (29.0) // 55.9% (31.7)",
        "savesPerGame": 30.1,
        "savesPerGameLast1": 20.0,
        "savesPerGameLast3": 22.7,
        "savesPerGameLast5": 27.4,
        "savesPer60": 30.1,
        "savesPer60Last1": 20.0,
        "savesPer60Last3": 22.4,
        "savesPer60Last5": 27.1,
        "shotsPerGame": 27.4,
        "shotsPerGameLast5": 26.8,
        "shotsAgainstPerGame": 33.7,
        "shotsAgainstPerGameLast5": 31.8,
        "oppSavesAgainstPer60": 28.6,
        "oppSavesAgainstPer60Last1": 33.0,
        "oppSavesAgainstPer60Last3": 27.2,
        "oppSavesAgainstPer60Last5": 28.7,
        "oppShotsAgainstPerGame": 32.9,
        "oppShotsAgainstPerGameLast5": 26.2,
        "savesProj": 29.4,
        "savesProjLast5": 26.6,
        "savesProjLast3": 20.9,
        "oppSavesAgainstProj": 30.3,
        "oppSavesAgainstProjLast5": 26.9,
        "oppSavesAgainstProjLast3": 22.1,
        "totalOver": 33,
        "totalOverLast5": 40,
        "totalOverLast15": 27,
        "lastTotalOver": 19,
        "last5": "0,1,0,0,1,0,0,0,1,0",
        "overOdds": "+140",
        "underOdds": "-175",
        "overUnder": "+140 / -175"
    },
    {
        "player": "Mike Matheson",
        "team": "MTL",
        "opponent": "BUF",
        "propType": "ast",
        "line": 0.5,
        "ppLine": "PP1",
        "avg": 0.49,
        "hit": false,
        "diffAvg": -0.02,
        "diffAbs": 0.4,
        "lastAvg": 0.25,
        "diff": -0.5,
        "avgMin": 24,
        "proj": 0.3,
        "lastAvgMin": 18.78,
        "oppOver": 0,
        "teamOver": 0,
        "gameLine": "+150",
        "+/-": "+7",
        "L5_+/-": 0.0,
        "prevMatchup": "2022-11-22 0.0 ast",
        "winLossSplits": "0.73 - 0.34",
        "awayHome": "A",
        "playedYesterday": "N",
        "awayHomeSplits": "0.63 - 0.35",
        "savesAboveExp": -0.339,
        "gsaa": -11.94,
        "corsi": "44.8% (51.0) // 42.6% (47.9) // 47.9% (50.8) // 53.4% (55.3)",
        "fenwick": "44.8% (37.2) // 43.6% (35.6) // 50.6% (40.2) // 56.5% (43.7)",
        "shots": "44.8% (27.1) // 41.9% (24.5) // 46.9% (26.0) // 51.9% (27.7)",
        "scoring": "42.7% (25.2) // 40.0% (22.3) // 44.9% (23.0) // 50.3% (26.0)",
        "corsiAgainst": "55.2% (63.0) // 57.4% (64.6) // 52.1% (55.2) // 46.6% (48.3)",
        "fenwickAgainst": "55.2% (45.8) // 56.4% (46.1) // 49.4% (39.2) // 43.5% (33.7)",
        "shotsAgainst": "55.2% (33.4) // 58.1% (33.9) // 53.1% (29.5) // 48.1% (25.7)",
        "scoringAgainst": "57.3% (33.8) // 60.0% (33.5) // 55.1% (28.2) // 49.7% (25.7)",
        "oppCorsi": "51.1% (57.6) // 51.2% (55.9) // 53.7% (56.6) // 49.5% (53.0)",
        "oppFenwick": "49.7% (43.5) // 49.8% (41.5) // 54.7% (45.2) // 51.8% (43.3)",
        "oppShots": "49.4% (31.9) // 48.9% (29.5) // 54.4% (31.2) // 52.3% (30.7)",
        "oppScoring": "49.9% (30.5) // 47.1% (27.0) // 48.2% (27.0) // 44.1% (25.0)",
        "oppCorsiAgainst": "48.9% (55.0) // 48.8% (53.4) // 46.3% (48.8) // 50.5% (54.0)",
        "oppFenwickAgainst": "50.3% (43.9) // 50.2% (41.8) // 45.3% (37.4) // 48.2% (40.3)",
        "oppShotsAgainst": "50.6% (32.6) // 51.1% (30.8) // 45.6% (26.2) // 47.7% (28.0)",
        "oppScoringAgainst": "50.1% (30.6) // 52.9% (30.2) // 51.8% (29.0) // 55.9% (31.7)",
        "savesPerGame": 30.1,
        "savesPerGameLast1": 20.0,
        "savesPerGameLast3": 22.7,
        "savesPerGameLast5": 27.4,
        "savesPer60": 30.1,
        "savesPer60Last1": 20.0,
        "savesPer60Last3": 22.4,
        "savesPer60Last5": 27.1,
        "shotsPerGame": 27.4,
        "shotsPerGameLast5": 26.8,
        "shotsAgainstPerGame": 33.7,
        "shotsAgainstPerGameLast5": 31.8,
        "oppSavesAgainstPer60": 28.6,
        "oppSavesAgainstPer60Last1": 33.0,
        "oppSavesAgainstPer60Last3": 27.2,
        "oppSavesAgainstPer60Last5": 28.7,
        "oppShotsAgainstPerGame": 32.9,
        "oppShotsAgainstPerGameLast5": 26.2,
        "savesProj": 29.4,
        "savesProjLast5": 26.6,
        "savesProjLast3": 20.9,
        "oppSavesAgainstProj": 30.3,
        "oppSavesAgainstProjLast5": 26.9,
        "oppSavesAgainstProjLast3": 22.1,
        "totalOver": 44,
        "totalOverLast5": 60,
        "totalOverLast15": 40,
        "lastTotalOver": 29,
        "last5": "3,1,0,0,1,1,0,0,0,0",
        "overOdds": "+115",
        "underOdds": "-145",
        "overUnder": "+115 / -145"
    },
    {
        "player": "Nick Suzuki",
        "team": "MTL",
        "opponent": "BUF",
        "propType": "ast",
        "line": 0.5,
        "ppLine": "PP1",
        "avg": 0.52,
        "hit": false,
        "diffAvg": 0.04,
        "diffAbs": 0.0,
        "lastAvg": 0.48,
        "diff": -0.04,
        "avgMin": 21,
        "proj": 0.5,
        "lastAvgMin": 20.5,
        "oppOver": 0,
        "teamOver": 0,
        "gameLine": "+150",
        "+/-": -8,
        "L5_+/-": 0.0,
        "prevMatchup": "2022-11-22 0.0 ast 2022-10-27 0.0 ast",
        "winLossSplits": "0.85 - 0.31",
        "awayHome": "A",
        "playedYesterday": "N",
        "awayHomeSplits": "0.43 - 0.61",
        "savesAboveExp": -0.339,
        "gsaa": -11.94,
        "corsi": "44.8% (51.0) // 42.6% (47.9) // 47.9% (50.8) // 53.4% (55.3)",
        "fenwick": "44.8% (37.2) // 43.6% (35.6) // 50.6% (40.2) // 56.5% (43.7)",
        "shots": "44.8% (27.1) // 41.9% (24.5) // 46.9% (26.0) // 51.9% (27.7)",
        "scoring": "42.7% (25.2) // 40.0% (22.3) // 44.9% (23.0) // 50.3% (26.0)",
        "corsiAgainst": "55.2% (63.0) // 57.4% (64.6) // 52.1% (55.2) // 46.6% (48.3)",
        "fenwickAgainst": "55.2% (45.8) // 56.4% (46.1) // 49.4% (39.2) // 43.5% (33.7)",
        "shotsAgainst": "55.2% (33.4) // 58.1% (33.9) // 53.1% (29.5) // 48.1% (25.7)",
        "scoringAgainst": "57.3% (33.8) // 60.0% (33.5) // 55.1% (28.2) // 49.7% (25.7)",
        "oppCorsi": "51.1% (57.6) // 51.2% (55.9) // 53.7% (56.6) // 49.5% (53.0)",
        "oppFenwick": "49.7% (43.5) // 49.8% (41.5) // 54.7% (45.2) // 51.8% (43.3)",
        "oppShots": "49.4% (31.9) // 48.9% (29.5) // 54.4% (31.2) // 52.3% (30.7)",
        "oppScoring": "49.9% (30.5) // 47.1% (27.0) // 48.2% (27.0) // 44.1% (25.0)",
        "oppCorsiAgainst": "48.9% (55.0) // 48.8% (53.4) // 46.3% (48.8) // 50.5% (54.0)",
        "oppFenwickAgainst": "50.3% (43.9) // 50.2% (41.8) // 45.3% (37.4) // 48.2% (40.3)",
        "oppShotsAgainst": "50.6% (32.6) // 51.1% (30.8) // 45.6% (26.2) // 47.7% (28.0)",
        "oppScoringAgainst": "50.1% (30.6) // 52.9% (30.2) // 51.8% (29.0) // 55.9% (31.7)",
        "savesPerGame": 30.1,
        "savesPerGameLast1": 20.0,
        "savesPerGameLast3": 22.7,
        "savesPerGameLast5": 27.4,
        "savesPer60": 30.1,
        "savesPer60Last1": 20.0,
        "savesPer60Last3": 22.4,
        "savesPer60Last5": 27.1,
        "shotsPerGame": 27.4,
        "shotsPerGameLast5": 26.8,
        "shotsAgainstPerGame": 33.7,
        "shotsAgainstPerGameLast5": 31.8,
        "oppSavesAgainstPer60": 28.6,
        "oppSavesAgainstPer60Last1": 33.0,
        "oppSavesAgainstPer60Last3": 27.2,
        "oppSavesAgainstPer60Last5": 28.7,
        "oppShotsAgainstPerGame": 32.9,
        "oppShotsAgainstPerGameLast5": 26.2,
        "savesProj": 29.4,
        "savesProjLast5": 26.6,
        "savesProjLast3": 20.9,
        "oppSavesAgainstProj": 30.3,
        "oppSavesAgainstProjLast5": 26.9,
        "oppSavesAgainstProjLast3": 22.1,
        "totalOver": 38,
        "totalOverLast5": 80,
        "totalOverLast15": 47,
        "lastTotalOver": 40,
        "last5": "3,1,2,2,0,0,2,0,0,0",
        "overOdds": "+110",
        "underOdds": "-140",
        "overUnder": "+110 / -140"
    },
    {
        "player": "Rasmus Dahlin",
        "team": "BUF",
        "opponent": "MTL",
        "propType": "ast",
        "line": 0.5,
        "ppLine": "PP1",
        "avg": 0.75,
        "hit": false,
        "diffAvg": 0.5,
        "diffAbs": 0.0,
        "lastAvg": 0.49,
        "diff": -0.02,
        "avgMin": 25,
        "proj": 0.5,
        "lastAvgMin": 24.0,
        "oppOver": 0,
        "teamOver": 0,
        "gameLine": "-175",
        "+/-": "+9",
        "L5_+/-": -13.0,
        "prevMatchup": "2022-11-22 2.0 ast 2022-10-27 0.0 ast",
        "winLossSplits": "1.11 - 0.39",
        "awayHome": "H",
        "playedYesterday": "N",
        "awayHomeSplits": "0.73 - 0.77",
        "savesAboveExp": 0.116,
        "gsaa": -17.08,
        "corsi": "51.1% (57.6) // 51.2% (55.9) // 53.7% (56.6) // 49.5% (53.0)",
        "fenwick": "49.7% (43.5) // 49.8% (41.5) // 54.7% (45.2) // 51.8% (43.3)",
        "shots": "49.4% (31.9) // 48.9% (29.5) // 54.4% (31.2) // 52.3% (30.7)",
        "scoring": "49.9% (30.5) // 47.1% (27.0) // 48.2% (27.0) // 44.1% (25.0)",
        "corsiAgainst": "48.9% (55.0) // 48.8% (53.4) // 46.3% (48.8) // 50.5% (54.0)",
        "fenwickAgainst": "50.3% (43.9) // 50.2% (41.8) // 45.3% (37.4) // 48.2% (40.3)",
        "shotsAgainst": "50.6% (32.6) // 51.1% (30.8) // 45.6% (26.2) // 47.7% (28.0)",
        "scoringAgainst": "50.1% (30.6) // 52.9% (30.2) // 51.8% (29.0) // 55.9% (31.7)",
        "oppCorsi": "44.8% (51.0) // 42.6% (47.9) // 47.9% (50.8) // 53.4% (55.3)",
        "oppFenwick": "44.8% (37.2) // 43.6% (35.6) // 50.6% (40.2) // 56.5% (43.7)",
        "oppShots": "44.8% (27.1) // 41.9% (24.5) // 46.9% (26.0) // 51.9% (27.7)",
        "oppScoring": "42.7% (25.2) // 40.0% (22.3) // 44.9% (23.0) // 50.3% (26.0)",
        "oppCorsiAgainst": "55.2% (63.0) // 57.4% (64.6) // 52.1% (55.2) // 46.6% (48.3)",
        "oppFenwickAgainst": "55.2% (45.8) // 56.4% (46.1) // 49.4% (39.2) // 43.5% (33.7)",
        "oppShotsAgainst": "55.2% (33.4) // 58.1% (33.9) // 53.1% (29.5) // 48.1% (25.7)",
        "oppScoringAgainst": "57.3% (33.8) // 60.0% (33.5) // 55.1% (28.2) // 49.7% (25.7)",
        "savesPerGame": 29.2,
        "savesPerGameLast1": 26.0,
        "savesPerGameLast3": 24.3,
        "savesPerGameLast5": 21.6,
        "savesPer60": 29.3,
        "savesPer60Last1": 25.6,
        "savesPer60Last3": 24.1,
        "savesPer60Last5": 21.5,
        "shotsPerGame": 32.2,
        "shotsPerGameLast5": 31.2,
        "shotsAgainstPerGame": 32.9,
        "shotsAgainstPerGameLast5": 26.2,
        "oppSavesAgainstPer60": 24.7,
        "oppSavesAgainstPer60Last1": 24.0,
        "oppSavesAgainstPer60Last3": 23.4,
        "oppSavesAgainstPer60Last5": 22.6,
        "oppShotsAgainstPerGame": 33.7,
        "oppShotsAgainstPerGameLast5": 31.8,
        "savesProj": 23.9,
        "savesProjLast5": 16.1,
        "savesProjLast3": 18.7,
        "oppSavesAgainstProj": 25.5,
        "oppSavesAgainstProjLast5": 17.2,
        "oppSavesAgainstProjLast3": 19.9,
        "totalOver": 56,
        "totalOverLast5": 40,
        "totalOverLast15": 27,
        "lastTotalOver": 39,
        "last5": "0,1,1,0,0,0,0,0,0,0",
        "overOdds": "-150",
        "underOdds": "+120",
        "overUnder": "-150 / +120"
    },
    {
        "player": "Tage Thompson",
        "team": "BUF",
        "opponent": "MTL",
        "propType": "ast",
        "line": 0.5,
        "ppLine": "",
        "avg": 0.62,
        "hit": false,
        "diffAvg": 0.24,
        "diffAbs": 0.2,
        "lastAvg": 0.38,
        "diff": -0.24,
        "avgMin": 18,
        "proj": 0.4,
        "lastAvgMin": 17.87,
        "oppOver": 0,
        "teamOver": 0,
        "gameLine": "-175",
        "+/-": "+6",
        "L5_+/-": -4.0,
        "prevMatchup": "2022-11-22 3.0 ast 2022-10-27 0.0 ast",
        "winLossSplits": "0.91 - 0.33",
        "awayHome": "H",
        "playedYesterday": "N",
        "awayHomeSplits": "0.66 - 0.59",
        "savesAboveExp": 0.116,
        "gsaa": -17.08,
        "corsi": "51.1% (57.6) // 51.2% (55.9) // 53.7% (56.6) // 49.5% (53.0)",
        "fenwick": "49.7% (43.5) // 49.8% (41.5) // 54.7% (45.2) // 51.8% (43.3)",
        "shots": "49.4% (31.9) // 48.9% (29.5) // 54.4% (31.2) // 52.3% (30.7)",
        "scoring": "49.9% (30.5) // 47.1% (27.0) // 48.2% (27.0) // 44.1% (25.0)",
        "corsiAgainst": "48.9% (55.0) // 48.8% (53.4) // 46.3% (48.8) // 50.5% (54.0)",
        "fenwickAgainst": "50.3% (43.9) // 50.2% (41.8) // 45.3% (37.4) // 48.2% (40.3)",
        "shotsAgainst": "50.6% (32.6) // 51.1% (30.8) // 45.6% (26.2) // 47.7% (28.0)",
        "scoringAgainst": "50.1% (30.6) // 52.9% (30.2) // 51.8% (29.0) // 55.9% (31.7)",
        "oppCorsi": "44.8% (51.0) // 42.6% (47.9) // 47.9% (50.8) // 53.4% (55.3)",
        "oppFenwick": "44.8% (37.2) // 43.6% (35.6) // 50.6% (40.2) // 56.5% (43.7)",
        "oppShots": "44.8% (27.1) // 41.9% (24.5) // 46.9% (26.0) // 51.9% (27.7)",
        "oppScoring": "42.7% (25.2) // 40.0% (22.3) // 44.9% (23.0) // 50.3% (26.0)",
        "oppCorsiAgainst": "55.2% (63.0) // 57.4% (64.6) // 52.1% (55.2) // 46.6% (48.3)",
        "oppFenwickAgainst": "55.2% (45.8) // 56.4% (46.1) // 49.4% (39.2) // 43.5% (33.7)",
        "oppShotsAgainst": "55.2% (33.4) // 58.1% (33.9) // 53.1% (29.5) // 48.1% (25.7)",
        "oppScoringAgainst": "57.3% (33.8) // 60.0% (33.5) // 55.1% (28.2) // 49.7% (25.7)",
        "savesPerGame": 29.2,
        "savesPerGameLast1": 26.0,
        "savesPerGameLast3": 24.3,
        "savesPerGameLast5": 21.6,
        "savesPer60": 29.3,
        "savesPer60Last1": 25.6,
        "savesPer60Last3": 24.1,
        "savesPer60Last5": 21.5,
        "shotsPerGame": 32.2,
        "shotsPerGameLast5": 31.2,
        "shotsAgainstPerGame": 32.9,
        "shotsAgainstPerGameLast5": 26.2,
        "oppSavesAgainstPer60": 24.7,
        "oppSavesAgainstPer60Last1": 24.0,
        "oppSavesAgainstPer60Last3": 23.4,
        "oppSavesAgainstPer60Last5": 22.6,
        "oppShotsAgainstPerGame": 33.7,
        "oppShotsAgainstPerGameLast5": 31.8,
        "savesProj": 23.9,
        "savesProjLast5": 16.1,
        "savesProjLast3": 18.7,
        "oppSavesAgainstProj": 25.5,
        "oppSavesAgainstProjLast5": 17.2,
        "oppSavesAgainstProjLast3": 19.9,
        "totalOver": 46,
        "totalOverLast5": 0,
        "totalOverLast15": 33,
        "lastTotalOver": 29,
        "last5": "0,0,0,0,0,0,1,1,2,0",
        "overOdds": "+110",
        "underOdds": "-140",
        "overUnder": "+110 / -140"
    },
    {
        "player": "Victor Olofsson",
        "team": "BUF",
        "opponent": "MTL",
        "propType": "ast",
        "line": 0.5,
        "ppLine": "PP1",
        "avg": 0.16,
        "hit": false,
        "diffAvg": -0.68,
        "diffAbs": 0.2,
        "lastAvg": 0.4,
        "diff": -0.2,
        "avgMin": 14,
        "proj": 0.4,
        "lastAvgMin": 15.37,
        "oppOver": 0,
        "teamOver": 0,
        "gameLine": "-175",
        "+/-": -27,
        "L5_+/-": -10.0,
        "prevMatchup": "2022-11-22 0.0 ast 2022-10-27 0.0 ast",
        "winLossSplits": "0.15 - 0.16",
        "awayHome": "H",
        "playedYesterday": "N",
        "awayHomeSplits": "0.15 - 0.16",
        "savesAboveExp": 0.116,
        "gsaa": -17.08,
        "corsi": "51.1% (57.6) // 51.2% (55.9) // 53.7% (56.6) // 49.5% (53.0)",
        "fenwick": "49.7% (43.5) // 49.8% (41.5) // 54.7% (45.2) // 51.8% (43.3)",
        "shots": "49.4% (31.9) // 48.9% (29.5) // 54.4% (31.2) // 52.3% (30.7)",
        "scoring": "49.9% (30.5) // 47.1% (27.0) // 48.2% (27.0) // 44.1% (25.0)",
        "corsiAgainst": "48.9% (55.0) // 48.8% (53.4) // 46.3% (48.8) // 50.5% (54.0)",
        "fenwickAgainst": "50.3% (43.9) // 50.2% (41.8) // 45.3% (37.4) // 48.2% (40.3)",
        "shotsAgainst": "50.6% (32.6) // 51.1% (30.8) // 45.6% (26.2) // 47.7% (28.0)",
        "scoringAgainst": "50.1% (30.6) // 52.9% (30.2) // 51.8% (29.0) // 55.9% (31.7)",
        "oppCorsi": "44.8% (51.0) // 42.6% (47.9) // 47.9% (50.8) // 53.4% (55.3)",
        "oppFenwick": "44.8% (37.2) // 43.6% (35.6) // 50.6% (40.2) // 56.5% (43.7)",
        "oppShots": "44.8% (27.1) // 41.9% (24.5) // 46.9% (26.0) // 51.9% (27.7)",
        "oppScoring": "42.7% (25.2) // 40.0% (22.3) // 44.9% (23.0) // 50.3% (26.0)",
        "oppCorsiAgainst": "55.2% (63.0) // 57.4% (64.6) // 52.1% (55.2) // 46.6% (48.3)",
        "oppFenwickAgainst": "55.2% (45.8) // 56.4% (46.1) // 49.4% (39.2) // 43.5% (33.7)",
        "oppShotsAgainst": "55.2% (33.4) // 58.1% (33.9) // 53.1% (29.5) // 48.1% (25.7)",
        "oppScoringAgainst": "57.3% (33.8) // 60.0% (33.5) // 55.1% (28.2) // 49.7% (25.7)",
        "savesPerGame": 29.2,
        "savesPerGameLast1": 26.0,
        "savesPerGameLast3": 24.3,
        "savesPerGameLast5": 21.6,
        "savesPer60": 29.3,
        "savesPer60Last1": 25.6,
        "savesPer60Last3": 24.1,
        "savesPer60Last5": 21.5,
        "shotsPerGame": 32.2,
        "shotsPerGameLast5": 31.2,
        "shotsAgainstPerGame": 32.9,
        "shotsAgainstPerGameLast5": 26.2,
        "oppSavesAgainstPer60": 24.7,
        "oppSavesAgainstPer60Last1": 24.0,
        "oppSavesAgainstPer60Last3": 23.4,
        "oppSavesAgainstPer60Last5": 22.6,
        "oppShotsAgainstPerGame": 33.7,
        "oppShotsAgainstPerGameLast5": 31.8,
        "savesProj": 23.9,
        "savesProjLast5": 16.1,
        "savesProjLast3": 18.7,
        "oppSavesAgainstProj": 25.5,
        "oppSavesAgainstProjLast5": 17.2,
        "oppSavesAgainstProjLast3": 19.9,
        "totalOver": 14,
        "totalOverLast5": 40,
        "totalOverLast15": 13,
        "lastTotalOver": 32,
        "last5": "0,1,1,0,0,0,0,0,0,0",
        "overOdds": "+260",
        "underOdds": "-335",
        "overUnder": "+260 / -335"
    },
    {
        "player": "Casey Mittelstadt",
        "team": "BUF",
        "opponent": "MTL",
        "propType": "ast",
        "line": 0.5,
        "ppLine": "PP2",
        "avg": 0.46,
        "hit": false,
        "diffAvg": -0.08,
        "diffAbs": 0.4,
        "lastAvg": 0.33,
        "diff": -0.34,
        "avgMin": 15,
        "proj": 0.3,
        "lastAvgMin": 16.12,
        "oppOver": 0,
        "teamOver": 0,
        "gameLine": "-175",
        "+/-": -15,
        "L5_+/-": -6.0,
        "prevMatchup": "2022-11-22 0.0 ast 2022-10-27 0.0 ast",
        "winLossSplits": "0.59 - 0.35",
        "awayHome": "H",
        "playedYesterday": "N",
        "awayHomeSplits": "0.46 - 0.46",
        "savesAboveExp": 0.116,
        "gsaa": -17.08,
        "corsi": "51.1% (57.6) // 51.2% (55.9) // 53.7% (56.6) // 49.5% (53.0)",
        "fenwick": "49.7% (43.5) // 49.8% (41.5) // 54.7% (45.2) // 51.8% (43.3)",
        "shots": "49.4% (31.9) // 48.9% (29.5) // 54.4% (31.2) // 52.3% (30.7)",
        "scoring": "49.9% (30.5) // 47.1% (27.0) // 48.2% (27.0) // 44.1% (25.0)",
        "corsiAgainst": "48.9% (55.0) // 48.8% (53.4) // 46.3% (48.8) // 50.5% (54.0)",
        "fenwickAgainst": "50.3% (43.9) // 50.2% (41.8) // 45.3% (37.4) // 48.2% (40.3)",
        "shotsAgainst": "50.6% (32.6) // 51.1% (30.8) // 45.6% (26.2) // 47.7% (28.0)",
        "scoringAgainst": "50.1% (30.6) // 52.9% (30.2) // 51.8% (29.0) // 55.9% (31.7)",
        "oppCorsi": "44.8% (51.0) // 42.6% (47.9) // 47.9% (50.8) // 53.4% (55.3)",
        "oppFenwick": "44.8% (37.2) // 43.6% (35.6) // 50.6% (40.2) // 56.5% (43.7)",
        "oppShots": "44.8% (27.1) // 41.9% (24.5) // 46.9% (26.0) // 51.9% (27.7)",
        "oppScoring": "42.7% (25.2) // 40.0% (22.3) // 44.9% (23.0) // 50.3% (26.0)",
        "oppCorsiAgainst": "55.2% (63.0) // 57.4% (64.6) // 52.1% (55.2) // 46.6% (48.3)",
        "oppFenwickAgainst": "55.2% (45.8) // 56.4% (46.1) // 49.4% (39.2) // 43.5% (33.7)",
        "oppShotsAgainst": "55.2% (33.4) // 58.1% (33.9) // 53.1% (29.5) // 48.1% (25.7)",
        "oppScoringAgainst": "57.3% (33.8) // 60.0% (33.5) // 55.1% (28.2) // 49.7% (25.7)",
        "savesPerGame": 29.2,
        "savesPerGameLast1": 26.0,
        "savesPerGameLast3": 24.3,
        "savesPerGameLast5": 21.6,
        "savesPer60": 29.3,
        "savesPer60Last1": 25.6,
        "savesPer60Last3": 24.1,
        "savesPer60Last5": 21.5,
        "shotsPerGame": 32.2,
        "shotsPerGameLast5": 31.2,
        "shotsAgainstPerGame": 32.9,
        "shotsAgainstPerGameLast5": 26.2,
        "oppSavesAgainstPer60": 24.7,
        "oppSavesAgainstPer60Last1": 24.0,
        "oppSavesAgainstPer60Last3": 23.4,
        "oppSavesAgainstPer60Last5": 22.6,
        "oppShotsAgainstPerGame": 33.7,
        "oppShotsAgainstPerGameLast5": 31.8,
        "savesProj": 23.9,
        "savesProjLast5": 16.1,
        "savesProjLast3": 18.7,
        "oppSavesAgainstProj": 25.5,
        "oppSavesAgainstProjLast5": 17.2,
        "oppSavesAgainstProjLast3": 19.9,
        "totalOver": 35,
        "totalOverLast5": 40,
        "totalOverLast15": 27,
        "lastTotalOver": 28,
        "last5": "1,0,0,0,2,0,0,0,0,0",
        "overOdds": "+170",
        "underOdds": "-210",
        "overUnder": "+170 / -210"
    },
    {
        "player": "Jack Quinn",
        "team": "BUF",
        "opponent": "MTL",
        "propType": "ast",
        "line": 0.5,
        "ppLine": "PP1",
        "avg": 0.31,
        "hit": false,
        "diffAvg": -0.38,
        "diffAbs": 1.0,
        "lastAvg": 0,
        "diff": 0,
        "avgMin": 13,
        "proj": 0.0,
        "lastAvgMin": 0,
        "oppOver": 0,
        "teamOver": 0,
        "gameLine": "-175",
        "+/-": "+1",
        "L5_+/-": -5.0,
        "prevMatchup": "2022-11-22 1.0 ast 2022-10-27 1.0 ast",
        "winLossSplits": "0.3 - 0.28",
        "awayHome": "H",
        "playedYesterday": "N",
        "awayHomeSplits": "0.31 - 0.3",
        "savesAboveExp": 0.116,
        "gsaa": -17.08,
        "corsi": "51.1% (57.6) // 51.2% (55.9) // 53.7% (56.6) // 49.5% (53.0)",
        "fenwick": "49.7% (43.5) // 49.8% (41.5) // 54.7% (45.2) // 51.8% (43.3)",
        "shots": "49.4% (31.9) // 48.9% (29.5) // 54.4% (31.2) // 52.3% (30.7)",
        "scoring": "49.9% (30.5) // 47.1% (27.0) // 48.2% (27.0) // 44.1% (25.0)",
        "corsiAgainst": "48.9% (55.0) // 48.8% (53.4) // 46.3% (48.8) // 50.5% (54.0)",
        "fenwickAgainst": "50.3% (43.9) // 50.2% (41.8) // 45.3% (37.4) // 48.2% (40.3)",
        "shotsAgainst": "50.6% (32.6) // 51.1% (30.8) // 45.6% (26.2) // 47.7% (28.0)",
        "scoringAgainst": "50.1% (30.6) // 52.9% (30.2) // 51.8% (29.0) // 55.9% (31.7)",
        "oppCorsi": "44.8% (51.0) // 42.6% (47.9) // 47.9% (50.8) // 53.4% (55.3)",
        "oppFenwick": "44.8% (37.2) // 43.6% (35.6) // 50.6% (40.2) // 56.5% (43.7)",
        "oppShots": "44.8% (27.1) // 41.9% (24.5) // 46.9% (26.0) // 51.9% (27.7)",
        "oppScoring": "42.7% (25.2) // 40.0% (22.3) // 44.9% (23.0) // 50.3% (26.0)",
        "oppCorsiAgainst": "55.2% (63.0) // 57.4% (64.6) // 52.1% (55.2) // 46.6% (48.3)",
        "oppFenwickAgainst": "55.2% (45.8) // 56.4% (46.1) // 49.4% (39.2) // 43.5% (33.7)",
        "oppShotsAgainst": "55.2% (33.4) // 58.1% (33.9) // 53.1% (29.5) // 48.1% (25.7)",
        "oppScoringAgainst": "57.3% (33.8) // 60.0% (33.5) // 55.1% (28.2) // 49.7% (25.7)",
        "savesPerGame": 29.2,
        "savesPerGameLast1": 26.0,
        "savesPerGameLast3": 24.3,
        "savesPerGameLast5": 21.6,
        "savesPer60": 29.3,
        "savesPer60Last1": 25.6,
        "savesPer60Last3": 24.1,
        "savesPer60Last5": 21.5,
        "shotsPerGame": 32.2,
        "shotsPerGameLast5": 31.2,
        "shotsAgainstPerGame": 32.9,
        "shotsAgainstPerGameLast5": 26.2,
        "oppSavesAgainstPer60": 24.7,
        "oppSavesAgainstPer60Last1": 24.0,
        "oppSavesAgainstPer60Last3": 23.4,
        "oppSavesAgainstPer60Last5": 22.6,
        "oppShotsAgainstPerGame": 33.7,
        "oppShotsAgainstPerGameLast5": 31.8,
        "savesProj": 23.9,
        "savesProjLast5": 16.1,
        "savesProjLast3": 18.7,
        "oppSavesAgainstProj": 25.5,
        "oppSavesAgainstProjLast5": 17.2,
        "oppSavesAgainstProjLast3": 19.9,
        "totalOver": 26,
        "totalOverLast5": 40,
        "totalOverLast15": 27,
        "lastTotalOver": 50,
        "last5": "0,1,1,0,0,1,0,0,0,0",
        "overOdds": "+200",
        "underOdds": "-250",
        "overUnder": "+200 / -250"
    },
    {
        "player": "Owen Power",
        "team": "BUF",
        "opponent": "MTL",
        "propType": "ast",
        "line": 0.5,
        "ppLine": "PP2",
        "avg": 0.35,
        "hit": false,
        "diffAvg": -0.3,
        "diffAbs": 1.0,
        "lastAvg": 0,
        "diff": 0,
        "avgMin": 23,
        "proj": 0.0,
        "lastAvgMin": 0,
        "oppOver": 0,
        "teamOver": 0,
        "gameLine": "-175",
        "+/-": "+8",
        "L5_+/-": -3.0,
        "prevMatchup": "2022-11-22 0.0 ast 2022-10-27 0.0 ast",
        "winLossSplits": "0.5 - 0.19",
        "awayHome": "H",
        "playedYesterday": "N",
        "awayHomeSplits": "0.38 - 0.32",
        "savesAboveExp": 0.116,
        "gsaa": -17.08,
        "corsi": "51.1% (57.6) // 51.2% (55.9) // 53.7% (56.6) // 49.5% (53.0)",
        "fenwick": "49.7% (43.5) // 49.8% (41.5) // 54.7% (45.2) // 51.8% (43.3)",
        "shots": "49.4% (31.9) // 48.9% (29.5) // 54.4% (31.2) // 52.3% (30.7)",
        "scoring": "49.9% (30.5) // 47.1% (27.0) // 48.2% (27.0) // 44.1% (25.0)",
        "corsiAgainst": "48.9% (55.0) // 48.8% (53.4) // 46.3% (48.8) // 50.5% (54.0)",
        "fenwickAgainst": "50.3% (43.9) // 50.2% (41.8) // 45.3% (37.4) // 48.2% (40.3)",
        "shotsAgainst": "50.6% (32.6) // 51.1% (30.8) // 45.6% (26.2) // 47.7% (28.0)",
        "scoringAgainst": "50.1% (30.6) // 52.9% (30.2) // 51.8% (29.0) // 55.9% (31.7)",
        "oppCorsi": "44.8% (51.0) // 42.6% (47.9) // 47.9% (50.8) // 53.4% (55.3)",
        "oppFenwick": "44.8% (37.2) // 43.6% (35.6) // 50.6% (40.2) // 56.5% (43.7)",
        "oppShots": "44.8% (27.1) // 41.9% (24.5) // 46.9% (26.0) // 51.9% (27.7)",
        "oppScoring": "42.7% (25.2) // 40.0% (22.3) // 44.9% (23.0) // 50.3% (26.0)",
        "oppCorsiAgainst": "55.2% (63.0) // 57.4% (64.6) // 52.1% (55.2) // 46.6% (48.3)",
        "oppFenwickAgainst": "55.2% (45.8) // 56.4% (46.1) // 49.4% (39.2) // 43.5% (33.7)",
        "oppShotsAgainst": "55.2% (33.4) // 58.1% (33.9) // 53.1% (29.5) // 48.1% (25.7)",
        "oppScoringAgainst": "57.3% (33.8) // 60.0% (33.5) // 55.1% (28.2) // 49.7% (25.7)",
        "savesPerGame": 29.2,
        "savesPerGameLast1": 26.0,
        "savesPerGameLast3": 24.3,
        "savesPerGameLast5": 21.6,
        "savesPer60": 29.3,
        "savesPer60Last1": 25.6,
        "savesPer60Last3": 24.1,
        "savesPer60Last5": 21.5,
        "shotsPerGame": 32.2,
        "shotsPerGameLast5": 31.2,
        "shotsAgainstPerGame": 32.9,
        "shotsAgainstPerGameLast5": 26.2,
        "oppSavesAgainstPer60": 24.7,
        "oppSavesAgainstPer60Last1": 24.0,
        "oppSavesAgainstPer60Last3": 23.4,
        "oppSavesAgainstPer60Last5": 22.6,
        "oppShotsAgainstPerGame": 33.7,
        "oppShotsAgainstPerGameLast5": 31.8,
        "savesProj": 23.9,
        "savesProjLast5": 16.1,
        "savesProjLast3": 18.7,
        "oppSavesAgainstProj": 25.5,
        "oppSavesAgainstProjLast5": 17.2,
        "oppSavesAgainstProjLast3": 19.9,
        "totalOver": 28,
        "totalOverLast5": 20,
        "totalOverLast15": 33,
        "lastTotalOver": 12,
        "last5": "0,0,0,0,1,1,2,0,0,1",
        "overOdds": "+155",
        "underOdds": "-190",
        "overUnder": "+155 / -190"
    },
    {
        "player": "Rafael Harvey-Pinard",
        "team": "MTL",
        "opponent": "BUF",
        "propType": "ast",
        "line": 0.5,
        "ppLine": "",
        "avg": 0.17,
        "hit": false,
        "diffAvg": -0.66,
        "diffAbs": 1.0,
        "lastAvg": 0,
        "diff": 0,
        "avgMin": 17,
        "proj": 0.0,
        "lastAvgMin": 0,
        "oppOver": 0,
        "teamOver": 0,
        "gameLine": "+150",
        "+/-": "+9",
        "L5_+/-": "+1.0",
        "prevMatchup": "",
        "winLossSplits": "0.34 - 0.06",
        "awayHome": "A",
        "playedYesterday": "N",
        "awayHomeSplits": "0.23 - 0.12",
        "savesAboveExp": -0.339,
        "gsaa": -11.94,
        "corsi": "44.8% (51.0) // 42.6% (47.9) // 47.9% (50.8) // 53.4% (55.3)",
