[
    {
        "player": "Alexander Barabanov",
        "team": "SJ",
        "opponent": "CGY",
        "propType": "g",
        "line": 0.5,
        "ppLine": "PP2",
        "avg": 0.22,
        "hit": false,
        "diffAvg": -0.56,
        "diffAbs": 0.8,
        "lastAvg": 0.14,
        "diff": -0.72,
        "avgMin": 18,
        "proj": 0.1,
        "lastAvgMin": 17.17,
        "oppOver": 0,
        "teamOver": 0,
        "gameLine": "+240",
        "+/-": -30,
        "L5_+/-": -9.0,
        "prevMatchup": "2022-12-20 1.0 g, 2022-12-18 0.0 g",
        "winLossSplits": "0.23 - 0.22",
        "awayHome": "A",
        "playedYesterday": "N",
        "awayHomeSplits": "0.26 - 0.19",
        "savesAboveExp": 0.114,
        "gsaa": -19.59,
        "corsi": "48.3% (55.9) // 46.6% (55.4) // 43.2% (48.6) // 39.0% (40.9)",
        "fenwick": "48.2% (41.0) // 45.1% (39.5) // 42.1% (35.5) // 40.5% (32.7)",
        "shots": "48.5% (29.4) // 45.2% (28.8) // 45.0% (27.5) // 41.1% (24.5)",
        "scoring": "50.2% (31.9) // 46.6% (30.7) // 44.8% (28.2) // 39.7% (26.0)",
        "corsiAgainst": "51.7% (59.8) // 53.4% (63.5) // 56.8% (64.0) // 61.0% (64.0)",
        "fenwickAgainst": "51.8% (44.0) // 54.9% (48.1) // 57.9% (48.9) // 59.5% (48.1)",
        "shotsAgainst": "51.5% (31.3) // 54.8% (34.9) // 55.0% (33.6) // 58.9% (35.1)",
        "scoringAgainst": "49.8% (31.6) // 53.4% (35.1) // 55.2% (34.8) // 60.3% (39.4)",
        "oppCorsi": "56.5% (65.6) // 57.0% (65.9) // 56.0% (63.4) // 55.5% (65.7)",
        "oppFenwick": "56.2% (48.8) // 56.0% (48.2) // 56.3% (46.9) // 54.0% (47.7)",
        "oppShots": "56.6% (35.1) // 55.9% (35.0) // 56.0% (34.1) // 53.6% (35.0)",
        "oppScoring": "53.9% (32.2) // 56.5% (34.5) // 55.3% (34.1) // 55.3% (36.3)",
        "oppCorsiAgainst": "43.5% (50.5) // 43.0% (49.7) // 44.0% (49.8) // 44.5% (52.7)",
        "oppFenwickAgainst": "43.8% (38.1) // 44.0% (37.9) // 43.7% (36.4) // 46.0% (40.7)",
        "oppShotsAgainst": "43.4% (26.9) // 44.1% (27.7) // 44.0% (26.8) // 46.4% (30.3)",
        "oppScoringAgainst": "46.1% (27.6) // 43.5% (26.5) // 44.7% (27.6) // 44.7% (29.3)",
        "savesPerGame": 27.9,
        "savesPerGameLast1": 14.0,
        "savesPerGameLast3": 30.0,
        "savesPerGameLast5": 32.4,
        "savesPer60": 28.0,
        "savesPer60Last1": 14.0,
        "savesPer60Last3": 30.8,
        "savesPer60Last5": 33.5,
        "shotsPerGame": 29.8,
        "shotsPerGameLast5": 29.0,
        "shotsAgainstPerGame": 31.8,
        "shotsAgainstPerGameLast5": 37.2,
        "oppSavesAgainstPer60": 32.7,
        "oppSavesAgainstPer60Last1": 42.0,
        "oppSavesAgainstPer60Last3": 32.4,
        "oppSavesAgainstPer60Last5": 31.0,
        "oppShotsAgainstPerGame": 27.3,
        "oppShotsAgainstPerGameLast5": 27.2,
        "savesProj": 37.4,
        "savesProjLast5": 41.9,
        "savesProjLast3": 40.6,
        "oppSavesAgainstProj": 32.5,
        "oppSavesAgainstProjLast5": 36.1,
        "oppSavesAgainstProjLast3": 33.9,
        "totalOver": 22,
        "totalOverLast5": 40,
        "totalOverLast15": 27,
        "lastTotalOver": 13,
        "last5": "0,1,0,0,1,0,0,0,0,1",
        "overOdds": "+280",
        "underOdds": "0",
        "overUnder": "+280 / 0"
    },
    {
        "player": "Andrew Mangiapane",
        "team": "CGY",
        "opponent": "SJ",
        "propType": "g",
        "line": 0.5,
        "ppLine": "PP1",
        "avg": 0.18,
        "hit": false,
        "diffAvg": -0.64,
        "diffAbs": 0.2,
        "lastAvg": 0.37,
        "diff": -0.26,
        "avgMin": 16,
        "proj": 0.4,
        "lastAvgMin": 15.72,
        "oppOver": 0,
        "teamOver": 0,
        "gameLine": "-285",
        "+/-": "+6",
        "L5_+/-": "+1.0",
        "prevMatchup": "2022-12-20 0.0 g, 2022-12-18 0.0 g",
        "winLossSplits": "0.27 - 0.09",
        "awayHome": "H",
        "playedYesterday": "N",
        "awayHomeSplits": "0.13 - 0.23",
        "savesAboveExp": -1.142,
        "gsaa": -25.05,
        "corsi": "56.5% (65.6) // 57.0% (65.9) // 56.0% (63.4) // 55.5% (65.7)",
        "fenwick": "56.2% (48.8) // 56.0% (48.2) // 56.3% (46.9) // 54.0% (47.7)",
        "shots": "56.6% (35.1) // 55.9% (35.0) // 56.0% (34.1) // 53.6% (35.0)",
        "scoring": "53.9% (32.2) // 56.5% (34.5) // 55.3% (34.1) // 55.3% (36.3)",
        "corsiAgainst": "43.5% (50.5) // 43.0% (49.7) // 44.0% (49.8) // 44.5% (52.7)",
        "fenwickAgainst": "43.8% (38.1) // 44.0% (37.9) // 43.7% (36.4) // 46.0% (40.7)",
        "shotsAgainst": "43.4% (26.9) // 44.1% (27.7) // 44.0% (26.8) // 46.4% (30.3)",
        "scoringAgainst": "46.1% (27.6) // 43.5% (26.5) // 44.7% (27.6) // 44.7% (29.3)",
        "oppCorsi": "48.3% (55.9) // 46.6% (55.4) // 43.2% (48.6) // 39.0% (40.9)",
        "oppFenwick": "48.2% (41.0) // 45.1% (39.5) // 42.1% (35.5) // 40.5% (32.7)",
        "oppShots": "48.5% (29.4) // 45.2% (28.8) // 45.0% (27.5) // 41.1% (24.5)",
        "oppScoring": "50.2% (31.9) // 46.6% (30.7) // 44.8% (28.2) // 39.7% (26.0)",
        "oppCorsiAgainst": "51.7% (59.8) // 53.4% (63.5) // 56.8% (64.0) // 61.0% (64.0)",
        "oppFenwickAgainst": "51.8% (44.0) // 54.9% (48.1) // 57.9% (48.9) // 59.5% (48.1)",
        "oppShotsAgainst": "51.5% (31.3) // 54.8% (34.9) // 55.0% (33.6) // 58.9% (35.1)",
        "oppScoringAgainst": "49.8% (31.6) // 53.4% (35.1) // 55.2% (34.8) // 60.3% (39.4)",
        "savesPerGame": 24.2,
        "savesPerGameLast1": 29.0,
        "savesPerGameLast3": 26.3,
        "savesPerGameLast5": 23.2,
        "savesPer60": 24.3,
        "savesPer60Last1": 27.9,
        "savesPer60Last3": 26.0,
        "savesPer60Last5": 23.4,
        "shotsPerGame": 35.6,
        "shotsPerGameLast5": 34.6,
        "shotsAgainstPerGame": 27.3,
        "shotsAgainstPerGameLast5": 27.2,
        "oppSavesAgainstPer60": 27.1,
        "oppSavesAgainstPer60Last1": 17.3,
        "oppSavesAgainstPer60Last3": 25.1,
        "oppSavesAgainstPer60Last5": 26.9,
        "oppShotsAgainstPerGame": 31.8,
        "oppShotsAgainstPerGameLast5": 37.2,
        "savesProj": 23.4,
        "savesProjLast5": 22.1,
        "savesProjLast3": 22.9,
        "oppSavesAgainstProj": 23.4,
        "oppSavesAgainstProjLast5": 22.0,
        "oppSavesAgainstProjLast3": 23.4,
        "totalOver": 16,
        "totalOverLast5": 20,
        "totalOverLast15": 7,
        "lastTotalOver": 36,
        "last5": "0,1,0,0,0,0,0,0,0,0",
        "overOdds": "+205",
        "underOdds": "0",
        "overUnder": "+205 / 0"
    },
    {
        "player": "Blake Coleman",
        "team": "CGY",
        "opponent": "SJ",
        "propType": "g",
        "line": 0.5,
        "ppLine": "",
        "avg": 0.23,
        "hit": false,
        "diffAvg": -0.54,
        "diffAbs": 0.6,
        "lastAvg": 0.17,
        "diff": -0.66,
        "avgMin": 15,
        "proj": 0.2,
        "lastAvgMin": 14.82,
        "oppOver": 0,
        "teamOver": 0,
        "gameLine": "-285",
        "+/-": "+11",
        "L5_+/-": -1.0,
        "prevMatchup": "2022-12-20 0.0 g, 2022-12-18 0.0 g",
        "winLossSplits": "0.33 - 0.15",
        "awayHome": "H",
        "playedYesterday": "N",
        "awayHomeSplits": "0.21 - 0.26",
        "savesAboveExp": -1.142,
        "gsaa": -25.05,
        "corsi": "56.5% (65.6) // 57.0% (65.9) // 56.0% (63.4) // 55.5% (65.7)",
        "fenwick": "56.2% (48.8) // 56.0% (48.2) // 56.3% (46.9) // 54.0% (47.7)",
        "shots": "56.6% (35.1) // 55.9% (35.0) // 56.0% (34.1) // 53.6% (35.0)",
        "scoring": "53.9% (32.2) // 56.5% (34.5) // 55.3% (34.1) // 55.3% (36.3)",
        "corsiAgainst": "43.5% (50.5) // 43.0% (49.7) // 44.0% (49.8) // 44.5% (52.7)",
        "fenwickAgainst": "43.8% (38.1) // 44.0% (37.9) // 43.7% (36.4) // 46.0% (40.7)",
        "shotsAgainst": "43.4% (26.9) // 44.1% (27.7) // 44.0% (26.8) // 46.4% (30.3)",
        "scoringAgainst": "46.1% (27.6) // 43.5% (26.5) // 44.7% (27.6) // 44.7% (29.3)",
        "oppCorsi": "48.3% (55.9) // 46.6% (55.4) // 43.2% (48.6) // 39.0% (40.9)",
        "oppFenwick": "48.2% (41.0) // 45.1% (39.5) // 42.1% (35.5) // 40.5% (32.7)",
        "oppShots": "48.5% (29.4) // 45.2% (28.8) // 45.0% (27.5) // 41.1% (24.5)",
        "oppScoring": "50.2% (31.9) // 46.6% (30.7) // 44.8% (28.2) // 39.7% (26.0)",
        "oppCorsiAgainst": "51.7% (59.8) // 53.4% (63.5) // 56.8% (64.0) // 61.0% (64.0)",
        "oppFenwickAgainst": "51.8% (44.0) // 54.9% (48.1) // 57.9% (48.9) // 59.5% (48.1)",
        "oppShotsAgainst": "51.5% (31.3) // 54.8% (34.9) // 55.0% (33.6) // 58.9% (35.1)",
        "oppScoringAgainst": "49.8% (31.6) // 53.4% (35.1) // 55.2% (34.8) // 60.3% (39.4)",
        "savesPerGame": 24.2,
        "savesPerGameLast1": 29.0,
        "savesPerGameLast3": 26.3,
        "savesPerGameLast5": 23.2,
        "savesPer60": 24.3,
        "savesPer60Last1": 27.9,
        "savesPer60Last3": 26.0,
        "savesPer60Last5": 23.4,
        "shotsPerGame": 35.6,
        "shotsPerGameLast5": 34.6,
        "shotsAgainstPerGame": 27.3,
        "shotsAgainstPerGameLast5": 27.2,
        "oppSavesAgainstPer60": 27.1,
        "oppSavesAgainstPer60Last1": 17.3,
        "oppSavesAgainstPer60Last3": 25.1,
        "oppSavesAgainstPer60Last5": 26.9,
        "oppShotsAgainstPerGame": 31.8,
        "oppShotsAgainstPerGameLast5": 37.2,
        "savesProj": 23.4,
        "savesProjLast5": 22.1,
        "savesProjLast3": 22.9,
        "oppSavesAgainstProj": 23.4,
        "oppSavesAgainstProjLast5": 22.0,
        "oppSavesAgainstProjLast3": 23.4,
        "totalOver": 22,
        "totalOverLast5": 40,
        "totalOverLast15": 27,
        "lastTotalOver": 15,
        "last5": "0,0,0,1,2,0,0,0,0,0",
        "overOdds": "+270",
        "underOdds": "0",
        "overUnder": "+270 / 0"
    },
    {
        "player": "Elias Lindholm",
        "team": "CGY",
        "opponent": "SJ",
        "propType": "g",
        "line": 0.5,
        "ppLine": "PP1",
        "avg": 0.3,
        "hit": false,
        "diffAvg": -0.4,
        "diffAbs": 0.2,
        "lastAvg": 0.45,
        "diff": -0.1,
        "avgMin": 18,
        "proj": 0.4,
        "lastAvgMin": 19.93,
        "oppOver": 0,
        "teamOver": 0,
        "gameLine": "-285",
        "+/-": "+4",
        "L5_+/-": "+4.0",
        "prevMatchup": "2022-12-20 0.0 g, 2022-12-18 2.0 g",
        "winLossSplits": "0.47 - 0.14",
        "awayHome": "H",
        "playedYesterday": "N",
        "awayHomeSplits": "0.24 - 0.35",
        "savesAboveExp": -1.142,
        "gsaa": -25.05,
        "corsi": "56.5% (65.6) // 57.0% (65.9) // 56.0% (63.4) // 55.5% (65.7)",
        "fenwick": "56.2% (48.8) // 56.0% (48.2) // 56.3% (46.9) // 54.0% (47.7)",
        "shots": "56.6% (35.1) // 55.9% (35.0) // 56.0% (34.1) // 53.6% (35.0)",
        "scoring": "53.9% (32.2) // 56.5% (34.5) // 55.3% (34.1) // 55.3% (36.3)",
        "corsiAgainst": "43.5% (50.5) // 43.0% (49.7) // 44.0% (49.8) // 44.5% (52.7)",
        "fenwickAgainst": "43.8% (38.1) // 44.0% (37.9) // 43.7% (36.4) // 46.0% (40.7)",
        "shotsAgainst": "43.4% (26.9) // 44.1% (27.7) // 44.0% (26.8) // 46.4% (30.3)",
        "scoringAgainst": "46.1% (27.6) // 43.5% (26.5) // 44.7% (27.6) // 44.7% (29.3)",
        "oppCorsi": "48.3% (55.9) // 46.6% (55.4) // 43.2% (48.6) // 39.0% (40.9)",
        "oppFenwick": "48.2% (41.0) // 45.1% (39.5) // 42.1% (35.5) // 40.5% (32.7)",
        "oppShots": "48.5% (29.4) // 45.2% (28.8) // 45.0% (27.5) // 41.1% (24.5)",
        "oppScoring": "50.2% (31.9) // 46.6% (30.7) // 44.8% (28.2) // 39.7% (26.0)",
        "oppCorsiAgainst": "51.7% (59.8) // 53.4% (63.5) // 56.8% (64.0) // 61.0% (64.0)",
        "oppFenwickAgainst": "51.8% (44.0) // 54.9% (48.1) // 57.9% (48.9) // 59.5% (48.1)",
        "oppShotsAgainst": "51.5% (31.3) // 54.8% (34.9) // 55.0% (33.6) // 58.9% (35.1)",
        "oppScoringAgainst": "49.8% (31.6) // 53.4% (35.1) // 55.2% (34.8) // 60.3% (39.4)",
        "savesPerGame": 24.2,
        "savesPerGameLast1": 29.0,
        "savesPerGameLast3": 26.3,
        "savesPerGameLast5": 23.2,
        "savesPer60": 24.3,
        "savesPer60Last1": 27.9,
        "savesPer60Last3": 26.0,
        "savesPer60Last5": 23.4,
        "shotsPerGame": 35.6,
        "shotsPerGameLast5": 34.6,
        "shotsAgainstPerGame": 27.3,
        "shotsAgainstPerGameLast5": 27.2,
        "oppSavesAgainstPer60": 27.1,
        "oppSavesAgainstPer60Last1": 17.3,
        "oppSavesAgainstPer60Last3": 25.1,
        "oppSavesAgainstPer60Last5": 26.9,
        "oppShotsAgainstPerGame": 31.8,
        "oppShotsAgainstPerGameLast5": 37.2,
        "savesProj": 23.4,
        "savesProjLast5": 22.1,
        "savesProjLast3": 22.9,
        "oppSavesAgainstProj": 23.4,
        "oppSavesAgainstProjLast5": 22.0,
        "oppSavesAgainstProjLast3": 23.4,
        "totalOver": 28,
        "totalOverLast5": 40,
        "totalOverLast15": 27,
        "lastTotalOver": 43,
        "last5": "0,1,0,1,0,0,1,0,0,1",
        "overOdds": "+130",
        "underOdds": "0",
        "overUnder": "+130 / 0"
    },
    {
        "player": "Erik Karlsson",
        "team": "SJ",
        "opponent": "CGY",
        "propType": "g",
        "line": 0.5,
        "ppLine": "PP1",
        "avg": 0.31,
        "hit": false,
        "diffAvg": -0.38,
        "diffAbs": 0.6,
        "lastAvg": 0.2,
        "diff": -0.6,
        "avgMin": 25,
        "proj": 0.2,
        "lastAvgMin": 23.47,
        "oppOver": 0,
        "teamOver": 0,
        "gameLine": "+240",
        "+/-": -16,
        "L5_+/-": -11.0,
        "prevMatchup": "2022-12-20 0.0 g, 2022-12-18 0.0 g",
        "winLossSplits": "0.51 - 0.24",
        "awayHome": "A",
        "playedYesterday": "N",
        "awayHomeSplits": "0.25 - 0.36",
        "savesAboveExp": 0.114,
        "gsaa": -19.59,
        "corsi": "48.3% (55.9) // 46.6% (55.4) // 43.2% (48.6) // 39.0% (40.9)",
        "fenwick": "48.2% (41.0) // 45.1% (39.5) // 42.1% (35.5) // 40.5% (32.7)",
        "shots": "48.5% (29.4) // 45.2% (28.8) // 45.0% (27.5) // 41.1% (24.5)",
        "scoring": "50.2% (31.9) // 46.6% (30.7) // 44.8% (28.2) // 39.7% (26.0)",
        "corsiAgainst": "51.7% (59.8) // 53.4% (63.5) // 56.8% (64.0) // 61.0% (64.0)",
        "fenwickAgainst": "51.8% (44.0) // 54.9% (48.1) // 57.9% (48.9) // 59.5% (48.1)",
        "shotsAgainst": "51.5% (31.3) // 54.8% (34.9) // 55.0% (33.6) // 58.9% (35.1)",
        "scoringAgainst": "49.8% (31.6) // 53.4% (35.1) // 55.2% (34.8) // 60.3% (39.4)",
        "oppCorsi": "56.5% (65.6) // 57.0% (65.9) // 56.0% (63.4) // 55.5% (65.7)",
        "oppFenwick": "56.2% (48.8) // 56.0% (48.2) // 56.3% (46.9) // 54.0% (47.7)",
        "oppShots": "56.6% (35.1) // 55.9% (35.0) // 56.0% (34.1) // 53.6% (35.0)",
        "oppScoring": "53.9% (32.2) // 56.5% (34.5) // 55.3% (34.1) // 55.3% (36.3)",
        "oppCorsiAgainst": "43.5% (50.5) // 43.0% (49.7) // 44.0% (49.8) // 44.5% (52.7)",
        "oppFenwickAgainst": "43.8% (38.1) // 44.0% (37.9) // 43.7% (36.4) // 46.0% (40.7)",
        "oppShotsAgainst": "43.4% (26.9) // 44.1% (27.7) // 44.0% (26.8) // 46.4% (30.3)",
        "oppScoringAgainst": "46.1% (27.6) // 43.5% (26.5) // 44.7% (27.6) // 44.7% (29.3)",
        "savesPerGame": 27.9,
        "savesPerGameLast1": 14.0,
        "savesPerGameLast3": 30.0,
        "savesPerGameLast5": 32.4,
        "savesPer60": 28.0,
        "savesPer60Last1": 14.0,
        "savesPer60Last3": 30.8,
        "savesPer60Last5": 33.5,
        "shotsPerGame": 29.8,
        "shotsPerGameLast5": 29.0,
        "shotsAgainstPerGame": 31.8,
        "shotsAgainstPerGameLast5": 37.2,
        "oppSavesAgainstPer60": 32.7,
        "oppSavesAgainstPer60Last1": 42.0,
        "oppSavesAgainstPer60Last3": 32.4,
        "oppSavesAgainstPer60Last5": 31.0,
        "oppShotsAgainstPerGame": 27.3,
        "oppShotsAgainstPerGameLast5": 27.2,
        "savesProj": 37.4,
        "savesProjLast5": 41.9,
        "savesProjLast3": 40.6,
        "oppSavesAgainstProj": 32.5,
        "oppSavesAgainstProjLast5": 36.1,
        "oppSavesAgainstProjLast3": 33.9,
        "totalOver": 25,
        "totalOverLast5": 20,
        "totalOverLast15": 20,
        "lastTotalOver": 21,
        "last5": "0,2,0,0,0,0,1,0,0,0",
        "overOdds": "+295",
        "underOdds": "0",
        "overUnder": "+295 / 0"
    },
    {
        "player": "Logan Couture",
        "team": "SJ",
        "opponent": "CGY",
        "propType": "g",
        "line": 0.5,
        "ppLine": "PP1",
        "avg": 0.33,
        "hit": false,
        "diffAvg": -0.34,
        "diffAbs": 0.4,
        "lastAvg": 0.3,
        "diff": -0.4,
        "avgMin": 19,
        "proj": 0.3,
        "lastAvgMin": 18.92,
        "oppOver": 0,
        "teamOver": 0,
        "gameLine": "+240",
        "+/-": -21,
        "L5_+/-": -2.0,
        "prevMatchup": "2022-12-20 0.0 g, 2022-12-18 0.0 g",
        "winLossSplits": "0.68 - 0.23",
        "awayHome": "A",
        "playedYesterday": "N",
        "awayHomeSplits": "0.28 - 0.39",
        "savesAboveExp": 0.114,
        "gsaa": -19.59,
        "corsi": "48.3% (55.9) // 46.6% (55.4) // 43.2% (48.6) // 39.0% (40.9)",
        "fenwick": "48.2% (41.0) // 45.1% (39.5) // 42.1% (35.5) // 40.5% (32.7)",
        "shots": "48.5% (29.4) // 45.2% (28.8) // 45.0% (27.5) // 41.1% (24.5)",
        "scoring": "50.2% (31.9) // 46.6% (30.7) // 44.8% (28.2) // 39.7% (26.0)",
        "corsiAgainst": "51.7% (59.8) // 53.4% (63.5) // 56.8% (64.0) // 61.0% (64.0)",
        "fenwickAgainst": "51.8% (44.0) // 54.9% (48.1) // 57.9% (48.9) // 59.5% (48.1)",
        "shotsAgainst": "51.5% (31.3) // 54.8% (34.9) // 55.0% (33.6) // 58.9% (35.1)",
        "scoringAgainst": "49.8% (31.6) // 53.4% (35.1) // 55.2% (34.8) // 60.3% (39.4)",
        "oppCorsi": "56.5% (65.6) // 57.0% (65.9) // 56.0% (63.4) // 55.5% (65.7)",
        "oppFenwick": "56.2% (48.8) // 56.0% (48.2) // 56.3% (46.9) // 54.0% (47.7)",
        "oppShots": "56.6% (35.1) // 55.9% (35.0) // 56.0% (34.1) // 53.6% (35.0)",
        "oppScoring": "53.9% (32.2) // 56.5% (34.5) // 55.3% (34.1) // 55.3% (36.3)",
        "oppCorsiAgainst": "43.5% (50.5) // 43.0% (49.7) // 44.0% (49.8) // 44.5% (52.7)",
        "oppFenwickAgainst": "43.8% (38.1) // 44.0% (37.9) // 43.7% (36.4) // 46.0% (40.7)",
        "oppShotsAgainst": "43.4% (26.9) // 44.1% (27.7) // 44.0% (26.8) // 46.4% (30.3)",
        "oppScoringAgainst": "46.1% (27.6) // 43.5% (26.5) // 44.7% (27.6) // 44.7% (29.3)",
        "savesPerGame": 27.9,
        "savesPerGameLast1": 14.0,
        "savesPerGameLast3": 30.0,
        "savesPerGameLast5": 32.4,
        "savesPer60": 28.0,
        "savesPer60Last1": 14.0,
        "savesPer60Last3": 30.8,
        "savesPer60Last5": 33.5,
        "shotsPerGame": 29.8,
        "shotsPerGameLast5": 29.0,
        "shotsAgainstPerGame": 31.8,
        "shotsAgainstPerGameLast5": 37.2,
        "oppSavesAgainstPer60": 32.7,
        "oppSavesAgainstPer60Last1": 42.0,
        "oppSavesAgainstPer60Last3": 32.4,
        "oppSavesAgainstPer60Last5": 31.0,
        "oppShotsAgainstPerGame": 27.3,
        "oppShotsAgainstPerGameLast5": 27.2,
        "savesProj": 37.4,
        "savesProjLast5": 41.9,
        "savesProjLast3": 40.6,
        "oppSavesAgainstProj": 32.5,
        "oppSavesAgainstProjLast5": 36.1,
        "oppSavesAgainstProjLast3": 33.9,
        "totalOver": 31,
        "totalOverLast5": 20,
        "totalOverLast15": 27,
        "lastTotalOver": 28,
        "last5": "0,0,0,0,1,1,0,0,1,0",
        "overOdds": "+215",
        "underOdds": "0",
        "overUnder": "+215 / 0"
    },
    {
        "player": "Mackenzie Weegar",
        "team": "CGY",
        "opponent": "SJ",
        "propType": "g",
        "line": 0.5,
        "ppLine": "PP2",
        "avg": 0.04,
        "hit": false,
        "diffAvg": -0.92,
        "diffAbs": 0.8,
        "lastAvg": 0.09,
        "diff": -0.82,
        "avgMin": 20,
        "proj": 0.1,
        "lastAvgMin": 23.37,
        "oppOver": 0,
        "teamOver": 0,
        "gameLine": "-285",
        "+/-": "+9",
        "L5_+/-": "+4.0",
        "prevMatchup": "2022-12-20 0.0 g, 2022-12-18 0.0 g",
        "winLossSplits": "0.06 - 0.02",
        "awayHome": "H",
        "playedYesterday": "N",
        "awayHomeSplits": "0.03 - 0.06",
        "savesAboveExp": -1.142,
        "gsaa": -25.05,
        "corsi": "56.5% (65.6) // 57.0% (65.9) // 56.0% (63.4) // 55.5% (65.7)",
        "fenwick": "56.2% (48.8) // 56.0% (48.2) // 56.3% (46.9) // 54.0% (47.7)",
        "shots": "56.6% (35.1) // 55.9% (35.0) // 56.0% (34.1) // 53.6% (35.0)",
        "scoring": "53.9% (32.2) // 56.5% (34.5) // 55.3% (34.1) // 55.3% (36.3)",
        "corsiAgainst": "43.5% (50.5) // 43.0% (49.7) // 44.0% (49.8) // 44.5% (52.7)",
        "fenwickAgainst": "43.8% (38.1) // 44.0% (37.9) // 43.7% (36.4) // 46.0% (40.7)",
        "shotsAgainst": "43.4% (26.9) // 44.1% (27.7) // 44.0% (26.8) // 46.4% (30.3)",
        "scoringAgainst": "46.1% (27.6) // 43.5% (26.5) // 44.7% (27.6) // 44.7% (29.3)",
        "oppCorsi": "48.3% (55.9) // 46.6% (55.4) // 43.2% (48.6) // 39.0% (40.9)",
        "oppFenwick": "48.2% (41.0) // 45.1% (39.5) // 42.1% (35.5) // 40.5% (32.7)",
        "oppShots": "48.5% (29.4) // 45.2% (28.8) // 45.0% (27.5) // 41.1% (24.5)",
        "oppScoring": "50.2% (31.9) // 46.6% (30.7) // 44.8% (28.2) // 39.7% (26.0)",
        "oppCorsiAgainst": "51.7% (59.8) // 53.4% (63.5) // 56.8% (64.0) // 61.0% (64.0)",
        "oppFenwickAgainst": "51.8% (44.0) // 54.9% (48.1) // 57.9% (48.9) // 59.5% (48.1)",
        "oppShotsAgainst": "51.5% (31.3) // 54.8% (34.9) // 55.0% (33.6) // 58.9% (35.1)",
        "oppScoringAgainst": "49.8% (31.6) // 53.4% (35.1) // 55.2% (34.8) // 60.3% (39.4)",
        "savesPerGame": 24.2,
        "savesPerGameLast1": 29.0,
        "savesPerGameLast3": 26.3,
        "savesPerGameLast5": 23.2,
        "savesPer60": 24.3,
        "savesPer60Last1": 27.9,
        "savesPer60Last3": 26.0,
        "savesPer60Last5": 23.4,
        "shotsPerGame": 35.6,
        "shotsPerGameLast5": 34.6,
        "shotsAgainstPerGame": 27.3,
        "shotsAgainstPerGameLast5": 27.2,
        "oppSavesAgainstPer60": 27.1,
        "oppSavesAgainstPer60Last1": 17.3,
        "oppSavesAgainstPer60Last3": 25.1,
        "oppSavesAgainstPer60Last5": 26.9,
        "oppShotsAgainstPerGame": 31.8,
        "oppShotsAgainstPerGameLast5": 37.2,
        "savesProj": 23.4,
        "savesProjLast5": 22.1,
        "savesProjLast3": 22.9,
        "oppSavesAgainstProj": 23.4,
        "oppSavesAgainstProjLast5": 22.0,
        "oppSavesAgainstProjLast3": 23.4,
        "totalOver": 4,
        "totalOverLast5": 40,
        "totalOverLast15": 13,
        "lastTotalOver": 9,
        "last5": "0,0,0,1,1,0,0,0,0,0",
        "overOdds": "+475",
        "underOdds": "0",
        "overUnder": "+475 / 0"
    },
    {
        "player": "Nazem Kadri",
        "team": "CGY",
        "opponent": "SJ",
        "propType": "g",
        "line": 0.5,
        "ppLine": "PP2",
        "avg": 0.3,
        "hit": false,
        "diffAvg": -0.4,
        "diffAbs": 0.4,
        "lastAvg": 0.31,
        "diff": -0.38,
        "avgMin": 17,
        "proj": 0.3,
        "lastAvgMin": 19.23,
        "oppOver": 0,
        "teamOver": 0,
        "gameLine": "-285",
        "+/-": -16,
        "L5_+/-": -3.0,
        "prevMatchup": "2022-12-20 2.0 g, 2022-12-18 0.0 g",
        "winLossSplits": "0.47 - 0.16",
        "awayHome": "H",
        "playedYesterday": "N",
        "awayHomeSplits": "0.26 - 0.34",
        "savesAboveExp": -1.142,
        "gsaa": -25.05,
        "corsi": "56.5% (65.6) // 57.0% (65.9) // 56.0% (63.4) // 55.5% (65.7)",
        "fenwick": "56.2% (48.8) // 56.0% (48.2) // 56.3% (46.9) // 54.0% (47.7)",
        "shots": "56.6% (35.1) // 55.9% (35.0) // 56.0% (34.1) // 53.6% (35.0)",
        "scoring": "53.9% (32.2) // 56.5% (34.5) // 55.3% (34.1) // 55.3% (36.3)",
        "corsiAgainst": "43.5% (50.5) // 43.0% (49.7) // 44.0% (49.8) // 44.5% (52.7)",
        "fenwickAgainst": "43.8% (38.1) // 44.0% (37.9) // 43.7% (36.4) // 46.0% (40.7)",
        "shotsAgainst": "43.4% (26.9) // 44.1% (27.7) // 44.0% (26.8) // 46.4% (30.3)",
        "scoringAgainst": "46.1% (27.6) // 43.5% (26.5) // 44.7% (27.6) // 44.7% (29.3)",
        "oppCorsi": "48.3% (55.9) // 46.6% (55.4) // 43.2% (48.6) // 39.0% (40.9)",
        "oppFenwick": "48.2% (41.0) // 45.1% (39.5) // 42.1% (35.5) // 40.5% (32.7)",
        "oppShots": "48.5% (29.4) // 45.2% (28.8) // 45.0% (27.5) // 41.1% (24.5)",
        "oppScoring": "50.2% (31.9) // 46.6% (30.7) // 44.8% (28.2) // 39.7% (26.0)",
        "oppCorsiAgainst": "51.7% (59.8) // 53.4% (63.5) // 56.8% (64.0) // 61.0% (64.0)",
        "oppFenwickAgainst": "51.8% (44.0) // 54.9% (48.1) // 57.9% (48.9) // 59.5% (48.1)",
        "oppShotsAgainst": "51.5% (31.3) // 54.8% (34.9) // 55.0% (33.6) // 58.9% (35.1)",
        "oppScoringAgainst": "49.8% (31.6) // 53.4% (35.1) // 55.2% (34.8) // 60.3% (39.4)",
        "savesPerGame": 24.2,
        "savesPerGameLast1": 29.0,
        "savesPerGameLast3": 26.3,
        "savesPerGameLast5": 23.2,
        "savesPer60": 24.3,
        "savesPer60Last1": 27.9,
        "savesPer60Last3": 26.0,
        "savesPer60Last5": 23.4,
        "shotsPerGame": 35.6,
        "shotsPerGameLast5": 34.6,
        "shotsAgainstPerGame": 27.3,
        "shotsAgainstPerGameLast5": 27.2,
        "oppSavesAgainstPer60": 27.1,
        "oppSavesAgainstPer60Last1": 17.3,
        "oppSavesAgainstPer60Last3": 25.1,
        "oppSavesAgainstPer60Last5": 26.9,
        "oppShotsAgainstPerGame": 31.8,
        "oppShotsAgainstPerGameLast5": 37.2,
        "savesProj": 23.4,
        "savesProjLast5": 22.1,
        "savesProjLast3": 22.9,
        "oppSavesAgainstProj": 23.4,
        "oppSavesAgainstProjLast5": 22.0,
        "oppSavesAgainstProjLast3": 23.4,
        "totalOver": 27,
        "totalOverLast5": 20,
        "totalOverLast15": 7,
        "lastTotalOver": 37,
        "last5": "1,0,0,0,0,0,0,0,0,0",
        "overOdds": "+140",
        "underOdds": "0",
        "overUnder": "+140 / 0"
    },
    {
        "player": "Noah Hanifin",
        "team": "CGY",
        "opponent": "SJ",
        "propType": "g",
        "line": 0.5,
        "ppLine": "",
        "avg": 0.08,
        "hit": false,
        "diffAvg": -0.84,
        "diffAbs": 0.8,
        "lastAvg": 0.11,
        "diff": -0.78,
        "avgMin": 22,
        "proj": 0.1,
        "lastAvgMin": 21.3,
        "oppOver": 0,
        "teamOver": 0,
        "gameLine": "-285",
        "+/-": "+4",
        "L5_+/-": 0.0,
        "prevMatchup": "2022-12-20 0.0 g, 2022-12-18 0.0 g",
        "winLossSplits": "0.06 - 0.1",
        "awayHome": "H",
        "playedYesterday": "N",
        "awayHomeSplits": "0.13 - 0.03",
        "savesAboveExp": -1.142,
        "gsaa": -25.05,
        "corsi": "56.5% (65.6) // 57.0% (65.9) // 56.0% (63.4) // 55.5% (65.7)",
        "fenwick": "56.2% (48.8) // 56.0% (48.2) // 56.3% (46.9) // 54.0% (47.7)",
        "shots": "56.6% (35.1) // 55.9% (35.0) // 56.0% (34.1) // 53.6% (35.0)",
        "scoring": "53.9% (32.2) // 56.5% (34.5) // 55.3% (34.1) // 55.3% (36.3)",
        "corsiAgainst": "43.5% (50.5) // 43.0% (49.7) // 44.0% (49.8) // 44.5% (52.7)",
        "fenwickAgainst": "43.8% (38.1) // 44.0% (37.9) // 43.7% (36.4) // 46.0% (40.7)",
        "shotsAgainst": "43.4% (26.9) // 44.1% (27.7) // 44.0% (26.8) // 46.4% (30.3)",
        "scoringAgainst": "46.1% (27.6) // 43.5% (26.5) // 44.7% (27.6) // 44.7% (29.3)",
        "oppCorsi": "48.3% (55.9) // 46.6% (55.4) // 43.2% (48.6) // 39.0% (40.9)",
        "oppFenwick": "48.2% (41.0) // 45.1% (39.5) // 42.1% (35.5) // 40.5% (32.7)",
        "oppShots": "48.5% (29.4) // 45.2% (28.8) // 45.0% (27.5) // 41.1% (24.5)",
        "oppScoring": "50.2% (31.9) // 46.6% (30.7) // 44.8% (28.2) // 39.7% (26.0)",
        "oppCorsiAgainst": "51.7% (59.8) // 53.4% (63.5) // 56.8% (64.0) // 61.0% (64.0)",
        "oppFenwickAgainst": "51.8% (44.0) // 54.9% (48.1) // 57.9% (48.9) // 59.5% (48.1)",
        "oppShotsAgainst": "51.5% (31.3) // 54.8% (34.9) // 55.0% (33.6) // 58.9% (35.1)",
        "oppScoringAgainst": "49.8% (31.6) // 53.4% (35.1) // 55.2% (34.8) // 60.3% (39.4)",
        "savesPerGame": 24.2,
        "savesPerGameLast1": 29.0,
        "savesPerGameLast3": 26.3,
        "savesPerGameLast5": 23.2,
        "savesPer60": 24.3,
        "savesPer60Last1": 27.9,
        "savesPer60Last3": 26.0,
        "savesPer60Last5": 23.4,
        "shotsPerGame": 35.6,
        "shotsPerGameLast5": 34.6,
        "shotsAgainstPerGame": 27.3,
        "shotsAgainstPerGameLast5": 27.2,
        "oppSavesAgainstPer60": 27.1,
        "oppSavesAgainstPer60Last1": 17.3,
        "oppSavesAgainstPer60Last3": 25.1,
        "oppSavesAgainstPer60Last5": 26.9,
        "oppShotsAgainstPerGame": 31.8,
        "oppShotsAgainstPerGameLast5": 37.2,
        "savesProj": 23.4,
        "savesProjLast5": 22.1,
        "savesProjLast3": 22.9,
        "oppSavesAgainstProj": 23.4,
        "oppSavesAgainstProjLast5": 22.0,
        "oppSavesAgainstProjLast3": 23.4,
        "totalOver": 7,
        "totalOverLast5": 20,
        "totalOverLast15": 13,
        "lastTotalOver": 12,
        "last5": "0,0,1,0,0,0,1,0,0,0",
        "overOdds": "+475",
        "underOdds": "0",
        "overUnder": "+475 / 0"
    },
    {
        "player": "Rasmus Andersson",
        "team": "CGY",
        "opponent": "SJ",
        "propType": "g",
        "line": 0.5,
        "ppLine": "PP1",
        "avg": 0.16,
        "hit": false,
        "diffAvg": -0.68,
        "diffAbs": 1.0,
        "lastAvg": 0.04,
        "diff": -0.92,
        "avgMin": 24,
        "proj": 0.0,
        "lastAvgMin": 22.67,
        "oppOver": 0,
        "teamOver": 0,
        "gameLine": "-285",
        "+/-": "+4",
        "L5_+/-": "+3.0",
        "prevMatchup": "2022-12-20 0.0 g, 2022-12-18 0.0 g",
        "winLossSplits": "0.33 - 0.02",
        "awayHome": "H",
        "playedYesterday": "N",
        "awayHomeSplits": "0.14 - 0.17",
        "savesAboveExp": -1.142,
        "gsaa": -25.05,
        "corsi": "56.5% (65.6) // 57.0% (65.9) // 56.0% (63.4) // 55.5% (65.7)",
        "fenwick": "56.2% (48.8) // 56.0% (48.2) // 56.3% (46.9) // 54.0% (47.7)",
        "shots": "56.6% (35.1) // 55.9% (35.0) // 56.0% (34.1) // 53.6% (35.0)",
        "scoring": "53.9% (32.2) // 56.5% (34.5) // 55.3% (34.1) // 55.3% (36.3)",
        "corsiAgainst": "43.5% (50.5) // 43.0% (49.7) // 44.0% (49.8) // 44.5% (52.7)",
        "fenwickAgainst": "43.8% (38.1) // 44.0% (37.9) // 43.7% (36.4) // 46.0% (40.7)",
        "shotsAgainst": "43.4% (26.9) // 44.1% (27.7) // 44.0% (26.8) // 46.4% (30.3)",
        "scoringAgainst": "46.1% (27.6) // 43.5% (26.5) // 44.7% (27.6) // 44.7% (29.3)",
        "oppCorsi": "48.3% (55.9) // 46.6% (55.4) // 43.2% (48.6) // 39.0% (40.9)",
        "oppFenwick": "48.2% (41.0) // 45.1% (39.5) // 42.1% (35.5) // 40.5% (32.7)",
        "oppShots": "48.5% (29.4) // 45.2% (28.8) // 45.0% (27.5) // 41.1% (24.5)",
        "oppScoring": "50.2% (31.9) // 46.6% (30.7) // 44.8% (28.2) // 39.7% (26.0)",
        "oppCorsiAgainst": "51.7% (59.8) // 53.4% (63.5) // 56.8% (64.0) // 61.0% (64.0)",
        "oppFenwickAgainst": "51.8% (44.0) // 54.9% (48.1) // 57.9% (48.9) // 59.5% (48.1)",
        "oppShotsAgainst": "51.5% (31.3) // 54.8% (34.9) // 55.0% (33.6) // 58.9% (35.1)",
        "oppScoringAgainst": "49.8% (31.6) // 53.4% (35.1) // 55.2% (34.8) // 60.3% (39.4)",
        "savesPerGame": 24.2,
        "savesPerGameLast1": 29.0,
        "savesPerGameLast3": 26.3,
        "savesPerGameLast5": 23.2,
        "savesPer60": 24.3,
        "savesPer60Last1": 27.9,
        "savesPer60Last3": 26.0,
        "savesPer60Last5": 23.4,
        "shotsPerGame": 35.6,
        "shotsPerGameLast5": 34.6,
        "shotsAgainstPerGame": 27.3,
        "shotsAgainstPerGameLast5": 27.2,
        "oppSavesAgainstPer60": 27.1,
        "oppSavesAgainstPer60Last1": 17.3,
        "oppSavesAgainstPer60Last3": 25.1,
        "oppSavesAgainstPer60Last5": 26.9,
        "oppShotsAgainstPerGame": 31.8,
        "oppShotsAgainstPerGameLast5": 37.2,
        "savesProj": 23.4,
        "savesProjLast5": 22.1,
        "savesProjLast3": 22.9,
        "oppSavesAgainstProj": 23.4,
        "oppSavesAgainstProjLast5": 22.0,
        "oppSavesAgainstProjLast3": 23.4,
        "totalOver": 16,
        "totalOverLast5": 40,
        "totalOverLast15": 27,
        "lastTotalOver": 7,
        "last5": "0,1,0,1,0,0,1,0,0,1",
        "overOdds": "+390",
        "underOdds": "0",
        "overUnder": "+390 / 0"
    },
    {
        "player": "Tomas Hertl",
        "team": "SJ",
        "opponent": "CGY",
        "propType": "g",
        "line": 0.5,
        "ppLine": "PP1",
        "avg": 0.29,
        "hit": false,
        "diffAvg": -0.42,
        "diffAbs": 0.4,
        "lastAvg": 0.37,
        "diff": -0.26,
        "avgMin": 19,
        "proj": 0.3,
        "lastAvgMin": 19.93,
        "oppOver": 0,
        "teamOver": 0,
        "gameLine": "+240",
        "+/-": -27,
        "L5_+/-": -13.0,
        "prevMatchup": "2022-12-18 1.0 g",
        "winLossSplits": "0.4 - 0.24",
        "awayHome": "A",
        "playedYesterday": "N",
        "awayHomeSplits": "0.33 - 0.24",
        "savesAboveExp": 0.114,
        "gsaa": -19.59,
        "corsi": "48.3% (55.9) // 46.6% (55.4) // 43.2% (48.6) // 39.0% (40.9)",
        "fenwick": "48.2% (41.0) // 45.1% (39.5) // 42.1% (35.5) // 40.5% (32.7)",
        "shots": "48.5% (29.4) // 45.2% (28.8) // 45.0% (27.5) // 41.1% (24.5)",
        "scoring": "50.2% (31.9) // 46.6% (30.7) // 44.8% (28.2) // 39.7% (26.0)",
        "corsiAgainst": "51.7% (59.8) // 53.4% (63.5) // 56.8% (64.0) // 61.0% (64.0)",
        "fenwickAgainst": "51.8% (44.0) // 54.9% (48.1) // 57.9% (48.9) // 59.5% (48.1)",
        "shotsAgainst": "51.5% (31.3) // 54.8% (34.9) // 55.0% (33.6) // 58.9% (35.1)",
        "scoringAgainst": "49.8% (31.6) // 53.4% (35.1) // 55.2% (34.8) // 60.3% (39.4)",
        "oppCorsi": "56.5% (65.6) // 57.0% (65.9) // 56.0% (63.4) // 55.5% (65.7)",
        "oppFenwick": "56.2% (48.8) // 56.0% (48.2) // 56.3% (46.9) // 54.0% (47.7)",
        "oppShots": "56.6% (35.1) // 55.9% (35.0) // 56.0% (34.1) // 53.6% (35.0)",
        "oppScoring": "53.9% (32.2) // 56.5% (34.5) // 55.3% (34.1) // 55.3% (36.3)",
        "oppCorsiAgainst": "43.5% (50.5) // 43.0% (49.7) // 44.0% (49.8) // 44.5% (52.7)",
        "oppFenwickAgainst": "43.8% (38.1) // 44.0% (37.9) // 43.7% (36.4) // 46.0% (40.7)",
        "oppShotsAgainst": "43.4% (26.9) // 44.1% (27.7) // 44.0% (26.8) // 46.4% (30.3)",
        "oppScoringAgainst": "46.1% (27.6) // 43.5% (26.5) // 44.7% (27.6) // 44.7% (29.3)",
        "savesPerGame": 27.9,
        "savesPerGameLast1": 14.0,
        "savesPerGameLast3": 30.0,
        "savesPerGameLast5": 32.4,
        "savesPer60": 28.0,
        "savesPer60Last1": 14.0,
        "savesPer60Last3": 30.8,
        "savesPer60Last5": 33.5,
        "shotsPerGame": 29.8,
        "shotsPerGameLast5": 29.0,
        "shotsAgainstPerGame": 31.8,
        "shotsAgainstPerGameLast5": 37.2,
        "oppSavesAgainstPer60": 32.7,
        "oppSavesAgainstPer60Last1": 42.0,
        "oppSavesAgainstPer60Last3": 32.4,
        "oppSavesAgainstPer60Last5": 31.0,
        "oppShotsAgainstPerGame": 27.3,
        "oppShotsAgainstPerGameLast5": 27.2,
        "savesProj": 37.4,
        "savesProjLast5": 41.9,
        "savesProjLast3": 40.6,
        "oppSavesAgainstProj": 32.5,
        "oppSavesAgainstProjLast5": 36.1,
        "oppSavesAgainstProjLast3": 33.9,
        "totalOver": 25,
        "totalOverLast5": 20,
        "totalOverLast15": 33,
        "lastTotalOver": 31,
        "last5": "1,0,0,0,0,1,1,0,1,1",
        "overOdds": "+220",
        "underOdds": "0",
        "overUnder": "+220 / 0"
    },
    {
        "player": "Tyler Toffoli",
        "team": "CGY",
        "opponent": "SJ",
        "propType": "g",
        "line": 0.5,
        "ppLine": "PP1",
        "avg": 0.4,
        "hit": false,
        "diffAvg": -0.2,
        "diffAbs": 0.6,
        "lastAvg": 0.23,
        "diff": -0.54,
        "avgMin": 16,
        "proj": 0.2,
        "lastAvgMin": 16.3,
        "oppOver": 0,
        "teamOver": 0,
        "gameLine": "-285",
        "+/-": "+11",
        "L5_+/-": "+4.0",
        "prevMatchup": "2022-12-20 2.0 g, 2022-12-18 1.0 g",
        "winLossSplits": "0.6 - 0.24",
        "awayHome": "H",
        "playedYesterday": "N",
        "awayHomeSplits": "0.47 - 0.31",
        "savesAboveExp": -1.142,
        "gsaa": -25.05,
        "corsi": "56.5% (65.6) // 57.0% (65.9) // 56.0% (63.4) // 55.5% (65.7)",
        "fenwick": "56.2% (48.8) // 56.0% (48.2) // 56.3% (46.9) // 54.0% (47.7)",
        "shots": "56.6% (35.1) // 55.9% (35.0) // 56.0% (34.1) // 53.6% (35.0)",
        "scoring": "53.9% (32.2) // 56.5% (34.5) // 55.3% (34.1) // 55.3% (36.3)",
        "corsiAgainst": "43.5% (50.5) // 43.0% (49.7) // 44.0% (49.8) // 44.5% (52.7)",
        "fenwickAgainst": "43.8% (38.1) // 44.0% (37.9) // 43.7% (36.4) // 46.0% (40.7)",
        "shotsAgainst": "43.4% (26.9) // 44.1% (27.7) // 44.0% (26.8) // 46.4% (30.3)",
        "scoringAgainst": "46.1% (27.6) // 43.5% (26.5) // 44.7% (27.6) // 44.7% (29.3)",
        "oppCorsi": "48.3% (55.9) // 46.6% (55.4) // 43.2% (48.6) // 39.0% (40.9)",
        "oppFenwick": "48.2% (41.0) // 45.1% (39.5) // 42.1% (35.5) // 40.5% (32.7)",
        "oppShots": "48.5% (29.4) // 45.2% (28.8) // 45.0% (27.5) // 41.1% (24.5)",
        "oppScoring": "50.2% (31.9) // 46.6% (30.7) // 44.8% (28.2) // 39.7% (26.0)",
        "oppCorsiAgainst": "51.7% (59.8) // 53.4% (63.5) // 56.8% (64.0) // 61.0% (64.0)",
        "oppFenwickAgainst": "51.8% (44.0) // 54.9% (48.1) // 57.9% (48.9) // 59.5% (48.1)",
        "oppShotsAgainst": "51.5% (31.3) // 54.8% (34.9) // 55.0% (33.6) // 58.9% (35.1)",
        "oppScoringAgainst": "49.8% (31.6) // 53.4% (35.1) // 55.2% (34.8) // 60.3% (39.4)",
        "savesPerGame": 24.2,
        "savesPerGameLast1": 29.0,
        "savesPerGameLast3": 26.3,
        "savesPerGameLast5": 23.2,
        "savesPer60": 24.3,
        "savesPer60Last1": 27.9,
        "savesPer60Last3": 26.0,
        "savesPer60Last5": 23.4,
        "shotsPerGame": 35.6,
        "shotsPerGameLast5": 34.6,
        "shotsAgainstPerGame": 27.3,
        "shotsAgainstPerGameLast5": 27.2,
        "oppSavesAgainstPer60": 27.1,
        "oppSavesAgainstPer60Last1": 17.3,
        "oppSavesAgainstPer60Last3": 25.1,
        "oppSavesAgainstPer60Last5": 26.9,
        "oppShotsAgainstPerGame": 31.8,
        "oppShotsAgainstPerGameLast5": 37.2,
        "savesProj": 23.4,
        "savesProjLast5": 22.1,
        "savesProjLast3": 22.9,
        "oppSavesAgainstProj": 23.4,
        "oppSavesAgainstProjLast5": 22.0,
        "oppSavesAgainstProjLast3": 23.4,
        "totalOver": 34,
        "totalOverLast5": 40,
        "totalOverLast15": 27,
        "lastTotalOver": 21,
        "last5": "0,0,1,0,2,0,0,0,0,1",
        "overOdds": "+130",
        "underOdds": "0",
        "overUnder": "+130 / 0"
    },
    {
        "player": "Dillon Dube",
        "team": "CGY",
        "opponent": "SJ",
        "propType": "g",
        "line": 0.5,
        "ppLine": "PP2",
        "avg": 0.25,
        "hit": false,
        "diffAvg": -0.5,
        "diffAbs": 0.6,
        "lastAvg": 0.2,
        "diff": -0.6,
        "avgMin": 15,
        "proj": 0.2,
        "lastAvgMin": 12.83,
        "oppOver": 0,
        "teamOver": 0,
        "gameLine": "-285",
        "+/-": -5,
        "L5_+/-": -3.0,
        "prevMatchup": "2022-12-20 1.0 g, 2022-12-18 1.0 g",
        "winLossSplits": "0.36 - 0.16",
        "awayHome": "H",
        "playedYesterday": "N",
        "awayHomeSplits": "0.29 - 0.2",
        "savesAboveExp": -1.142,
        "gsaa": -25.05,
        "corsi": "56.5% (65.6) // 57.0% (65.9) // 56.0% (63.4) // 55.5% (65.7)",
        "fenwick": "56.2% (48.8) // 56.0% (48.2) // 56.3% (46.9) // 54.0% (47.7)",
