[
    {
        "player": "Bryan Rust",
        "team": "PIT",
        "opponent": "COL",
        "propType": "ast",
        "line": 0.5,
        "ppLine": "PP2",
        "avg": 0.33,
        "hit": false,
        "diffAvg": -0.34,
        "diffAbs": 0.0,
        "lastAvg": 0.51,
        "diff": 0.02,
        "avgMin": 17,
        "proj": 0.5,
        "lastAvgMin": 18.77,
        "oppOver": 0,
        "teamOver": 0,
        "gameLine": "+140",
        "+/-": -10,
        "L5_+/-": -3.0,
        "prevMatchup": "2023-02-07 0.0 ast",
        "winLossSplits": "0.53 - 0.19",
        "awayHome": "A",
        "playedYesterday": "N",
        "awayHomeSplits": "0.23 - 0.44",
        "savesAboveExp": 0.16,
        "gsaa": 23.16,
        "corsi": "51.7% (62.7) // 55.3% (67.5) // 57.9% (72.0) // 58.0% (72.3)",
        "fenwick": "51.5% (46.8) // 55.7% (49.9) // 59.0% (52.3) // 58.2% (52.0)",
        "shots": "50.8% (33.8) // 56.0% (36.6) // 59.4% (38.2) // 58.8% (38.0)",
        "scoring": "52.4% (33.0) // 58.0% (36.1) // 62.3% (40.4) // 61.7% (39.7)",
        "corsiAgainst": "48.3% (58.6) // 44.7% (54.5) // 42.1% (52.3) // 42.0% (52.3)",
        "fenwickAgainst": "48.5% (44.0) // 44.3% (39.7) // 41.0% (36.4) // 41.8% (37.3)",
        "shotsAgainst": "49.2% (32.8) // 44.0% (28.7) // 40.6% (26.1) // 41.2% (26.7)",
        "scoringAgainst": "47.6% (29.9) // 42.0% (26.1) // 37.7% (24.5) // 38.3% (24.7)",
        "oppCorsi": "52.1% (59.7) // 56.0% (61.0) // 53.3% (57.4) // 48.2% (54.3)",
        "oppFenwick": "51.4% (43.8) // 56.1% (44.7) // 52.7% (40.7) // 48.6% (40.7)",
        "oppShots": "51.4% (32.6) // 55.1% (31.8) // 52.3% (28.9) // 46.7% (28.3)",
        "oppScoring": "53.1% (30.0) // 58.8% (32.4) // 57.9% (33.0) // 54.5% (32.3)",
        "oppCorsiAgainst": "47.9% (54.8) // 44.0% (47.9) // 46.7% (50.4) // 51.8% (58.3)",
        "oppFenwickAgainst": "48.6% (41.4) // 43.9% (35.0) // 47.3% (36.6) // 51.4% (43.0)",
        "oppShotsAgainst": "48.6% (30.9) // 44.9% (25.9) // 47.7% (26.4) // 53.3% (32.3)",
        "oppScoringAgainst": "46.9% (26.4) // 41.2% (22.7) // 42.1% (24.0) // 45.5% (27.0)",
        "savesPerGame": 29.9,
        "savesPerGameLast1": 19.0,
        "savesPerGameLast3": 22.7,
        "savesPerGameLast5": 22.2,
        "savesPer60": 30.0,
        "savesPer60Last1": 18.5,
        "savesPer60Last3": 22.3,
        "savesPer60Last5": 22.0,
        "shotsPerGame": 34.2,
        "shotsPerGameLast5": 38.4,
        "shotsAgainstPerGame": 33.2,
        "shotsAgainstPerGameLast5": 26.2,
        "oppSavesAgainstPer60": 30.0,
        "oppSavesAgainstPer60Last1": 27.0,
        "oppSavesAgainstPer60Last3": 23.5,
        "oppSavesAgainstPer60Last5": 24.7,
        "oppShotsAgainstPerGame": 31.3,
        "oppShotsAgainstPerGameLast5": 26.8,
        "savesProj": 31.3,
        "savesProjLast5": 18.9,
        "savesProjLast3": 18.2,
        "oppSavesAgainstProj": 31.7,
        "oppSavesAgainstProjLast5": 19.4,
        "oppSavesAgainstProjLast3": 18.4,
        "totalOver": 25,
        "totalOverLast5": 20,
        "lastTotalOver": 43,
        "last5": "0,0,0,1,0,0,0,0,0,0",
        "overOdds": "+200",
        "underOdds": "-250",
        "overUnder": "+200 / -250"
    },
    {
        "player": "Evgeni Malkin",
        "team": "PIT",
        "opponent": "COL",
        "propType": "ast",
        "line": 0.5,
        "ppLine": "PP1",
        "avg": 0.7,
        "hit": false,
        "diffAvg": 0.4,
        "diffAbs": 0.0,
        "lastAvg": 0.46,
        "diff": -0.08,
        "avgMin": 18,
        "proj": 0.5,
        "lastAvgMin": 18.32,
        "oppOver": 0,
        "teamOver": 0,
        "gameLine": "+140",
        "+/-": -8,
        "L5_+/-": -3.0,
        "prevMatchup": "2023-02-07 2.0 ast",
        "winLossSplits": "0.96 - 0.41",
        "awayHome": "A",
        "playedYesterday": "N",
        "awayHomeSplits": "0.54 - 0.86",
        "savesAboveExp": 0.16,
        "gsaa": 23.16,
        "corsi": "51.7% (62.7) // 55.3% (67.5) // 57.9% (72.0) // 58.0% (72.3)",
        "fenwick": "51.5% (46.8) // 55.7% (49.9) // 59.0% (52.3) // 58.2% (52.0)",
        "shots": "50.8% (33.8) // 56.0% (36.6) // 59.4% (38.2) // 58.8% (38.0)",
        "scoring": "52.4% (33.0) // 58.0% (36.1) // 62.3% (40.4) // 61.7% (39.7)",
        "corsiAgainst": "48.3% (58.6) // 44.7% (54.5) // 42.1% (52.3) // 42.0% (52.3)",
        "fenwickAgainst": "48.5% (44.0) // 44.3% (39.7) // 41.0% (36.4) // 41.8% (37.3)",
        "shotsAgainst": "49.2% (32.8) // 44.0% (28.7) // 40.6% (26.1) // 41.2% (26.7)",
        "scoringAgainst": "47.6% (29.9) // 42.0% (26.1) // 37.7% (24.5) // 38.3% (24.7)",
        "oppCorsi": "52.1% (59.7) // 56.0% (61.0) // 53.3% (57.4) // 48.2% (54.3)",
        "oppFenwick": "51.4% (43.8) // 56.1% (44.7) // 52.7% (40.7) // 48.6% (40.7)",
        "oppShots": "51.4% (32.6) // 55.1% (31.8) // 52.3% (28.9) // 46.7% (28.3)",
        "oppScoring": "53.1% (30.0) // 58.8% (32.4) // 57.9% (33.0) // 54.5% (32.3)",
        "oppCorsiAgainst": "47.9% (54.8) // 44.0% (47.9) // 46.7% (50.4) // 51.8% (58.3)",
        "oppFenwickAgainst": "48.6% (41.4) // 43.9% (35.0) // 47.3% (36.6) // 51.4% (43.0)",
        "oppShotsAgainst": "48.6% (30.9) // 44.9% (25.9) // 47.7% (26.4) // 53.3% (32.3)",
        "oppScoringAgainst": "46.9% (26.4) // 41.2% (22.7) // 42.1% (24.0) // 45.5% (27.0)",
        "savesPerGame": 29.9,
        "savesPerGameLast1": 19.0,
        "savesPerGameLast3": 22.7,
        "savesPerGameLast5": 22.2,
        "savesPer60": 30.0,
        "savesPer60Last1": 18.5,
        "savesPer60Last3": 22.3,
        "savesPer60Last5": 22.0,
        "shotsPerGame": 34.2,
        "shotsPerGameLast5": 38.4,
        "shotsAgainstPerGame": 33.2,
        "shotsAgainstPerGameLast5": 26.2,
        "oppSavesAgainstPer60": 30.0,
        "oppSavesAgainstPer60Last1": 27.0,
        "oppSavesAgainstPer60Last3": 23.5,
        "oppSavesAgainstPer60Last5": 24.7,
        "oppShotsAgainstPerGame": 31.3,
        "oppShotsAgainstPerGameLast5": 26.8,
        "savesProj": 31.3,
        "savesProjLast5": 18.9,
        "savesProjLast3": 18.2,
        "oppSavesAgainstProj": 31.7,
        "oppSavesAgainstProjLast5": 19.4,
        "oppSavesAgainstProjLast3": 18.4,
        "totalOver": 51,
        "totalOverLast5": 60,
        "lastTotalOver": 44,
        "last5": "1,0,0,1,2,1,1,3,1,0",
        "overOdds": "-125",
        "underOdds": "-105",
        "overUnder": "-125 / -105"
    },
    {
        "player": "Jt Compher",
        "team": "COL",
        "opponent": "PIT",
        "propType": "ast",
        "line": 0.5,
        "ppLine": "PP1",
        "avg": 0.45,
        "hit": false,
        "diffAvg": -0.1,
        "diffAbs": 0.6,
        "lastAvg": 0.17,
        "diff": -0.66,
        "avgMin": 20,
        "proj": 0.2,
        "lastAvgMin": 16.32,
        "oppOver": 0,
        "teamOver": 0,
        "gameLine": "-165",
        "+/-": "+9",
        "L5_+/-": "+1.0",
        "prevMatchup": "2023-02-07 0.0 ast",
        "winLossSplits": "0.61 - 0.22",
        "awayHome": "H",
        "playedYesterday": "N",
        "awayHomeSplits": "0.53 - 0.37",
        "savesAboveExp": 0.033,
        "gsaa": 3.61,
        "corsi": "52.1% (59.7) // 56.0% (61.0) // 53.3% (57.4) // 48.2% (54.3)",
        "fenwick": "51.4% (43.8) // 56.1% (44.7) // 52.7% (40.7) // 48.6% (40.7)",
        "shots": "51.4% (32.6) // 55.1% (31.8) // 52.3% (28.9) // 46.7% (28.3)",
        "scoring": "53.1% (30.0) // 58.8% (32.4) // 57.9% (33.0) // 54.5% (32.3)",
        "corsiAgainst": "47.9% (54.8) // 44.0% (47.9) // 46.7% (50.4) // 51.8% (58.3)",
        "fenwickAgainst": "48.6% (41.4) // 43.9% (35.0) // 47.3% (36.6) // 51.4% (43.0)",
        "shotsAgainst": "48.6% (30.9) // 44.9% (25.9) // 47.7% (26.4) // 53.3% (32.3)",
        "scoringAgainst": "46.9% (26.4) // 41.2% (22.7) // 42.1% (24.0) // 45.5% (27.0)",
        "oppCorsi": "51.7% (62.7) // 55.3% (67.5) // 57.9% (72.0) // 58.0% (72.3)",
        "oppFenwick": "51.5% (46.8) // 55.7% (49.9) // 59.0% (52.3) // 58.2% (52.0)",
        "oppShots": "50.8% (33.8) // 56.0% (36.6) // 59.4% (38.2) // 58.8% (38.0)",
        "oppScoring": "52.4% (33.0) // 58.0% (36.1) // 62.3% (40.4) // 61.7% (39.7)",
        "oppCorsiAgainst": "48.3% (58.6) // 44.7% (54.5) // 42.1% (52.3) // 42.0% (52.3)",
        "oppFenwickAgainst": "48.5% (44.0) // 44.3% (39.7) // 41.0% (36.4) // 41.8% (37.3)",
        "oppShotsAgainst": "49.2% (32.8) // 44.0% (28.7) // 40.6% (26.1) // 41.2% (26.7)",
        "oppScoringAgainst": "47.6% (29.9) // 42.0% (26.1) // 37.7% (24.5) // 38.3% (24.7)",
        "savesPerGame": 28.6,
        "savesPerGameLast1": 27.0,
        "savesPerGameLast3": 30.7,
        "savesPerGameLast5": 24.8,
        "savesPer60": 28.6,
        "savesPer60Last1": 27.0,
        "savesPer60Last3": 30.7,
        "savesPer60Last5": 25.2,
        "shotsPerGame": 33.1,
        "shotsPerGameLast5": 29.4,
        "shotsAgainstPerGame": 31.3,
        "shotsAgainstPerGameLast5": 26.8,
        "oppSavesAgainstPer60": 31.1,
        "oppSavesAgainstPer60Last1": 48.0,
        "oppSavesAgainstPer60Last3": 36.6,
        "oppSavesAgainstPer60Last5": 36.1,
        "oppShotsAgainstPerGame": 33.2,
        "oppShotsAgainstPerGameLast5": 26.2,
        "savesProj": 29.6,
        "savesProjLast5": 30.6,
        "savesProjLast3": 37.9,
        "oppSavesAgainstProj": 31.6,
        "oppSavesAgainstProjLast5": 33.6,
        "oppSavesAgainstProjLast3": 42.0,
        "totalOver": 32,
        "totalOverLast5": 40,
        "lastTotalOver": 17,
        "last5": "1,1,0,0,0,0,0,0,0,0",
        "overOdds": "+125",
        "underOdds": "-155",
        "overUnder": "+125 / -155"
    },
    {
        "player": "Jake Guentzel",
        "team": "PIT",
        "opponent": "COL",
        "propType": "ast",
        "line": 0.5,
        "ppLine": "PP1",
        "avg": 0.48,
        "hit": false,
        "diffAvg": -0.04,
        "diffAbs": 0.0,
        "lastAvg": 0.52,
        "diff": 0.04,
        "avgMin": 20,
        "proj": 0.5,
        "lastAvgMin": 20.08,
        "oppOver": 0,
        "teamOver": 0,
        "gameLine": "+140",
        "+/-": -1,
        "L5_+/-": -6.0,
        "prevMatchup": "2023-02-07 0.0 ast",
        "winLossSplits": "0.6 - 0.38",
        "awayHome": "A",
        "playedYesterday": "N",
        "awayHomeSplits": "0.35 - 0.6",
        "savesAboveExp": 0.16,
        "gsaa": 23.16,
        "corsi": "51.7% (62.7) // 55.3% (67.5) // 57.9% (72.0) // 58.0% (72.3)",
        "fenwick": "51.5% (46.8) // 55.7% (49.9) // 59.0% (52.3) // 58.2% (52.0)",
        "shots": "50.8% (33.8) // 56.0% (36.6) // 59.4% (38.2) // 58.8% (38.0)",
        "scoring": "52.4% (33.0) // 58.0% (36.1) // 62.3% (40.4) // 61.7% (39.7)",
        "corsiAgainst": "48.3% (58.6) // 44.7% (54.5) // 42.1% (52.3) // 42.0% (52.3)",
        "fenwickAgainst": "48.5% (44.0) // 44.3% (39.7) // 41.0% (36.4) // 41.8% (37.3)",
        "shotsAgainst": "49.2% (32.8) // 44.0% (28.7) // 40.6% (26.1) // 41.2% (26.7)",
        "scoringAgainst": "47.6% (29.9) // 42.0% (26.1) // 37.7% (24.5) // 38.3% (24.7)",
        "oppCorsi": "52.1% (59.7) // 56.0% (61.0) // 53.3% (57.4) // 48.2% (54.3)",
        "oppFenwick": "51.4% (43.8) // 56.1% (44.7) // 52.7% (40.7) // 48.6% (40.7)",
        "oppShots": "51.4% (32.6) // 55.1% (31.8) // 52.3% (28.9) // 46.7% (28.3)",
        "oppScoring": "53.1% (30.0) // 58.8% (32.4) // 57.9% (33.0) // 54.5% (32.3)",
        "oppCorsiAgainst": "47.9% (54.8) // 44.0% (47.9) // 46.7% (50.4) // 51.8% (58.3)",
        "oppFenwickAgainst": "48.6% (41.4) // 43.9% (35.0) // 47.3% (36.6) // 51.4% (43.0)",
        "oppShotsAgainst": "48.6% (30.9) // 44.9% (25.9) // 47.7% (26.4) // 53.3% (32.3)",
        "oppScoringAgainst": "46.9% (26.4) // 41.2% (22.7) // 42.1% (24.0) // 45.5% (27.0)",
        "savesPerGame": 29.9,
        "savesPerGameLast1": 19.0,
        "savesPerGameLast3": 22.7,
        "savesPerGameLast5": 22.2,
        "savesPer60": 30.0,
        "savesPer60Last1": 18.5,
        "savesPer60Last3": 22.3,
        "savesPer60Last5": 22.0,
        "shotsPerGame": 34.2,
        "shotsPerGameLast5": 38.4,
        "shotsAgainstPerGame": 33.2,
        "shotsAgainstPerGameLast5": 26.2,
        "oppSavesAgainstPer60": 30.0,
        "oppSavesAgainstPer60Last1": 27.0,
        "oppSavesAgainstPer60Last3": 23.5,
        "oppSavesAgainstPer60Last5": 24.7,
        "oppShotsAgainstPerGame": 31.3,
        "oppShotsAgainstPerGameLast5": 26.8,
        "savesProj": 31.3,
        "savesProjLast5": 18.9,
        "savesProjLast3": 18.2,
        "oppSavesAgainstProj": 31.7,
        "oppSavesAgainstProjLast5": 19.4,
        "oppSavesAgainstProjLast3": 18.4,
        "totalOver": 42,
        "totalOverLast5": 20,
        "lastTotalOver": 49,
        "last5": "0,0,0,1,0,1,0,0,1,0",
        "overOdds": "+105",
        "underOdds": "-135",
        "overUnder": "+105 / -135"
    },
    {
        "player": "Jason Zucker",
        "team": "PIT",
        "opponent": "COL",
        "propType": "ast",
        "line": 0.5,
        "ppLine": "PP2",
        "avg": 0.27,
        "hit": false,
        "diffAvg": -0.46,
        "diffAbs": 0.6,
        "lastAvg": 0.2,
        "diff": -0.6,
        "avgMin": 15,
        "proj": 0.2,
        "lastAvgMin": 14.82,
        "oppOver": 0,
        "teamOver": 0,
        "gameLine": "+140",
        "+/-": 0,
        "L5_+/-": 0.0,
        "prevMatchup": "2023-02-07 1.0 ast",
        "winLossSplits": "0.31 - 0.23",
        "awayHome": "A",
        "playedYesterday": "N",
        "awayHomeSplits": "0.16 - 0.37",
        "savesAboveExp": 0.16,
        "gsaa": 23.16,
        "corsi": "51.7% (62.7) // 55.3% (67.5) // 57.9% (72.0) // 58.0% (72.3)",
        "fenwick": "51.5% (46.8) // 55.7% (49.9) // 59.0% (52.3) // 58.2% (52.0)",
        "shots": "50.8% (33.8) // 56.0% (36.6) // 59.4% (38.2) // 58.8% (38.0)",
        "scoring": "52.4% (33.0) // 58.0% (36.1) // 62.3% (40.4) // 61.7% (39.7)",
        "corsiAgainst": "48.3% (58.6) // 44.7% (54.5) // 42.1% (52.3) // 42.0% (52.3)",
        "fenwickAgainst": "48.5% (44.0) // 44.3% (39.7) // 41.0% (36.4) // 41.8% (37.3)",
        "shotsAgainst": "49.2% (32.8) // 44.0% (28.7) // 40.6% (26.1) // 41.2% (26.7)",
        "scoringAgainst": "47.6% (29.9) // 42.0% (26.1) // 37.7% (24.5) // 38.3% (24.7)",
        "oppCorsi": "52.1% (59.7) // 56.0% (61.0) // 53.3% (57.4) // 48.2% (54.3)",
        "oppFenwick": "51.4% (43.8) // 56.1% (44.7) // 52.7% (40.7) // 48.6% (40.7)",
        "oppShots": "51.4% (32.6) // 55.1% (31.8) // 52.3% (28.9) // 46.7% (28.3)",
        "oppScoring": "53.1% (30.0) // 58.8% (32.4) // 57.9% (33.0) // 54.5% (32.3)",
        "oppCorsiAgainst": "47.9% (54.8) // 44.0% (47.9) // 46.7% (50.4) // 51.8% (58.3)",
        "oppFenwickAgainst": "48.6% (41.4) // 43.9% (35.0) // 47.3% (36.6) // 51.4% (43.0)",
        "oppShotsAgainst": "48.6% (30.9) // 44.9% (25.9) // 47.7% (26.4) // 53.3% (32.3)",
        "oppScoringAgainst": "46.9% (26.4) // 41.2% (22.7) // 42.1% (24.0) // 45.5% (27.0)",
        "savesPerGame": 29.9,
        "savesPerGameLast1": 19.0,
        "savesPerGameLast3": 22.7,
        "savesPerGameLast5": 22.2,
        "savesPer60": 30.0,
        "savesPer60Last1": 18.5,
        "savesPer60Last3": 22.3,
        "savesPer60Last5": 22.0,
        "shotsPerGame": 34.2,
        "shotsPerGameLast5": 38.4,
        "shotsAgainstPerGame": 33.2,
        "shotsAgainstPerGameLast5": 26.2,
        "oppSavesAgainstPer60": 30.0,
        "oppSavesAgainstPer60Last1": 27.0,
        "oppSavesAgainstPer60Last3": 23.5,
        "oppSavesAgainstPer60Last5": 24.7,
        "oppShotsAgainstPerGame": 31.3,
        "oppShotsAgainstPerGameLast5": 26.8,
        "savesProj": 31.3,
        "savesProjLast5": 18.9,
        "savesProjLast3": 18.2,
        "oppSavesAgainstProj": 31.7,
        "oppSavesAgainstProjLast5": 19.4,
        "oppSavesAgainstProjLast3": 18.4,
        "totalOver": 20,
        "totalOverLast5": 0,
        "lastTotalOver": 22,
        "last5": "0,0,0,0,0,0,0,0,0,0",
        "overOdds": "+310",
        "underOdds": "-410",
        "overUnder": "+310 / -410"
    },
    {
        "player": "Kris Letang",
        "team": "PIT",
        "opponent": "COL",
        "propType": "ast",
        "line": 0.5,
        "ppLine": "PP1",
        "avg": 0.46,
        "hit": false,
        "diffAvg": -0.08,
        "diffAbs": 0.2,
        "lastAvg": 0.68,
        "diff": 0.36,
        "avgMin": 24,
        "proj": 0.6,
        "lastAvgMin": 25.77,
        "oppOver": 0,
        "teamOver": 0,
        "gameLine": "+140",
        "+/-": -12,
        "L5_+/-": "+1.0",
        "prevMatchup": "2023-02-07 0.0 ast",
        "winLossSplits": "0.65 - 0.32",
        "awayHome": "A",
        "playedYesterday": "N",
        "awayHomeSplits": "0.33 - 0.6",
        "savesAboveExp": 0.16,
        "gsaa": 23.16,
        "corsi": "51.7% (62.7) // 55.3% (67.5) // 57.9% (72.0) // 58.0% (72.3)",
        "fenwick": "51.5% (46.8) // 55.7% (49.9) // 59.0% (52.3) // 58.2% (52.0)",
        "shots": "50.8% (33.8) // 56.0% (36.6) // 59.4% (38.2) // 58.8% (38.0)",
        "scoring": "52.4% (33.0) // 58.0% (36.1) // 62.3% (40.4) // 61.7% (39.7)",
        "corsiAgainst": "48.3% (58.6) // 44.7% (54.5) // 42.1% (52.3) // 42.0% (52.3)",
        "fenwickAgainst": "48.5% (44.0) // 44.3% (39.7) // 41.0% (36.4) // 41.8% (37.3)",
        "shotsAgainst": "49.2% (32.8) // 44.0% (28.7) // 40.6% (26.1) // 41.2% (26.7)",
        "scoringAgainst": "47.6% (29.9) // 42.0% (26.1) // 37.7% (24.5) // 38.3% (24.7)",
        "oppCorsi": "52.1% (59.7) // 56.0% (61.0) // 53.3% (57.4) // 48.2% (54.3)",
        "oppFenwick": "51.4% (43.8) // 56.1% (44.7) // 52.7% (40.7) // 48.6% (40.7)",
        "oppShots": "51.4% (32.6) // 55.1% (31.8) // 52.3% (28.9) // 46.7% (28.3)",
        "oppScoring": "53.1% (30.0) // 58.8% (32.4) // 57.9% (33.0) // 54.5% (32.3)",
        "oppCorsiAgainst": "47.9% (54.8) // 44.0% (47.9) // 46.7% (50.4) // 51.8% (58.3)",
        "oppFenwickAgainst": "48.6% (41.4) // 43.9% (35.0) // 47.3% (36.6) // 51.4% (43.0)",
        "oppShotsAgainst": "48.6% (30.9) // 44.9% (25.9) // 47.7% (26.4) // 53.3% (32.3)",
        "oppScoringAgainst": "46.9% (26.4) // 41.2% (22.7) // 42.1% (24.0) // 45.5% (27.0)",
        "savesPerGame": 29.9,
        "savesPerGameLast1": 19.0,
        "savesPerGameLast3": 22.7,
        "savesPerGameLast5": 22.2,
        "savesPer60": 30.0,
        "savesPer60Last1": 18.5,
        "savesPer60Last3": 22.3,
        "savesPer60Last5": 22.0,
        "shotsPerGame": 34.2,
        "shotsPerGameLast5": 38.4,
        "shotsAgainstPerGame": 33.2,
        "shotsAgainstPerGameLast5": 26.2,
        "oppSavesAgainstPer60": 30.0,
        "oppSavesAgainstPer60Last1": 27.0,
        "oppSavesAgainstPer60Last3": 23.5,
        "oppSavesAgainstPer60Last5": 24.7,
        "oppShotsAgainstPerGame": 31.3,
        "oppShotsAgainstPerGameLast5": 26.8,
        "savesProj": 31.3,
        "savesProjLast5": 18.9,
        "savesProjLast3": 18.2,
        "oppSavesAgainstProj": 31.7,
        "oppSavesAgainstProjLast5": 19.4,
        "oppSavesAgainstProjLast3": 18.4,
        "totalOver": 35,
        "totalOverLast5": 20,
        "lastTotalOver": 51,
        "last5": "0,0,0,2,0,1,0,0,0,1",
        "overOdds": "+100",
        "underOdds": "-130",
        "overUnder": "+100 / -130"
    },
    {
        "player": "Mikko Rantanen",
        "team": "COL",
        "opponent": "PIT",
        "propType": "ast",
        "line": 0.5,
        "ppLine": "PP1",
        "avg": 0.55,
        "hit": false,
        "diffAvg": 0.1,
        "diffAbs": 0.2,
        "lastAvg": 0.59,
        "diff": 0.18,
        "avgMin": 22,
        "proj": 0.6,
        "lastAvgMin": 20.97,
        "oppOver": 0,
        "teamOver": 0,
        "gameLine": "-165",
        "+/-": "+9",
        "L5_+/-": "+2.0",
        "prevMatchup": "2023-02-07 0.0 ast",
        "winLossSplits": "0.72 - 0.34",
        "awayHome": "H",
        "playedYesterday": "N",
        "awayHomeSplits": "0.47 - 0.63",
        "savesAboveExp": 0.033,
        "gsaa": 3.61,
        "corsi": "52.1% (59.7) // 56.0% (61.0) // 53.3% (57.4) // 48.2% (54.3)",
        "fenwick": "51.4% (43.8) // 56.1% (44.7) // 52.7% (40.7) // 48.6% (40.7)",
        "shots": "51.4% (32.6) // 55.1% (31.8) // 52.3% (28.9) // 46.7% (28.3)",
        "scoring": "53.1% (30.0) // 58.8% (32.4) // 57.9% (33.0) // 54.5% (32.3)",
        "corsiAgainst": "47.9% (54.8) // 44.0% (47.9) // 46.7% (50.4) // 51.8% (58.3)",
        "fenwickAgainst": "48.6% (41.4) // 43.9% (35.0) // 47.3% (36.6) // 51.4% (43.0)",
        "shotsAgainst": "48.6% (30.9) // 44.9% (25.9) // 47.7% (26.4) // 53.3% (32.3)",
        "scoringAgainst": "46.9% (26.4) // 41.2% (22.7) // 42.1% (24.0) // 45.5% (27.0)",
        "oppCorsi": "51.7% (62.7) // 55.3% (67.5) // 57.9% (72.0) // 58.0% (72.3)",
        "oppFenwick": "51.5% (46.8) // 55.7% (49.9) // 59.0% (52.3) // 58.2% (52.0)",
        "oppShots": "50.8% (33.8) // 56.0% (36.6) // 59.4% (38.2) // 58.8% (38.0)",
        "oppScoring": "52.4% (33.0) // 58.0% (36.1) // 62.3% (40.4) // 61.7% (39.7)",
        "oppCorsiAgainst": "48.3% (58.6) // 44.7% (54.5) // 42.1% (52.3) // 42.0% (52.3)",
        "oppFenwickAgainst": "48.5% (44.0) // 44.3% (39.7) // 41.0% (36.4) // 41.8% (37.3)",
        "oppShotsAgainst": "49.2% (32.8) // 44.0% (28.7) // 40.6% (26.1) // 41.2% (26.7)",
        "oppScoringAgainst": "47.6% (29.9) // 42.0% (26.1) // 37.7% (24.5) // 38.3% (24.7)",
        "savesPerGame": 28.6,
        "savesPerGameLast1": 27.0,
        "savesPerGameLast3": 30.7,
        "savesPerGameLast5": 24.8,
        "savesPer60": 28.6,
        "savesPer60Last1": 27.0,
        "savesPer60Last3": 30.7,
        "savesPer60Last5": 25.2,
        "shotsPerGame": 33.1,
        "shotsPerGameLast5": 29.4,
        "shotsAgainstPerGame": 31.3,
        "shotsAgainstPerGameLast5": 26.8,
        "oppSavesAgainstPer60": 31.1,
        "oppSavesAgainstPer60Last1": 48.0,
        "oppSavesAgainstPer60Last3": 36.6,
        "oppSavesAgainstPer60Last5": 36.1,
        "oppShotsAgainstPerGame": 33.2,
        "oppShotsAgainstPerGameLast5": 26.2,
        "savesProj": 29.6,
        "savesProjLast5": 30.6,
        "savesProjLast3": 37.9,
        "oppSavesAgainstProj": 31.6,
        "oppSavesAgainstProjLast5": 33.6,
        "oppSavesAgainstProjLast3": 42.0,
        "totalOver": 42,
        "totalOverLast5": 60,
        "lastTotalOver": 56,
        "last5": "1,0,2,0,1,2,1,0,0,0",
        "overOdds": "-130",
        "underOdds": "+100",
        "overUnder": "-130 / +100"
    },
    {
        "player": "Nathan Mackinnon",
        "team": "COL",
        "opponent": "PIT",
        "propType": "ast",
        "line": 0.5,
        "ppLine": "PP1",
        "avg": 1.02,
        "hit": false,
        "diffAvg": 1.04,
        "diffAbs": 0.4,
        "lastAvg": 0.66,
        "diff": 0.32,
        "avgMin": 22,
        "proj": 0.7,
        "lastAvgMin": 21.05,
        "oppOver": 0,
        "teamOver": 0,
        "gameLine": "-165",
        "+/-": "+20",
        "L5_+/-": -1.0,
        "prevMatchup": "2023-02-07 0.0 ast",
        "winLossSplits": "1.41 - 0.63",
        "awayHome": "H",
        "playedYesterday": "N",
        "awayHomeSplits": "1.06 - 0.96",
        "savesAboveExp": 0.033,
        "gsaa": 3.61,
        "corsi": "52.1% (59.7) // 56.0% (61.0) // 53.3% (57.4) // 48.2% (54.3)",
        "fenwick": "51.4% (43.8) // 56.1% (44.7) // 52.7% (40.7) // 48.6% (40.7)",
        "shots": "51.4% (32.6) // 55.1% (31.8) // 52.3% (28.9) // 46.7% (28.3)",
        "scoring": "53.1% (30.0) // 58.8% (32.4) // 57.9% (33.0) // 54.5% (32.3)",
        "corsiAgainst": "47.9% (54.8) // 44.0% (47.9) // 46.7% (50.4) // 51.8% (58.3)",
        "fenwickAgainst": "48.6% (41.4) // 43.9% (35.0) // 47.3% (36.6) // 51.4% (43.0)",
        "shotsAgainst": "48.6% (30.9) // 44.9% (25.9) // 47.7% (26.4) // 53.3% (32.3)",
        "scoringAgainst": "46.9% (26.4) // 41.2% (22.7) // 42.1% (24.0) // 45.5% (27.0)",
        "oppCorsi": "51.7% (62.7) // 55.3% (67.5) // 57.9% (72.0) // 58.0% (72.3)",
        "oppFenwick": "51.5% (46.8) // 55.7% (49.9) // 59.0% (52.3) // 58.2% (52.0)",
        "oppShots": "50.8% (33.8) // 56.0% (36.6) // 59.4% (38.2) // 58.8% (38.0)",
        "oppScoring": "52.4% (33.0) // 58.0% (36.1) // 62.3% (40.4) // 61.7% (39.7)",
        "oppCorsiAgainst": "48.3% (58.6) // 44.7% (54.5) // 42.1% (52.3) // 42.0% (52.3)",
        "oppFenwickAgainst": "48.5% (44.0) // 44.3% (39.7) // 41.0% (36.4) // 41.8% (37.3)",
        "oppShotsAgainst": "49.2% (32.8) // 44.0% (28.7) // 40.6% (26.1) // 41.2% (26.7)",
        "oppScoringAgainst": "47.6% (29.9) // 42.0% (26.1) // 37.7% (24.5) // 38.3% (24.7)",
        "savesPerGame": 28.6,
        "savesPerGameLast1": 27.0,
        "savesPerGameLast3": 30.7,
        "savesPerGameLast5": 24.8,
        "savesPer60": 28.6,
        "savesPer60Last1": 27.0,
        "savesPer60Last3": 30.7,
        "savesPer60Last5": 25.2,
        "shotsPerGame": 33.1,
        "shotsPerGameLast5": 29.4,
        "shotsAgainstPerGame": 31.3,
        "shotsAgainstPerGameLast5": 26.8,
        "oppSavesAgainstPer60": 31.1,
        "oppSavesAgainstPer60Last1": 48.0,
        "oppSavesAgainstPer60Last3": 36.6,
        "oppSavesAgainstPer60Last5": 36.1,
        "oppShotsAgainstPerGame": 33.2,
        "oppShotsAgainstPerGameLast5": 26.2,
        "savesProj": 29.6,
        "savesProjLast5": 30.6,
        "savesProjLast3": 37.9,
        "oppSavesAgainstProj": 31.6,
        "oppSavesAgainstProjLast5": 33.6,
        "oppSavesAgainstProjLast3": 42.0,
        "totalOver": 66,
        "totalOverLast5": 100,
        "lastTotalOver": 55,
        "last5": "1,2,3,1,1,1,0,1,0,0",
        "overOdds": "-230",
        "underOdds": "+185",
        "overUnder": "-230 / +185"
    },
    {
        "player": "Rickard Rakell",
        "team": "PIT",
        "opponent": "COL",
        "propType": "ast",
        "line": 0.5,
        "ppLine": "PP1",
        "avg": 0.36,
        "hit": false,
        "diffAvg": -0.28,
        "diffAbs": 0.4,
        "lastAvg": 0.29,
        "diff": -0.42,
        "avgMin": 18,
        "proj": 0.3,
        "lastAvgMin": 17.98,
        "oppOver": 0,
        "teamOver": 0,
        "gameLine": "+140",
        "+/-": "+3",
        "L5_+/-": "+1.0",
        "prevMatchup": "2023-02-07 0.0 ast",
        "winLossSplits": "0.44 - 0.24",
        "awayHome": "A",
        "playedYesterday": "N",
        "awayHomeSplits": "0.37 - 0.34",
        "savesAboveExp": 0.16,
        "gsaa": 23.16,
        "corsi": "51.7% (62.7) // 55.3% (67.5) // 57.9% (72.0) // 58.0% (72.3)",
        "fenwick": "51.5% (46.8) // 55.7% (49.9) // 59.0% (52.3) // 58.2% (52.0)",
        "shots": "50.8% (33.8) // 56.0% (36.6) // 59.4% (38.2) // 58.8% (38.0)",
        "scoring": "52.4% (33.0) // 58.0% (36.1) // 62.3% (40.4) // 61.7% (39.7)",
        "corsiAgainst": "48.3% (58.6) // 44.7% (54.5) // 42.1% (52.3) // 42.0% (52.3)",
        "fenwickAgainst": "48.5% (44.0) // 44.3% (39.7) // 41.0% (36.4) // 41.8% (37.3)",
        "shotsAgainst": "49.2% (32.8) // 44.0% (28.7) // 40.6% (26.1) // 41.2% (26.7)",
        "scoringAgainst": "47.6% (29.9) // 42.0% (26.1) // 37.7% (24.5) // 38.3% (24.7)",
        "oppCorsi": "52.1% (59.7) // 56.0% (61.0) // 53.3% (57.4) // 48.2% (54.3)",
        "oppFenwick": "51.4% (43.8) // 56.1% (44.7) // 52.7% (40.7) // 48.6% (40.7)",
        "oppShots": "51.4% (32.6) // 55.1% (31.8) // 52.3% (28.9) // 46.7% (28.3)",
        "oppScoring": "53.1% (30.0) // 58.8% (32.4) // 57.9% (33.0) // 54.5% (32.3)",
        "oppCorsiAgainst": "47.9% (54.8) // 44.0% (47.9) // 46.7% (50.4) // 51.8% (58.3)",
        "oppFenwickAgainst": "48.6% (41.4) // 43.9% (35.0) // 47.3% (36.6) // 51.4% (43.0)",
        "oppShotsAgainst": "48.6% (30.9) // 44.9% (25.9) // 47.7% (26.4) // 53.3% (32.3)",
        "oppScoringAgainst": "46.9% (26.4) // 41.2% (22.7) // 42.1% (24.0) // 45.5% (27.0)",
        "savesPerGame": 29.9,
        "savesPerGameLast1": 19.0,
        "savesPerGameLast3": 22.7,
        "savesPerGameLast5": 22.2,
        "savesPer60": 30.0,
        "savesPer60Last1": 18.5,
        "savesPer60Last3": 22.3,
        "savesPer60Last5": 22.0,
        "shotsPerGame": 34.2,
        "shotsPerGameLast5": 38.4,
        "shotsAgainstPerGame": 33.2,
        "shotsAgainstPerGameLast5": 26.2,
        "oppSavesAgainstPer60": 30.0,
        "oppSavesAgainstPer60Last1": 27.0,
        "oppSavesAgainstPer60Last3": 23.5,
        "oppSavesAgainstPer60Last5": 24.7,
        "oppShotsAgainstPerGame": 31.3,
        "oppShotsAgainstPerGameLast5": 26.8,
        "savesProj": 31.3,
        "savesProjLast5": 18.9,
        "savesProjLast3": 18.2,
        "oppSavesAgainstProj": 31.7,
        "oppSavesAgainstProjLast5": 19.4,
        "oppSavesAgainstProjLast3": 18.4,
        "totalOver": 30,
        "totalOverLast5": 40,
        "lastTotalOver": 19,
        "last5": "0,0,1,1,0,0,0,2,0,1",
        "overOdds": "+175",
        "underOdds": "-215",
        "overUnder": "+175 / -215"
    },
    {
        "player": "Sidney Crosby",
        "team": "PIT",
        "opponent": "COL",
        "propType": "ast",
        "line": 0.5,
        "ppLine": "PP1",
        "avg": 0.77,
        "hit": false,
        "diffAvg": 0.54,
        "diffAbs": 0.4,
        "lastAvg": 0.71,
        "diff": 0.42,
        "avgMin": 20,
        "proj": 0.7,
        "lastAvgMin": 19.97,
        "oppOver": 0,
        "teamOver": 0,
        "gameLine": "+140",
        "+/-": "+3",
        "L5_+/-": -4.0,
        "prevMatchup": "2023-02-07 1.0 ast",
        "winLossSplits": "1.14 - 0.45",
        "awayHome": "A",
        "playedYesterday": "N",
        "awayHomeSplits": "0.8 - 0.74",
        "savesAboveExp": 0.16,
        "gsaa": 23.16,
        "corsi": "51.7% (62.7) // 55.3% (67.5) // 57.9% (72.0) // 58.0% (72.3)",
        "fenwick": "51.5% (46.8) // 55.7% (49.9) // 59.0% (52.3) // 58.2% (52.0)",
        "shots": "50.8% (33.8) // 56.0% (36.6) // 59.4% (38.2) // 58.8% (38.0)",
        "scoring": "52.4% (33.0) // 58.0% (36.1) // 62.3% (40.4) // 61.7% (39.7)",
        "corsiAgainst": "48.3% (58.6) // 44.7% (54.5) // 42.1% (52.3) // 42.0% (52.3)",
        "fenwickAgainst": "48.5% (44.0) // 44.3% (39.7) // 41.0% (36.4) // 41.8% (37.3)",
        "shotsAgainst": "49.2% (32.8) // 44.0% (28.7) // 40.6% (26.1) // 41.2% (26.7)",
        "scoringAgainst": "47.6% (29.9) // 42.0% (26.1) // 37.7% (24.5) // 38.3% (24.7)",
        "oppCorsi": "52.1% (59.7) // 56.0% (61.0) // 53.3% (57.4) // 48.2% (54.3)",
        "oppFenwick": "51.4% (43.8) // 56.1% (44.7) // 52.7% (40.7) // 48.6% (40.7)",
        "oppShots": "51.4% (32.6) // 55.1% (31.8) // 52.3% (28.9) // 46.7% (28.3)",
        "oppScoring": "53.1% (30.0) // 58.8% (32.4) // 57.9% (33.0) // 54.5% (32.3)",
        "oppCorsiAgainst": "47.9% (54.8) // 44.0% (47.9) // 46.7% (50.4) // 51.8% (58.3)",
        "oppFenwickAgainst": "48.6% (41.4) // 43.9% (35.0) // 47.3% (36.6) // 51.4% (43.0)",
        "oppShotsAgainst": "48.6% (30.9) // 44.9% (25.9) // 47.7% (26.4) // 53.3% (32.3)",
        "oppScoringAgainst": "46.9% (26.4) // 41.2% (22.7) // 42.1% (24.0) // 45.5% (27.0)",
        "savesPerGame": 29.9,
        "savesPerGameLast1": 19.0,
        "savesPerGameLast3": 22.7,
        "savesPerGameLast5": 22.2,
        "savesPer60": 30.0,
        "savesPer60Last1": 18.5,
        "savesPer60Last3": 22.3,
        "savesPer60Last5": 22.0,
        "shotsPerGame": 34.2,
        "shotsPerGameLast5": 38.4,
        "shotsAgainstPerGame": 33.2,
        "shotsAgainstPerGameLast5": 26.2,
        "oppSavesAgainstPer60": 30.0,
        "oppSavesAgainstPer60Last1": 27.0,
        "oppSavesAgainstPer60Last3": 23.5,
        "oppSavesAgainstPer60Last5": 24.7,
        "oppShotsAgainstPerGame": 31.3,
        "oppShotsAgainstPerGameLast5": 26.8,
        "savesProj": 31.3,
        "savesProjLast5": 18.9,
        "savesProjLast3": 18.2,
        "oppSavesAgainstProj": 31.7,
        "oppSavesAgainstProjLast5": 19.4,
        "oppSavesAgainstProjLast3": 18.4,
        "totalOver": 53,
        "totalOverLast5": 60,
        "lastTotalOver": 59,
        "last5": "0,0,2,1,2,0,1,2,0,1",
        "overOdds": "-130",
        "underOdds": "+100",
        "overUnder": "-130 / +100"
    },
    {
        "player": "Valeri Nichushkin",
        "team": "COL",
        "opponent": "PIT",
        "propType": "ast",
        "line": 0.5,
        "ppLine": "PP1",
        "avg": 0.6,
        "hit": false,
        "diffAvg": 0.2,
        "diffAbs": 0.4,
        "lastAvg": 0.33,
        "diff": -0.34,
        "avgMin": 19,
        "proj": 0.3,
        "lastAvgMin": 19.02,
        "oppOver": 0,
        "teamOver": 0,
        "gameLine": "-165",
        "+/-": "+13",
        "L5_+/-": "+4.0",
        "prevMatchup": "2023-02-07 0.0 ast",
        "winLossSplits": "0.59 - 0.68",
        "awayHome": "H",
        "playedYesterday": "N",
        "awayHomeSplits": "0.37 - 0.81",
        "savesAboveExp": 0.033,
        "gsaa": 3.61,
        "corsi": "52.1% (59.7) // 56.0% (61.0) // 53.3% (57.4) // 48.2% (54.3)",
        "fenwick": "51.4% (43.8) // 56.1% (44.7) // 52.7% (40.7) // 48.6% (40.7)",
        "shots": "51.4% (32.6) // 55.1% (31.8) // 52.3% (28.9) // 46.7% (28.3)",
        "scoring": "53.1% (30.0) // 58.8% (32.4) // 57.9% (33.0) // 54.5% (32.3)",
        "corsiAgainst": "47.9% (54.8) // 44.0% (47.9) // 46.7% (50.4) // 51.8% (58.3)",
        "fenwickAgainst": "48.6% (41.4) // 43.9% (35.0) // 47.3% (36.6) // 51.4% (43.0)",
        "shotsAgainst": "48.6% (30.9) // 44.9% (25.9) // 47.7% (26.4) // 53.3% (32.3)",
        "scoringAgainst": "46.9% (26.4) // 41.2% (22.7) // 42.1% (24.0) // 45.5% (27.0)",
        "oppCorsi": "51.7% (62.7) // 55.3% (67.5) // 57.9% (72.0) // 58.0% (72.3)",
        "oppFenwick": "51.5% (46.8) // 55.7% (49.9) // 59.0% (52.3) // 58.2% (52.0)",
        "oppShots": "50.8% (33.8) // 56.0% (36.6) // 59.4% (38.2) // 58.8% (38.0)",
        "oppScoring": "52.4% (33.0) // 58.0% (36.1) // 62.3% (40.4) // 61.7% (39.7)",
        "oppCorsiAgainst": "48.3% (58.6) // 44.7% (54.5) // 42.1% (52.3) // 42.0% (52.3)",
        "oppFenwickAgainst": "48.5% (44.0) // 44.3% (39.7) // 41.0% (36.4) // 41.8% (37.3)",
        "oppShotsAgainst": "49.2% (32.8) // 44.0% (28.7) // 40.6% (26.1) // 41.2% (26.7)",
        "oppScoringAgainst": "47.6% (29.9) // 42.0% (26.1) // 37.7% (24.5) // 38.3% (24.7)",
        "savesPerGame": 28.6,
        "savesPerGameLast1": 27.0,
        "savesPerGameLast3": 30.7,
        "savesPerGameLast5": 24.8,
        "savesPer60": 28.6,
        "savesPer60Last1": 27.0,
        "savesPer60Last3": 30.7,
        "savesPer60Last5": 25.2,
        "shotsPerGame": 33.1,
        "shotsPerGameLast5": 29.4,
        "shotsAgainstPerGame": 31.3,
        "shotsAgainstPerGameLast5": 26.8,
        "oppSavesAgainstPer60": 31.1,
        "oppSavesAgainstPer60Last1": 48.0,
        "oppSavesAgainstPer60Last3": 36.6,
        "oppSavesAgainstPer60Last5": 36.1,
        "oppShotsAgainstPerGame": 33.2,
        "oppShotsAgainstPerGameLast5": 26.2,
        "savesProj": 29.6,
        "savesProjLast5": 30.6,
        "savesProjLast3": 37.9,
        "oppSavesAgainstProj": 31.6,
        "oppSavesAgainstProjLast5": 33.6,
        "oppSavesAgainstProjLast3": 42.0,
        "totalOver": 42,
        "totalOverLast5": 60,
        "lastTotalOver": 33,
        "last5": "1,1,0,0,2,0,0,3,1,1",
        "overOdds": "+105",
        "underOdds": "-135",
        "overUnder": "+105 / -135"
    },
    {
        "player": "Mikael Granlund",
        "team": "PIT",
        "opponent": "COL",
        "propType": "ast",
        "line": 0.5,
        "ppLine": "PP2",
        "avg": 0.42,
        "hit": false,
        "diffAvg": -0.16,
        "diffAbs": 0.2,
        "lastAvg": 0.63,
        "diff": 0.26,
        "avgMin": 18,
        "proj": 0.6,
        "lastAvgMin": 20.4,
        "oppOver": 0,
        "teamOver": 0,
        "gameLine": "+140",
        "+/-": "+1",
        "L5_+/-": 0.0,
        "prevMatchup": "2022-12-23 0.0 ast, 2022-12-17 0.0 ast, 2022-11-10 1.0 ast",
        "winLossSplits": "0.55 - 0.26",
        "awayHome": "A",
        "playedYesterday": "Y",
        "awayHomeSplits": "0.41 - 0.43",
        "savesAboveExp": 0.16,
        "gsaa": 23.16,
        "corsi": "51.7% (62.7) // 55.3% (67.5) // 57.9% (72.0) // 58.0% (72.3)",
        "fenwick": "51.5% (46.8) // 55.7% (49.9) // 59.0% (52.3) // 58.2% (52.0)",
        "shots": "50.8% (33.8) // 56.0% (36.6) // 59.4% (38.2) // 58.8% (38.0)",
        "scoring": "52.4% (33.0) // 58.0% (36.1) // 62.3% (40.4) // 61.7% (39.7)",
        "corsiAgainst": "48.3% (58.6) // 44.7% (54.5) // 42.1% (52.3) // 42.0% (52.3)",
        "fenwickAgainst": "48.5% (44.0) // 44.3% (39.7) // 41.0% (36.4) // 41.8% (37.3)",
        "shotsAgainst": "49.2% (32.8) // 44.0% (28.7) // 40.6% (26.1) // 41.2% (26.7)",
        "scoringAgainst": "47.6% (29.9) // 42.0% (26.1) // 37.7% (24.5) // 38.3% (24.7)",
        "oppCorsi": "52.1% (59.7) // 56.0% (61.0) // 53.3% (57.4) // 48.2% (54.3)",
        "oppFenwick": "51.4% (43.8) // 56.1% (44.7) // 52.7% (40.7) // 48.6% (40.7)",
        "oppShots": "51.4% (32.6) // 55.1% (31.8) // 52.3% (28.9) // 46.7% (28.3)",
        "oppScoring": "53.1% (30.0) // 58.8% (32.4) // 57.9% (33.0) // 54.5% (32.3)",
        "oppCorsiAgainst": "47.9% (54.8) // 44.0% (47.9) // 46.7% (50.4) // 51.8% (58.3)",
        "oppFenwickAgainst": "48.6% (41.4) // 43.9% (35.0) // 47.3% (36.6) // 51.4% (43.0)",
        "oppShotsAgainst": "48.6% (30.9) // 44.9% (25.9) // 47.7% (26.4) // 53.3% (32.3)",
        "oppScoringAgainst": "46.9% (26.4) // 41.2% (22.7) // 42.1% (24.0) // 45.5% (27.0)",
        "savesPerGame": 29.9,
        "savesPerGameLast1": 19.0,
        "savesPerGameLast3": 22.7,
        "savesPerGameLast5": 22.2,
        "savesPer60": 30.0,
        "savesPer60Last1": 18.5,
        "savesPer60Last3": 22.3,
        "savesPer60Last5": 22.0,
        "shotsPerGame": 34.2,
        "shotsPerGameLast5": 38.4,
        "shotsAgainstPerGame": 33.2,
        "shotsAgainstPerGameLast5": 26.2,
        "oppSavesAgainstPer60": 30.0,
        "oppSavesAgainstPer60Last1": 27.0,
        "oppSavesAgainstPer60Last3": 23.5,
        "oppSavesAgainstPer60Last5": 24.7,
        "oppShotsAgainstPerGame": 31.3,
        "oppShotsAgainstPerGameLast5": 26.8,
        "savesProj": 31.3,
        "savesProjLast5": 18.9,
        "savesProjLast3": 18.2,
        "oppSavesAgainstProj": 31.7,
        "oppSavesAgainstProjLast5": 19.4,
        "oppSavesAgainstProjLast3": 18.4,
        "totalOver": 36,
        "totalOverLast5": 0,
        "lastTotalOver": 45,
        "last5": "0,0,0,0,0,1,0,0,0,0",
        "overOdds": "+190",
        "underOdds": "-235",
        "overUnder": "+190 / -235"
    },
    {
        "player": "Barrett Hayton",
        "team": "ARI",
        "opponent": "EDM",
        "propType": "ast",
        "line": 0.5,
        "ppLine": "PP1",
        "avg": 0.32,
        "hit": false,
        "diffAvg": -0.36,
        "diffAbs": 0.6,
        "lastAvg": 0.23,
        "diff": -0.54,
        "avgMin": 17,
        "proj": 0.2,
        "lastAvgMin": 16.12,
        "oppOver": 0,
        "teamOver": 0,
        "gameLine": "+360",
        "+/-": "+2",
        "L5_+/-": "+7.0",
        "prevMatchup": "2022-12-07 0.0 ast",
        "winLossSplits": "0.5 - 0.18",
        "awayHome": "A",
        "playedYesterday": "Y",
        "awayHomeSplits": "0.27 - 0.38",
        "savesAboveExp": 0.118,
        "gsaa": 9.1,
        "corsi": "42.6% (47.5) // 39.7% (46.1) // 41.6% (45.7) // 43.2% (48.0)",
        "fenwick": "42.1% (35.6) // 40.4% (35.5) // 42.2% (34.9) // 42.8% (36.3)",
        "shots": "42.0% (25.5) // 41.1% (25.9) // 42.7% (24.6) // 46.4% (26.0)",
        "scoring": "41.8% (24.9) // 40.4% (23.7) // 41.2% (22.1) // 43.3% (23.7)",
        "corsiAgainst": "57.4% (64.0) // 60.3% (69.9) // 58.4% (64.0) // 56.8% (63.0)",
        "fenwickAgainst": "57.9% (49.1) // 59.6% (52.5) // 57.8% (47.8) // 57.2% (48.7)",
        "shotsAgainst": "58.0% (35.2) // 58.9% (37.1) // 57.3% (33.0) // 53.6% (30.0)",
