[
    {
        "player": "Alex Tuch",
        "team": "BUF",
        "opponent": "MTL",
        "propType": "g",
        "line": 0.5,
        "ppLine": "PP1",
        "avg": 0.5,
        "hit": false,
        "diffAvg": 0.0,
        "diffAbs": 0.6,
        "lastAvg": 0.24,
        "diff": -0.52,
        "avgMin": 19,
        "proj": 0.2,
        "lastAvgMin": 18.4,
        "oppOver": 0,
        "teamOver": 0,
        "gameLine": "-205",
        "+/-": "+7",
        "L5_+/-": -3.0,
        "prevMatchup": "2022-11-22 1.0 g, 2022-10-27 0.0 g",
        "winLossSplits": "0.72 - 0.28",
        "awayHome": "H",
        "playedYesterday": "N",
        "awayHomeSplits": "0.55 - 0.45",
        "savesAboveExp": 0.116,
        "gsaa": -17.08,
        "corsi": "51.1% (57.6) // 51.2% (55.9) // 53.7% (56.6) // 49.5% (53.0)",
        "fenwick": "49.7% (43.5) // 49.8% (41.5) // 54.7% (45.2) // 51.8% (43.3)",
        "shots": "49.4% (31.9) // 48.9% (29.5) // 54.4% (31.2) // 52.3% (30.7)",
        "scoring": "49.9% (30.5) // 47.1% (27.0) // 48.2% (27.0) // 44.1% (25.0)",
        "corsiAgainst": "48.9% (55.0) // 48.8% (53.4) // 46.3% (48.8) // 50.5% (54.0)",
        "fenwickAgainst": "50.3% (43.9) // 50.2% (41.8) // 45.3% (37.4) // 48.2% (40.3)",
        "shotsAgainst": "50.6% (32.6) // 51.1% (30.8) // 45.6% (26.2) // 47.7% (28.0)",
        "scoringAgainst": "50.1% (30.6) // 52.9% (30.2) // 51.8% (29.0) // 55.9% (31.7)",
        "oppCorsi": "44.8% (51.0) // 42.6% (47.9) // 47.9% (50.8) // 53.4% (55.3)",
        "oppFenwick": "44.8% (37.2) // 43.6% (35.6) // 50.6% (40.2) // 56.5% (43.7)",
        "oppShots": "44.8% (27.1) // 41.9% (24.5) // 46.9% (26.0) // 51.9% (27.7)",
        "oppScoring": "42.7% (25.2) // 40.0% (22.3) // 44.9% (23.0) // 50.3% (26.0)",
        "oppCorsiAgainst": "55.2% (63.0) // 57.4% (64.6) // 52.1% (55.2) // 46.6% (48.3)",
        "oppFenwickAgainst": "55.2% (45.8) // 56.4% (46.1) // 49.4% (39.2) // 43.5% (33.7)",
        "oppShotsAgainst": "55.2% (33.4) // 58.1% (33.9) // 53.1% (29.5) // 48.1% (25.7)",
        "oppScoringAgainst": "57.3% (33.8) // 60.0% (33.5) // 55.1% (28.2) // 49.7% (25.7)",
        "savesPerGame": 29.2,
        "savesPerGameLast1": 26.0,
        "savesPerGameLast3": 24.3,
        "savesPerGameLast5": 21.6,
        "savesPer60": 29.3,
        "savesPer60Last1": 25.6,
        "savesPer60Last3": 24.1,
        "savesPer60Last5": 21.5,
        "shotsPerGame": 32.2,
        "shotsPerGameLast5": 31.2,
        "shotsAgainstPerGame": 32.9,
        "shotsAgainstPerGameLast5": 26.2,
        "oppSavesAgainstPer60": 24.7,
        "oppSavesAgainstPer60Last1": 24.0,
        "oppSavesAgainstPer60Last3": 23.4,
        "oppSavesAgainstPer60Last5": 22.6,
        "oppShotsAgainstPerGame": 33.7,
        "oppShotsAgainstPerGameLast5": 31.8,
        "savesProj": 23.9,
        "savesProjLast5": 16.1,
        "savesProjLast3": 18.7,
        "oppSavesAgainstProj": 25.5,
        "oppSavesAgainstProjLast5": 17.2,
        "oppSavesAgainstProjLast3": 19.9,
        "totalOver": 41,
        "totalOverLast5": 20,
        "totalOverLast15": 40,
        "lastTotalOver": 24,
        "last5": "0,2,0,0,0,0,2,1,0,1",
        "overOdds": "+120",
        "underOdds": "0",
        "overUnder": "+120 / 0"
    },
    {
        "player": "Brendan Gallagher",
        "team": "MTL",
        "opponent": "BUF",
        "propType": "g",
        "line": 0.5,
        "ppLine": "PP2",
        "avg": 0.18,
        "hit": false,
        "diffAvg": -0.64,
        "diffAbs": 0.8,
        "lastAvg": 0.12,
        "diff": -0.76,
        "avgMin": 14,
        "proj": 0.1,
        "lastAvgMin": 15.02,
        "oppOver": 0,
        "teamOver": 0,
        "gameLine": "+175",
        "+/-": -5,
        "L5_+/-": -3.0,
        "prevMatchup": "2022-11-22 0.0 g, 2022-10-27 1.0 g",
        "winLossSplits": "0.23 - 0.12",
        "awayHome": "A",
        "playedYesterday": "N",
        "awayHomeSplits": "0.21 - 0.14",
        "savesAboveExp": 0.461,
        "gsaa": -14.9,
        "corsi": "44.8% (51.0) // 42.6% (47.9) // 47.9% (50.8) // 53.4% (55.3)",
        "fenwick": "44.8% (37.2) // 43.6% (35.6) // 50.6% (40.2) // 56.5% (43.7)",
        "shots": "44.8% (27.1) // 41.9% (24.5) // 46.9% (26.0) // 51.9% (27.7)",
        "scoring": "42.7% (25.2) // 40.0% (22.3) // 44.9% (23.0) // 50.3% (26.0)",
        "corsiAgainst": "55.2% (63.0) // 57.4% (64.6) // 52.1% (55.2) // 46.6% (48.3)",
        "fenwickAgainst": "55.2% (45.8) // 56.4% (46.1) // 49.4% (39.2) // 43.5% (33.7)",
        "shotsAgainst": "55.2% (33.4) // 58.1% (33.9) // 53.1% (29.5) // 48.1% (25.7)",
        "scoringAgainst": "57.3% (33.8) // 60.0% (33.5) // 55.1% (28.2) // 49.7% (25.7)",
        "oppCorsi": "51.1% (57.6) // 51.2% (55.9) // 53.7% (56.6) // 49.5% (53.0)",
        "oppFenwick": "49.7% (43.5) // 49.8% (41.5) // 54.7% (45.2) // 51.8% (43.3)",
        "oppShots": "49.4% (31.9) // 48.9% (29.5) // 54.4% (31.2) // 52.3% (30.7)",
        "oppScoring": "49.9% (30.5) // 47.1% (27.0) // 48.2% (27.0) // 44.1% (25.0)",
        "oppCorsiAgainst": "48.9% (55.0) // 48.8% (53.4) // 46.3% (48.8) // 50.5% (54.0)",
        "oppFenwickAgainst": "50.3% (43.9) // 50.2% (41.8) // 45.3% (37.4) // 48.2% (40.3)",
        "oppShotsAgainst": "50.6% (32.6) // 51.1% (30.8) // 45.6% (26.2) // 47.7% (28.0)",
        "oppScoringAgainst": "50.1% (30.6) // 52.9% (30.2) // 51.8% (29.0) // 55.9% (31.7)",
        "savesPerGame": 30.1,
        "savesPerGameLast1": 20.0,
        "savesPerGameLast3": 22.7,
        "savesPerGameLast5": 27.4,
        "savesPer60": 30.1,
        "savesPer60Last1": 20.0,
        "savesPer60Last3": 22.4,
        "savesPer60Last5": 27.1,
        "shotsPerGame": 27.4,
        "shotsPerGameLast5": 26.8,
        "shotsAgainstPerGame": 33.7,
        "shotsAgainstPerGameLast5": 31.8,
        "oppSavesAgainstPer60": 28.6,
        "oppSavesAgainstPer60Last1": 33.0,
        "oppSavesAgainstPer60Last3": 27.2,
        "oppSavesAgainstPer60Last5": 28.7,
        "oppShotsAgainstPerGame": 32.9,
        "oppShotsAgainstPerGameLast5": 26.2,
        "savesProj": 29.4,
        "savesProjLast5": 26.6,
        "savesProjLast3": 20.9,
        "oppSavesAgainstProj": 30.3,
        "oppSavesAgainstProjLast5": 26.9,
        "oppSavesAgainstProjLast3": 22.1,
        "totalOver": 18,
        "totalOverLast5": 40,
        "totalOverLast15": 20,
        "lastTotalOver": 12,
        "last5": "1,0,0,1,0,0,0,0,0,0",
        "overOdds": "+275",
        "underOdds": "0",
        "overUnder": "+275 / 0"
    },
    {
        "player": "Denis Gurianov",
        "team": "MTL",
        "opponent": "BUF",
        "propType": "g",
        "line": 0.5,
        "ppLine": "PP2",
        "avg": 0.36,
        "hit": false,
        "diffAvg": -0.28,
        "diffAbs": 1.0,
        "lastAvg": 0,
        "diff": 0,
        "avgMin": 15,
        "proj": 0.0,
        "lastAvgMin": 0,
        "oppOver": 0,
        "teamOver": 0,
        "gameLine": "+175",
        "+/-": -6,
        "L5_+/-": -5.0,
        "prevMatchup": "",
        "winLossSplits": "0.23 - 0.34",
        "awayHome": "A",
        "playedYesterday": "N",
        "awayHomeSplits": "0.38 - 0.33",
        "savesAboveExp": 0.461,
        "gsaa": -14.9,
        "corsi": "44.8% (51.0) // 42.6% (47.9) // 47.9% (50.8) // 53.4% (55.3)",
        "fenwick": "44.8% (37.2) // 43.6% (35.6) // 50.6% (40.2) // 56.5% (43.7)",
        "shots": "44.8% (27.1) // 41.9% (24.5) // 46.9% (26.0) // 51.9% (27.7)",
        "scoring": "42.7% (25.2) // 40.0% (22.3) // 44.9% (23.0) // 50.3% (26.0)",
        "corsiAgainst": "55.2% (63.0) // 57.4% (64.6) // 52.1% (55.2) // 46.6% (48.3)",
        "fenwickAgainst": "55.2% (45.8) // 56.4% (46.1) // 49.4% (39.2) // 43.5% (33.7)",
        "shotsAgainst": "55.2% (33.4) // 58.1% (33.9) // 53.1% (29.5) // 48.1% (25.7)",
        "scoringAgainst": "57.3% (33.8) // 60.0% (33.5) // 55.1% (28.2) // 49.7% (25.7)",
        "oppCorsi": "51.1% (57.6) // 51.2% (55.9) // 53.7% (56.6) // 49.5% (53.0)",
        "oppFenwick": "49.7% (43.5) // 49.8% (41.5) // 54.7% (45.2) // 51.8% (43.3)",
        "oppShots": "49.4% (31.9) // 48.9% (29.5) // 54.4% (31.2) // 52.3% (30.7)",
        "oppScoring": "49.9% (30.5) // 47.1% (27.0) // 48.2% (27.0) // 44.1% (25.0)",
        "oppCorsiAgainst": "48.9% (55.0) // 48.8% (53.4) // 46.3% (48.8) // 50.5% (54.0)",
        "oppFenwickAgainst": "50.3% (43.9) // 50.2% (41.8) // 45.3% (37.4) // 48.2% (40.3)",
        "oppShotsAgainst": "50.6% (32.6) // 51.1% (30.8) // 45.6% (26.2) // 47.7% (28.0)",
        "oppScoringAgainst": "50.1% (30.6) // 52.9% (30.2) // 51.8% (29.0) // 55.9% (31.7)",
        "savesPerGame": 30.1,
        "savesPerGameLast1": 20.0,
        "savesPerGameLast3": 22.7,
        "savesPerGameLast5": 27.4,
        "savesPer60": 30.1,
        "savesPer60Last1": 20.0,
        "savesPer60Last3": 22.4,
        "savesPer60Last5": 27.1,
        "shotsPerGame": 27.4,
        "shotsPerGameLast5": 26.8,
        "shotsAgainstPerGame": 33.7,
        "shotsAgainstPerGameLast5": 31.8,
        "oppSavesAgainstPer60": 28.6,
        "oppSavesAgainstPer60Last1": 33.0,
        "oppSavesAgainstPer60Last3": 27.2,
        "oppSavesAgainstPer60Last5": 28.7,
        "oppShotsAgainstPerGame": 32.9,
        "oppShotsAgainstPerGameLast5": 26.2,
        "savesProj": 29.4,
        "savesProjLast5": 26.6,
        "savesProjLast3": 20.9,
        "oppSavesAgainstProj": 30.3,
        "oppSavesAgainstProjLast5": 26.9,
        "oppSavesAgainstProjLast3": 22.1,
        "totalOver": 36,
        "totalOverLast5": 20,
        "totalOverLast15": 36,
        "lastTotalOver": 0,
        "last5": "0,0,0,1,0,1,1,1,0,0",
        "overOdds": "+295",
        "underOdds": "0",
        "overUnder": "+295 / 0"
    },
    {
        "player": "Dylan Cozens",
        "team": "BUF",
        "opponent": "MTL",
        "propType": "g",
        "line": 0.5,
        "ppLine": "PP2",
        "avg": 0.39,
        "hit": false,
        "diffAvg": -0.22,
        "diffAbs": 0.6,
        "lastAvg": 0.16,
        "diff": -0.68,
        "avgMin": 16,
        "proj": 0.2,
        "lastAvgMin": 15.88,
        "oppOver": 0,
        "teamOver": 0,
        "gameLine": "-205",
        "+/-": 0,
        "L5_+/-": -8.0,
        "prevMatchup": "2022-11-22 0.0 g, 2022-10-27 1.0 g",
        "winLossSplits": "0.58 - 0.21",
        "awayHome": "H",
        "playedYesterday": "N",
        "awayHomeSplits": "0.41 - 0.38",
        "savesAboveExp": 0.116,
        "gsaa": -17.08,
        "corsi": "51.1% (57.6) // 51.2% (55.9) // 53.7% (56.6) // 49.5% (53.0)",
        "fenwick": "49.7% (43.5) // 49.8% (41.5) // 54.7% (45.2) // 51.8% (43.3)",
        "shots": "49.4% (31.9) // 48.9% (29.5) // 54.4% (31.2) // 52.3% (30.7)",
        "scoring": "49.9% (30.5) // 47.1% (27.0) // 48.2% (27.0) // 44.1% (25.0)",
        "corsiAgainst": "48.9% (55.0) // 48.8% (53.4) // 46.3% (48.8) // 50.5% (54.0)",
        "fenwickAgainst": "50.3% (43.9) // 50.2% (41.8) // 45.3% (37.4) // 48.2% (40.3)",
        "shotsAgainst": "50.6% (32.6) // 51.1% (30.8) // 45.6% (26.2) // 47.7% (28.0)",
        "scoringAgainst": "50.1% (30.6) // 52.9% (30.2) // 51.8% (29.0) // 55.9% (31.7)",
        "oppCorsi": "44.8% (51.0) // 42.6% (47.9) // 47.9% (50.8) // 53.4% (55.3)",
        "oppFenwick": "44.8% (37.2) // 43.6% (35.6) // 50.6% (40.2) // 56.5% (43.7)",
        "oppShots": "44.8% (27.1) // 41.9% (24.5) // 46.9% (26.0) // 51.9% (27.7)",
        "oppScoring": "42.7% (25.2) // 40.0% (22.3) // 44.9% (23.0) // 50.3% (26.0)",
        "oppCorsiAgainst": "55.2% (63.0) // 57.4% (64.6) // 52.1% (55.2) // 46.6% (48.3)",
        "oppFenwickAgainst": "55.2% (45.8) // 56.4% (46.1) // 49.4% (39.2) // 43.5% (33.7)",
        "oppShotsAgainst": "55.2% (33.4) // 58.1% (33.9) // 53.1% (29.5) // 48.1% (25.7)",
        "oppScoringAgainst": "57.3% (33.8) // 60.0% (33.5) // 55.1% (28.2) // 49.7% (25.7)",
        "savesPerGame": 29.2,
        "savesPerGameLast1": 26.0,
        "savesPerGameLast3": 24.3,
        "savesPerGameLast5": 21.6,
        "savesPer60": 29.3,
        "savesPer60Last1": 25.6,
        "savesPer60Last3": 24.1,
        "savesPer60Last5": 21.5,
        "shotsPerGame": 32.2,
        "shotsPerGameLast5": 31.2,
        "shotsAgainstPerGame": 32.9,
        "shotsAgainstPerGameLast5": 26.2,
        "oppSavesAgainstPer60": 24.7,
        "oppSavesAgainstPer60Last1": 24.0,
        "oppSavesAgainstPer60Last3": 23.4,
        "oppSavesAgainstPer60Last5": 22.6,
        "oppShotsAgainstPerGame": 33.7,
        "oppShotsAgainstPerGameLast5": 31.8,
        "savesProj": 23.9,
        "savesProjLast5": 16.1,
        "savesProjLast3": 18.7,
        "oppSavesAgainstProj": 25.5,
        "oppSavesAgainstProjLast5": 17.2,
        "oppSavesAgainstProjLast3": 19.9,
        "totalOver": 35,
        "totalOverLast5": 40,
        "totalOverLast15": 33,
        "lastTotalOver": 15,
        "last5": "0,1,1,0,0,0,1,0,0,1",
        "overOdds": "+165",
        "underOdds": "0",
        "overUnder": "+165 / 0"
    },
    {
        "player": "Jeff Skinner",
        "team": "BUF",
        "opponent": "MTL",
        "propType": "g",
        "line": 0.5,
        "ppLine": "PP1",
        "avg": 0.45,
        "hit": false,
        "diffAvg": -0.1,
        "diffAbs": 0.2,
        "lastAvg": 0.41,
        "diff": -0.18,
        "avgMin": 17,
        "proj": 0.4,
        "lastAvgMin": 17.1,
        "oppOver": 0,
        "teamOver": 0,
        "gameLine": "-205",
        "+/-": "+8",
        "L5_+/-": -2.0,
        "prevMatchup": "2022-11-22 2.0 g, 2022-10-27 1.0 g",
        "winLossSplits": "0.62 - 0.3",
        "awayHome": "H",
        "playedYesterday": "N",
        "awayHomeSplits": "0.39 - 0.5",
        "savesAboveExp": 0.116,
        "gsaa": -17.08,
        "corsi": "51.1% (57.6) // 51.2% (55.9) // 53.7% (56.6) // 49.5% (53.0)",
        "fenwick": "49.7% (43.5) // 49.8% (41.5) // 54.7% (45.2) // 51.8% (43.3)",
        "shots": "49.4% (31.9) // 48.9% (29.5) // 54.4% (31.2) // 52.3% (30.7)",
        "scoring": "49.9% (30.5) // 47.1% (27.0) // 48.2% (27.0) // 44.1% (25.0)",
        "corsiAgainst": "48.9% (55.0) // 48.8% (53.4) // 46.3% (48.8) // 50.5% (54.0)",
        "fenwickAgainst": "50.3% (43.9) // 50.2% (41.8) // 45.3% (37.4) // 48.2% (40.3)",
        "shotsAgainst": "50.6% (32.6) // 51.1% (30.8) // 45.6% (26.2) // 47.7% (28.0)",
        "scoringAgainst": "50.1% (30.6) // 52.9% (30.2) // 51.8% (29.0) // 55.9% (31.7)",
        "oppCorsi": "44.8% (51.0) // 42.6% (47.9) // 47.9% (50.8) // 53.4% (55.3)",
        "oppFenwick": "44.8% (37.2) // 43.6% (35.6) // 50.6% (40.2) // 56.5% (43.7)",
        "oppShots": "44.8% (27.1) // 41.9% (24.5) // 46.9% (26.0) // 51.9% (27.7)",
        "oppScoring": "42.7% (25.2) // 40.0% (22.3) // 44.9% (23.0) // 50.3% (26.0)",
        "oppCorsiAgainst": "55.2% (63.0) // 57.4% (64.6) // 52.1% (55.2) // 46.6% (48.3)",
        "oppFenwickAgainst": "55.2% (45.8) // 56.4% (46.1) // 49.4% (39.2) // 43.5% (33.7)",
        "oppShotsAgainst": "55.2% (33.4) // 58.1% (33.9) // 53.1% (29.5) // 48.1% (25.7)",
        "oppScoringAgainst": "57.3% (33.8) // 60.0% (33.5) // 55.1% (28.2) // 49.7% (25.7)",
        "savesPerGame": 29.2,
        "savesPerGameLast1": 26.0,
        "savesPerGameLast3": 24.3,
        "savesPerGameLast5": 21.6,
        "savesPer60": 29.3,
        "savesPer60Last1": 25.6,
        "savesPer60Last3": 24.1,
        "savesPer60Last5": 21.5,
        "shotsPerGame": 32.2,
        "shotsPerGameLast5": 31.2,
        "shotsAgainstPerGame": 32.9,
        "shotsAgainstPerGameLast5": 26.2,
        "oppSavesAgainstPer60": 24.7,
        "oppSavesAgainstPer60Last1": 24.0,
        "oppSavesAgainstPer60Last3": 23.4,
        "oppSavesAgainstPer60Last5": 22.6,
        "oppShotsAgainstPerGame": 33.7,
        "oppShotsAgainstPerGameLast5": 31.8,
        "savesProj": 23.9,
        "savesProjLast5": 16.1,
        "savesProjLast3": 18.7,
        "oppSavesAgainstProj": 25.5,
        "oppSavesAgainstProjLast5": 17.2,
        "oppSavesAgainstProjLast3": 19.9,
        "totalOver": 38,
        "totalOverLast5": 40,
        "totalOverLast15": 40,
        "lastTotalOver": 27,
        "last5": "1,0,1,0,0,0,0,1,1,0",
        "overOdds": "+130",
        "underOdds": "0",
        "overUnder": "+130 / 0"
    },
    {
        "player": "Kirby Dach",
        "team": "MTL",
        "opponent": "BUF",
        "propType": "g",
        "line": 0.5,
        "ppLine": "PP1",
        "avg": 0.25,
        "hit": false,
        "diffAvg": -0.5,
        "diffAbs": 0.8,
        "lastAvg": 0.13,
        "diff": -0.74,
        "avgMin": 18,
        "proj": 0.1,
        "lastAvgMin": 18.03,
        "oppOver": 0,
        "teamOver": 0,
        "gameLine": "+175",
        "+/-": -3,
        "L5_+/-": "+2.0",
        "prevMatchup": "2022-11-22 0.0 g, 2022-10-27 0.0 g",
        "winLossSplits": "0.33 - 0.16",
        "awayHome": "A",
        "playedYesterday": "N",
        "awayHomeSplits": "0.15 - 0.32",
        "savesAboveExp": 0.461,
        "gsaa": -14.9,
        "corsi": "44.8% (51.0) // 42.6% (47.9) // 47.9% (50.8) // 53.4% (55.3)",
        "fenwick": "44.8% (37.2) // 43.6% (35.6) // 50.6% (40.2) // 56.5% (43.7)",
        "shots": "44.8% (27.1) // 41.9% (24.5) // 46.9% (26.0) // 51.9% (27.7)",
        "scoring": "42.7% (25.2) // 40.0% (22.3) // 44.9% (23.0) // 50.3% (26.0)",
        "corsiAgainst": "55.2% (63.0) // 57.4% (64.6) // 52.1% (55.2) // 46.6% (48.3)",
        "fenwickAgainst": "55.2% (45.8) // 56.4% (46.1) // 49.4% (39.2) // 43.5% (33.7)",
        "shotsAgainst": "55.2% (33.4) // 58.1% (33.9) // 53.1% (29.5) // 48.1% (25.7)",
        "scoringAgainst": "57.3% (33.8) // 60.0% (33.5) // 55.1% (28.2) // 49.7% (25.7)",
        "oppCorsi": "51.1% (57.6) // 51.2% (55.9) // 53.7% (56.6) // 49.5% (53.0)",
        "oppFenwick": "49.7% (43.5) // 49.8% (41.5) // 54.7% (45.2) // 51.8% (43.3)",
        "oppShots": "49.4% (31.9) // 48.9% (29.5) // 54.4% (31.2) // 52.3% (30.7)",
        "oppScoring": "49.9% (30.5) // 47.1% (27.0) // 48.2% (27.0) // 44.1% (25.0)",
        "oppCorsiAgainst": "48.9% (55.0) // 48.8% (53.4) // 46.3% (48.8) // 50.5% (54.0)",
        "oppFenwickAgainst": "50.3% (43.9) // 50.2% (41.8) // 45.3% (37.4) // 48.2% (40.3)",
        "oppShotsAgainst": "50.6% (32.6) // 51.1% (30.8) // 45.6% (26.2) // 47.7% (28.0)",
        "oppScoringAgainst": "50.1% (30.6) // 52.9% (30.2) // 51.8% (29.0) // 55.9% (31.7)",
        "savesPerGame": 30.1,
        "savesPerGameLast1": 20.0,
        "savesPerGameLast3": 22.7,
        "savesPerGameLast5": 27.4,
        "savesPer60": 30.1,
        "savesPer60Last1": 20.0,
        "savesPer60Last3": 22.4,
        "savesPer60Last5": 27.1,
        "shotsPerGame": 27.4,
        "shotsPerGameLast5": 26.8,
        "shotsAgainstPerGame": 33.7,
        "shotsAgainstPerGameLast5": 31.8,
        "oppSavesAgainstPer60": 28.6,
        "oppSavesAgainstPer60Last1": 33.0,
        "oppSavesAgainstPer60Last3": 27.2,
        "oppSavesAgainstPer60Last5": 28.7,
        "oppShotsAgainstPerGame": 32.9,
        "oppShotsAgainstPerGameLast5": 26.2,
        "savesProj": 29.4,
        "savesProjLast5": 26.6,
        "savesProjLast3": 20.9,
        "oppSavesAgainstProj": 30.3,
        "oppSavesAgainstProjLast5": 26.9,
        "oppSavesAgainstProjLast3": 22.1,
        "totalOver": 21,
        "totalOverLast5": 40,
        "totalOverLast15": 40,
        "lastTotalOver": 13,
        "last5": "0,1,1,0,0,1,1,0,0,2",
        "overOdds": "+175",
        "underOdds": "0",
        "overUnder": "+175 / 0"
    },
    {
        "player": "Mike Matheson",
        "team": "MTL",
        "opponent": "BUF",
        "propType": "g",
        "line": 0.5,
        "ppLine": "PP1",
        "avg": 0.21,
        "hit": false,
        "diffAvg": -0.58,
        "diffAbs": 0.6,
        "lastAvg": 0.14,
        "diff": -0.72,
        "avgMin": 24,
        "proj": 0.2,
        "lastAvgMin": 18.78,
        "oppOver": 0,
        "teamOver": 0,
        "gameLine": "+175",
        "+/-": "+7",
        "L5_+/-": 0.0,
        "prevMatchup": "2022-11-22 0.0 g",
        "winLossSplits": "0.23 - 0.18",
        "awayHome": "A",
        "playedYesterday": "N",
        "awayHomeSplits": "0.16 - 0.25",
        "savesAboveExp": 0.461,
        "gsaa": -14.9,
        "corsi": "44.8% (51.0) // 42.6% (47.9) // 47.9% (50.8) // 53.4% (55.3)",
        "fenwick": "44.8% (37.2) // 43.6% (35.6) // 50.6% (40.2) // 56.5% (43.7)",
        "shots": "44.8% (27.1) // 41.9% (24.5) // 46.9% (26.0) // 51.9% (27.7)",
        "scoring": "42.7% (25.2) // 40.0% (22.3) // 44.9% (23.0) // 50.3% (26.0)",
        "corsiAgainst": "55.2% (63.0) // 57.4% (64.6) // 52.1% (55.2) // 46.6% (48.3)",
        "fenwickAgainst": "55.2% (45.8) // 56.4% (46.1) // 49.4% (39.2) // 43.5% (33.7)",
        "shotsAgainst": "55.2% (33.4) // 58.1% (33.9) // 53.1% (29.5) // 48.1% (25.7)",
        "scoringAgainst": "57.3% (33.8) // 60.0% (33.5) // 55.1% (28.2) // 49.7% (25.7)",
        "oppCorsi": "51.1% (57.6) // 51.2% (55.9) // 53.7% (56.6) // 49.5% (53.0)",
        "oppFenwick": "49.7% (43.5) // 49.8% (41.5) // 54.7% (45.2) // 51.8% (43.3)",
        "oppShots": "49.4% (31.9) // 48.9% (29.5) // 54.4% (31.2) // 52.3% (30.7)",
        "oppScoring": "49.9% (30.5) // 47.1% (27.0) // 48.2% (27.0) // 44.1% (25.0)",
        "oppCorsiAgainst": "48.9% (55.0) // 48.8% (53.4) // 46.3% (48.8) // 50.5% (54.0)",
        "oppFenwickAgainst": "50.3% (43.9) // 50.2% (41.8) // 45.3% (37.4) // 48.2% (40.3)",
        "oppShotsAgainst": "50.6% (32.6) // 51.1% (30.8) // 45.6% (26.2) // 47.7% (28.0)",
        "oppScoringAgainst": "50.1% (30.6) // 52.9% (30.2) // 51.8% (29.0) // 55.9% (31.7)",
        "savesPerGame": 30.1,
        "savesPerGameLast1": 20.0,
        "savesPerGameLast3": 22.7,
        "savesPerGameLast5": 27.4,
        "savesPer60": 30.1,
        "savesPer60Last1": 20.0,
        "savesPer60Last3": 22.4,
        "savesPer60Last5": 27.1,
        "shotsPerGame": 27.4,
        "shotsPerGameLast5": 26.8,
        "shotsAgainstPerGame": 33.7,
        "shotsAgainstPerGameLast5": 31.8,
        "oppSavesAgainstPer60": 28.6,
        "oppSavesAgainstPer60Last1": 33.0,
        "oppSavesAgainstPer60Last3": 27.2,
        "oppSavesAgainstPer60Last5": 28.7,
        "oppShotsAgainstPerGame": 32.9,
        "oppShotsAgainstPerGameLast5": 26.2,
        "savesProj": 29.4,
        "savesProjLast5": 26.6,
        "savesProjLast3": 20.9,
        "oppSavesAgainstProj": 30.3,
        "oppSavesAgainstProjLast5": 26.9,
        "oppSavesAgainstProjLast3": 22.1,
        "totalOver": 21,
        "totalOverLast5": 40,
        "totalOverLast15": 27,
        "lastTotalOver": 14,
        "last5": "0,0,1,0,1,0,1,0,0,0",
        "overOdds": "+550",
        "underOdds": "0",
        "overUnder": "+550 / 0"
    },
    {
        "player": "Nick Suzuki",
        "team": "MTL",
        "opponent": "BUF",
        "propType": "g",
        "line": 0.5,
        "ppLine": "PP1",
        "avg": 0.32,
        "hit": false,
        "diffAvg": -0.36,
        "diffAbs": 0.4,
        "lastAvg": 0.25,
        "diff": -0.5,
        "avgMin": 21,
        "proj": 0.3,
        "lastAvgMin": 20.5,
        "oppOver": 0,
        "teamOver": 0,
        "gameLine": "+175",
        "+/-": -8,
        "L5_+/-": 0.0,
        "prevMatchup": "2022-11-22 0.0 g, 2022-10-27 0.0 g",
        "winLossSplits": "0.38 - 0.29",
        "awayHome": "A",
        "playedYesterday": "N",
        "awayHomeSplits": "0.35 - 0.28",
        "savesAboveExp": 0.461,
        "gsaa": -14.9,
        "corsi": "44.8% (51.0) // 42.6% (47.9) // 47.9% (50.8) // 53.4% (55.3)",
        "fenwick": "44.8% (37.2) // 43.6% (35.6) // 50.6% (40.2) // 56.5% (43.7)",
        "shots": "44.8% (27.1) // 41.9% (24.5) // 46.9% (26.0) // 51.9% (27.7)",
        "scoring": "42.7% (25.2) // 40.0% (22.3) // 44.9% (23.0) // 50.3% (26.0)",
        "corsiAgainst": "55.2% (63.0) // 57.4% (64.6) // 52.1% (55.2) // 46.6% (48.3)",
        "fenwickAgainst": "55.2% (45.8) // 56.4% (46.1) // 49.4% (39.2) // 43.5% (33.7)",
        "shotsAgainst": "55.2% (33.4) // 58.1% (33.9) // 53.1% (29.5) // 48.1% (25.7)",
        "scoringAgainst": "57.3% (33.8) // 60.0% (33.5) // 55.1% (28.2) // 49.7% (25.7)",
        "oppCorsi": "51.1% (57.6) // 51.2% (55.9) // 53.7% (56.6) // 49.5% (53.0)",
        "oppFenwick": "49.7% (43.5) // 49.8% (41.5) // 54.7% (45.2) // 51.8% (43.3)",
        "oppShots": "49.4% (31.9) // 48.9% (29.5) // 54.4% (31.2) // 52.3% (30.7)",
        "oppScoring": "49.9% (30.5) // 47.1% (27.0) // 48.2% (27.0) // 44.1% (25.0)",
        "oppCorsiAgainst": "48.9% (55.0) // 48.8% (53.4) // 46.3% (48.8) // 50.5% (54.0)",
        "oppFenwickAgainst": "50.3% (43.9) // 50.2% (41.8) // 45.3% (37.4) // 48.2% (40.3)",
        "oppShotsAgainst": "50.6% (32.6) // 51.1% (30.8) // 45.6% (26.2) // 47.7% (28.0)",
        "oppScoringAgainst": "50.1% (30.6) // 52.9% (30.2) // 51.8% (29.0) // 55.9% (31.7)",
        "savesPerGame": 30.1,
        "savesPerGameLast1": 20.0,
        "savesPerGameLast3": 22.7,
        "savesPerGameLast5": 27.4,
        "savesPer60": 30.1,
        "savesPer60Last1": 20.0,
        "savesPer60Last3": 22.4,
        "savesPer60Last5": 27.1,
        "shotsPerGame": 27.4,
        "shotsPerGameLast5": 26.8,
        "shotsAgainstPerGame": 33.7,
        "shotsAgainstPerGameLast5": 31.8,
        "oppSavesAgainstPer60": 28.6,
        "oppSavesAgainstPer60Last1": 33.0,
        "oppSavesAgainstPer60Last3": 27.2,
        "oppSavesAgainstPer60Last5": 28.7,
        "oppShotsAgainstPerGame": 32.9,
        "oppShotsAgainstPerGameLast5": 26.2,
        "savesProj": 29.4,
        "savesProjLast5": 26.6,
        "savesProjLast3": 20.9,
        "oppSavesAgainstProj": 30.3,
        "oppSavesAgainstProjLast5": 26.9,
        "oppSavesAgainstProjLast3": 22.1,
        "totalOver": 30,
        "totalOverLast5": 40,
        "totalOverLast15": 20,
        "lastTotalOver": 25,
        "last5": "1,1,0,0,0,0,0,0,0,0",
        "overOdds": "+175",
        "underOdds": "0",
        "overUnder": "+175 / 0"
    },
    {
        "player": "Rasmus Dahlin",
        "team": "BUF",
        "opponent": "MTL",
        "propType": "g",
        "line": 0.5,
        "ppLine": "PP1",
        "avg": 0.21,
        "hit": false,
        "diffAvg": -0.58,
        "diffAbs": 0.6,
        "lastAvg": 0.16,
        "diff": -0.68,
        "avgMin": 25,
        "proj": 0.2,
        "lastAvgMin": 24.0,
        "oppOver": 0,
        "teamOver": 0,
        "gameLine": "-205",
        "+/-": "+9",
        "L5_+/-": -13.0,
        "prevMatchup": "2022-11-22 1.0 g, 2022-10-27 0.0 g",
        "winLossSplits": "0.33 - 0.08",
        "awayHome": "H",
        "playedYesterday": "N",
        "awayHomeSplits": "0.24 - 0.17",
        "savesAboveExp": 0.116,
        "gsaa": -17.08,
        "corsi": "51.1% (57.6) // 51.2% (55.9) // 53.7% (56.6) // 49.5% (53.0)",
        "fenwick": "49.7% (43.5) // 49.8% (41.5) // 54.7% (45.2) // 51.8% (43.3)",
        "shots": "49.4% (31.9) // 48.9% (29.5) // 54.4% (31.2) // 52.3% (30.7)",
        "scoring": "49.9% (30.5) // 47.1% (27.0) // 48.2% (27.0) // 44.1% (25.0)",
        "corsiAgainst": "48.9% (55.0) // 48.8% (53.4) // 46.3% (48.8) // 50.5% (54.0)",
        "fenwickAgainst": "50.3% (43.9) // 50.2% (41.8) // 45.3% (37.4) // 48.2% (40.3)",
        "shotsAgainst": "50.6% (32.6) // 51.1% (30.8) // 45.6% (26.2) // 47.7% (28.0)",
        "scoringAgainst": "50.1% (30.6) // 52.9% (30.2) // 51.8% (29.0) // 55.9% (31.7)",
        "oppCorsi": "44.8% (51.0) // 42.6% (47.9) // 47.9% (50.8) // 53.4% (55.3)",
        "oppFenwick": "44.8% (37.2) // 43.6% (35.6) // 50.6% (40.2) // 56.5% (43.7)",
        "oppShots": "44.8% (27.1) // 41.9% (24.5) // 46.9% (26.0) // 51.9% (27.7)",
        "oppScoring": "42.7% (25.2) // 40.0% (22.3) // 44.9% (23.0) // 50.3% (26.0)",
        "oppCorsiAgainst": "55.2% (63.0) // 57.4% (64.6) // 52.1% (55.2) // 46.6% (48.3)",
        "oppFenwickAgainst": "55.2% (45.8) // 56.4% (46.1) // 49.4% (39.2) // 43.5% (33.7)",
        "oppShotsAgainst": "55.2% (33.4) // 58.1% (33.9) // 53.1% (29.5) // 48.1% (25.7)",
        "oppScoringAgainst": "57.3% (33.8) // 60.0% (33.5) // 55.1% (28.2) // 49.7% (25.7)",
        "savesPerGame": 29.2,
        "savesPerGameLast1": 26.0,
        "savesPerGameLast3": 24.3,
        "savesPerGameLast5": 21.6,
        "savesPer60": 29.3,
        "savesPer60Last1": 25.6,
        "savesPer60Last3": 24.1,
        "savesPer60Last5": 21.5,
        "shotsPerGame": 32.2,
        "shotsPerGameLast5": 31.2,
        "shotsAgainstPerGame": 32.9,
        "shotsAgainstPerGameLast5": 26.2,
        "oppSavesAgainstPer60": 24.7,
        "oppSavesAgainstPer60Last1": 24.0,
        "oppSavesAgainstPer60Last3": 23.4,
        "oppSavesAgainstPer60Last5": 22.6,
        "oppShotsAgainstPerGame": 33.7,
        "oppShotsAgainstPerGameLast5": 31.8,
        "savesProj": 23.9,
        "savesProjLast5": 16.1,
        "savesProjLast3": 18.7,
        "oppSavesAgainstProj": 25.5,
        "oppSavesAgainstProjLast5": 17.2,
        "oppSavesAgainstProjLast3": 19.9,
        "totalOver": 19,
        "totalOverLast5": 0,
        "totalOverLast15": 0,
        "lastTotalOver": 16,
        "last5": "0,0,0,0,0,0,0,0,0,0",
        "overOdds": "+300",
        "underOdds": "0",
        "overUnder": "+300 / 0"
    },
    {
        "player": "Tage Thompson",
        "team": "BUF",
        "opponent": "MTL",
        "propType": "g",
        "line": 0.5,
        "ppLine": "PP1",
        "avg": 0.61,
        "hit": false,
        "diffAvg": 0.22,
        "diffAbs": 0.0,
        "lastAvg": 0.49,
        "diff": -0.02,
        "avgMin": 18,
        "proj": 0.5,
        "lastAvgMin": 17.87,
        "oppOver": 0,
        "teamOver": 0,
        "gameLine": "-205",
        "+/-": "+6",
        "L5_+/-": -4.0,
        "prevMatchup": "2022-11-22 1.0 g, 2022-10-27 0.0 g",
        "winLossSplits": "0.99 - 0.29",
        "awayHome": "H",
        "playedYesterday": "N",
        "awayHomeSplits": "0.63 - 0.59",
        "savesAboveExp": 0.116,
        "gsaa": -17.08,
        "corsi": "51.1% (57.6) // 51.2% (55.9) // 53.7% (56.6) // 49.5% (53.0)",
        "fenwick": "49.7% (43.5) // 49.8% (41.5) // 54.7% (45.2) // 51.8% (43.3)",
        "shots": "49.4% (31.9) // 48.9% (29.5) // 54.4% (31.2) // 52.3% (30.7)",
        "scoring": "49.9% (30.5) // 47.1% (27.0) // 48.2% (27.0) // 44.1% (25.0)",
        "corsiAgainst": "48.9% (55.0) // 48.8% (53.4) // 46.3% (48.8) // 50.5% (54.0)",
        "fenwickAgainst": "50.3% (43.9) // 50.2% (41.8) // 45.3% (37.4) // 48.2% (40.3)",
        "shotsAgainst": "50.6% (32.6) // 51.1% (30.8) // 45.6% (26.2) // 47.7% (28.0)",
        "scoringAgainst": "50.1% (30.6) // 52.9% (30.2) // 51.8% (29.0) // 55.9% (31.7)",
        "oppCorsi": "44.8% (51.0) // 42.6% (47.9) // 47.9% (50.8) // 53.4% (55.3)",
        "oppFenwick": "44.8% (37.2) // 43.6% (35.6) // 50.6% (40.2) // 56.5% (43.7)",
        "oppShots": "44.8% (27.1) // 41.9% (24.5) // 46.9% (26.0) // 51.9% (27.7)",
        "oppScoring": "42.7% (25.2) // 40.0% (22.3) // 44.9% (23.0) // 50.3% (26.0)",
        "oppCorsiAgainst": "55.2% (63.0) // 57.4% (64.6) // 52.1% (55.2) // 46.6% (48.3)",
        "oppFenwickAgainst": "55.2% (45.8) // 56.4% (46.1) // 49.4% (39.2) // 43.5% (33.7)",
        "oppShotsAgainst": "55.2% (33.4) // 58.1% (33.9) // 53.1% (29.5) // 48.1% (25.7)",
        "oppScoringAgainst": "57.3% (33.8) // 60.0% (33.5) // 55.1% (28.2) // 49.7% (25.7)",
        "savesPerGame": 29.2,
        "savesPerGameLast1": 26.0,
        "savesPerGameLast3": 24.3,
        "savesPerGameLast5": 21.6,
        "savesPer60": 29.3,
        "savesPer60Last1": 25.6,
        "savesPer60Last3": 24.1,
        "savesPer60Last5": 21.5,
        "shotsPerGame": 32.2,
        "shotsPerGameLast5": 31.2,
        "shotsAgainstPerGame": 32.9,
        "shotsAgainstPerGameLast5": 26.2,
        "oppSavesAgainstPer60": 24.7,
        "oppSavesAgainstPer60Last1": 24.0,
        "oppSavesAgainstPer60Last3": 23.4,
        "oppSavesAgainstPer60Last5": 22.6,
        "oppShotsAgainstPerGame": 33.7,
        "oppShotsAgainstPerGameLast5": 31.8,
        "savesProj": 23.9,
        "savesProjLast5": 16.1,
        "savesProjLast3": 18.7,
        "oppSavesAgainstProj": 25.5,
        "oppSavesAgainstProjLast5": 17.2,
        "oppSavesAgainstProjLast3": 19.9,
        "totalOver": 43,
        "totalOverLast5": 40,
        "totalOverLast15": 27,
        "lastTotalOver": 38,
        "last5": "0,1,1,0,0,0,0,0,0,0",
        "overOdds": "-125",
        "underOdds": "0",
        "overUnder": "-125 / 0"
    },
    {
        "player": "Victor Olofsson",
        "team": "BUF",
        "opponent": "MTL",
        "propType": "g",
        "line": 0.5,
        "ppLine": "PP1",
        "avg": 0.37,
        "hit": false,
        "diffAvg": -0.26,
        "diffAbs": 0.4,
        "lastAvg": 0.28,
        "diff": -0.44,
        "avgMin": 14,
        "proj": 0.3,
        "lastAvgMin": 15.37,
        "oppOver": 0,
        "teamOver": 0,
        "gameLine": "-205",
        "+/-": -27,
        "L5_+/-": -10.0,
        "prevMatchup": "2022-11-22 0.0 g, 2022-10-27 0.0 g",
        "winLossSplits": "0.5 - 0.22",
        "awayHome": "H",
        "playedYesterday": "N",
        "awayHomeSplits": "0.27 - 0.46",
        "savesAboveExp": 0.116,
        "gsaa": -17.08,
        "corsi": "51.1% (57.6) // 51.2% (55.9) // 53.7% (56.6) // 49.5% (53.0)",
        "fenwick": "49.7% (43.5) // 49.8% (41.5) // 54.7% (45.2) // 51.8% (43.3)",
        "shots": "49.4% (31.9) // 48.9% (29.5) // 54.4% (31.2) // 52.3% (30.7)",
        "scoring": "49.9% (30.5) // 47.1% (27.0) // 48.2% (27.0) // 44.1% (25.0)",
        "corsiAgainst": "48.9% (55.0) // 48.8% (53.4) // 46.3% (48.8) // 50.5% (54.0)",
        "fenwickAgainst": "50.3% (43.9) // 50.2% (41.8) // 45.3% (37.4) // 48.2% (40.3)",
        "shotsAgainst": "50.6% (32.6) // 51.1% (30.8) // 45.6% (26.2) // 47.7% (28.0)",
        "scoringAgainst": "50.1% (30.6) // 52.9% (30.2) // 51.8% (29.0) // 55.9% (31.7)",
        "oppCorsi": "44.8% (51.0) // 42.6% (47.9) // 47.9% (50.8) // 53.4% (55.3)",
        "oppFenwick": "44.8% (37.2) // 43.6% (35.6) // 50.6% (40.2) // 56.5% (43.7)",
        "oppShots": "44.8% (27.1) // 41.9% (24.5) // 46.9% (26.0) // 51.9% (27.7)",
        "oppScoring": "42.7% (25.2) // 40.0% (22.3) // 44.9% (23.0) // 50.3% (26.0)",
        "oppCorsiAgainst": "55.2% (63.0) // 57.4% (64.6) // 52.1% (55.2) // 46.6% (48.3)",
        "oppFenwickAgainst": "55.2% (45.8) // 56.4% (46.1) // 49.4% (39.2) // 43.5% (33.7)",
        "oppShotsAgainst": "55.2% (33.4) // 58.1% (33.9) // 53.1% (29.5) // 48.1% (25.7)",
        "oppScoringAgainst": "57.3% (33.8) // 60.0% (33.5) // 55.1% (28.2) // 49.7% (25.7)",
        "savesPerGame": 29.2,
        "savesPerGameLast1": 26.0,
        "savesPerGameLast3": 24.3,
        "savesPerGameLast5": 21.6,
        "savesPer60": 29.3,
        "savesPer60Last1": 25.6,
        "savesPer60Last3": 24.1,
        "savesPer60Last5": 21.5,
        "shotsPerGame": 32.2,
        "shotsPerGameLast5": 31.2,
        "shotsAgainstPerGame": 32.9,
        "shotsAgainstPerGameLast5": 26.2,
        "oppSavesAgainstPer60": 24.7,
        "oppSavesAgainstPer60Last1": 24.0,
        "oppSavesAgainstPer60Last3": 23.4,
        "oppSavesAgainstPer60Last5": 22.6,
        "oppShotsAgainstPerGame": 33.7,
        "oppShotsAgainstPerGameLast5": 31.8,
        "savesProj": 23.9,
        "savesProjLast5": 16.1,
        "savesProjLast3": 18.7,
        "oppSavesAgainstProj": 25.5,
        "oppSavesAgainstProjLast5": 17.2,
        "oppSavesAgainstProjLast3": 19.9,
        "totalOver": 27,
        "totalOverLast5": 20,
        "totalOverLast15": 13,
        "lastTotalOver": 23,
        "last5": "0,0,0,0,2,0,1,0,0,0",
        "overOdds": "+200",
        "underOdds": "0",
        "overUnder": "+200 / 0"
    },
    {
        "player": "Casey Mittelstadt",
        "team": "BUF",
        "opponent": "MTL",
        "propType": "g",
        "line": 0.5,
        "ppLine": "PP2",
        "avg": 0.14,
        "hit": false,
        "diffAvg": -0.72,
        "diffAbs": 0.8,
        "lastAvg": 0.15,
        "diff": -0.7,
        "avgMin": 15,
        "proj": 0.1,
        "lastAvgMin": 16.12,
        "oppOver": 0,
        "teamOver": 0,
        "gameLine": "-205",
        "+/-": -15,
        "L5_+/-": -6.0,
        "prevMatchup": "2022-11-22 0.0 g, 2022-10-27 0.0 g",
        "winLossSplits": "0.12 - 0.16",
        "awayHome": "H",
        "playedYesterday": "N",
        "awayHomeSplits": "0.14 - 0.14",
        "savesAboveExp": 0.116,
        "gsaa": -17.08,
        "corsi": "51.1% (57.6) // 51.2% (55.9) // 53.7% (56.6) // 49.5% (53.0)",
        "fenwick": "49.7% (43.5) // 49.8% (41.5) // 54.7% (45.2) // 51.8% (43.3)",
        "shots": "49.4% (31.9) // 48.9% (29.5) // 54.4% (31.2) // 52.3% (30.7)",
        "scoring": "49.9% (30.5) // 47.1% (27.0) // 48.2% (27.0) // 44.1% (25.0)",
        "corsiAgainst": "48.9% (55.0) // 48.8% (53.4) // 46.3% (48.8) // 50.5% (54.0)",
        "fenwickAgainst": "50.3% (43.9) // 50.2% (41.8) // 45.3% (37.4) // 48.2% (40.3)",
        "shotsAgainst": "50.6% (32.6) // 51.1% (30.8) // 45.6% (26.2) // 47.7% (28.0)",
        "scoringAgainst": "50.1% (30.6) // 52.9% (30.2) // 51.8% (29.0) // 55.9% (31.7)",
        "oppCorsi": "44.8% (51.0) // 42.6% (47.9) // 47.9% (50.8) // 53.4% (55.3)",
        "oppFenwick": "44.8% (37.2) // 43.6% (35.6) // 50.6% (40.2) // 56.5% (43.7)",
        "oppShots": "44.8% (27.1) // 41.9% (24.5) // 46.9% (26.0) // 51.9% (27.7)",
        "oppScoring": "42.7% (25.2) // 40.0% (22.3) // 44.9% (23.0) // 50.3% (26.0)",
        "oppCorsiAgainst": "55.2% (63.0) // 57.4% (64.6) // 52.1% (55.2) // 46.6% (48.3)",
        "oppFenwickAgainst": "55.2% (45.8) // 56.4% (46.1) // 49.4% (39.2) // 43.5% (33.7)",
        "oppShotsAgainst": "55.2% (33.4) // 58.1% (33.9) // 53.1% (29.5) // 48.1% (25.7)",
        "oppScoringAgainst": "57.3% (33.8) // 60.0% (33.5) // 55.1% (28.2) // 49.7% (25.7)",
        "savesPerGame": 29.2,
        "savesPerGameLast1": 26.0,
        "savesPerGameLast3": 24.3,
        "savesPerGameLast5": 21.6,
        "savesPer60": 29.3,
        "savesPer60Last1": 25.6,
        "savesPer60Last3": 24.1,
        "savesPer60Last5": 21.5,
        "shotsPerGame": 32.2,
        "shotsPerGameLast5": 31.2,
        "shotsAgainstPerGame": 32.9,
        "shotsAgainstPerGameLast5": 26.2,
        "oppSavesAgainstPer60": 24.7,
        "oppSavesAgainstPer60Last1": 24.0,
        "oppSavesAgainstPer60Last3": 23.4,
        "oppSavesAgainstPer60Last5": 22.6,
        "oppShotsAgainstPerGame": 33.7,
        "oppShotsAgainstPerGameLast5": 31.8,
        "savesProj": 23.9,
        "savesProjLast5": 16.1,
        "savesProjLast3": 18.7,
        "oppSavesAgainstProj": 25.5,
        "oppSavesAgainstProjLast5": 17.2,
        "oppSavesAgainstProjLast3": 19.9,
        "totalOver": 12,
        "totalOverLast5": 0,
        "totalOverLast15": 7,
        "lastTotalOver": 15,
        "last5": "0,0,0,0,0,0,0,0,0,0",
        "overOdds": "+280",
        "underOdds": "0",
        "overUnder": "+280 / 0"
    },
    {
        "player": "Jack Quinn",
        "team": "BUF",
        "opponent": "MTL",
        "propType": "g",
        "line": 0.5,
        "ppLine": "PP2",
        "avg": 0.22,
        "hit": false,
        "diffAvg": -0.56,
        "diffAbs": 1.0,
        "lastAvg": 0,
        "diff": 0,
        "avgMin": 13,
        "proj": 0.0,
        "lastAvgMin": 0,
        "oppOver": 0,
        "teamOver": 0,
        "gameLine": "-205",
        "+/-": "+1",
        "L5_+/-": -5.0,
        "prevMatchup": "2022-11-22 0.0 g, 2022-10-27 0.0 g",
        "winLossSplits": "0.27 - 0.12",
        "awayHome": "H",
        "playedYesterday": "N",
        "awayHomeSplits": "0.12 - 0.3",
        "savesAboveExp": 0.116,
        "gsaa": -17.08,
        "corsi": "51.1% (57.6) // 51.2% (55.9) // 53.7% (56.6) // 49.5% (53.0)",
        "fenwick": "49.7% (43.5) // 49.8% (41.5) // 54.7% (45.2) // 51.8% (43.3)",
        "shots": "49.4% (31.9) // 48.9% (29.5) // 54.4% (31.2) // 52.3% (30.7)",
