[
    {
        "player": "Barrett Hayton",
        "team": "ARI",
        "opponent": "COL",
        "propType": "g",
        "line": 0.5,
        "ppLine": "PP1",
        "avg": 0.21,
        "hit": false,
        "diffAvg": -0.58,
        "diffAbs": 0.6,
        "lastAvg": 0.17,
        "diff": -0.66,
        "avgMin": 17,
        "proj": 0.2,
        "lastAvgMin": 16.12,
        "oppOver": 0,
        "teamOver": 0,
        "gameLine": "+255",
        "+/-": "+3",
        "L5_+/-": "+11.0",
        "prevMatchup": "2023-03-24 0.0 g, 2023-03-11 0.0 g, 2022-12-27 0.0 g",
        "winLossSplits": "0.27 - 0.14",
        "awayHome": "H",
        "playedYesterday": "N",
        "awayHomeSplits": "0.05 - 0.38",
        "savesAboveExp": 0.16,
        "gsaa": 24.43,
        "corsi": "42.4% (47.0) // 38.9% (43.3) // 39.7% (41.2) // 38.2% (37.0)",
        "fenwick": "41.9% (35.3) // 40.0% (34.0) // 40.0% (31.6) // 39.4% (28.8)",
        "shots": "41.9% (25.2) // 41.4% (24.7) // 42.8% (22.5) // 43.0% (21.5)",
        "scoring": "41.5% (24.7) // 38.5% (21.7) // 37.5% (19.9) // 32.3% (17.2)",
        "corsiAgainst": "57.6% (64.0) // 61.1% (68.0) // 60.3% (62.5) // 61.8% (59.8)",
        "fenwickAgainst": "58.1% (49.0) // 60.0% (50.9) // 60.0% (47.4) // 60.6% (44.3)",
        "shotsAgainst": "58.1% (35.1) // 58.6% (35.0) // 57.2% (30.0) // 57.0% (28.4)",
        "scoringAgainst": "58.5% (34.8) // 61.5% (34.7) // 62.5% (33.2) // 67.7% (36.0)",
        "oppCorsi": "52.2% (59.8) // 57.4% (63.0) // 50.6% (58.2) // 53.9% (62.7)",
        "oppFenwick": "51.4% (43.9) // 56.6% (45.9) // 49.5% (42.6) // 51.7% (45.0)",
        "oppShots": "51.3% (32.6) // 55.4% (32.0) // 47.5% (29.0) // 50.5% (30.7)",
        "oppScoring": "53.3% (30.0) // 60.2% (33.4) // 56.3% (32.2) // 61.0% (34.3)",
        "oppCorsiAgainst": "47.8% (54.8) // 42.6% (46.7) // 49.4% (56.8) // 46.1% (53.7)",
        "oppFenwickAgainst": "48.6% (41.5) // 43.4% (35.1) // 50.5% (43.4) // 48.3% (42.0)",
        "oppShotsAgainst": "48.7% (30.9) // 44.6% (25.8) // 52.5% (32.0) // 49.5% (30.0)",
        "oppScoringAgainst": "46.7% (26.3) // 39.8% (22.1) // 43.7% (25.0) // 39.0% (22.0)",
        "savesPerGame": 32.1,
        "savesPerGameLast1": 27.0,
        "savesPerGameLast3": 25.7,
        "savesPerGameLast5": 27.6,
        "savesPer60": 32.3,
        "savesPer60Last1": 26.5,
        "savesPer60Last3": 25.7,
        "savesPer60Last5": 27.6,
        "shotsPerGame": 25.6,
        "shotsPerGameLast5": 22.6,
        "shotsAgainstPerGame": 35.6,
        "shotsAgainstPerGameLast5": 30.2,
        "oppSavesAgainstPer60": 30.0,
        "oppSavesAgainstPer60Last1": 27.0,
        "oppSavesAgainstPer60Last3": 27.4,
        "oppSavesAgainstPer60Last5": 25.0,
        "oppShotsAgainstPerGame": 31.3,
        "oppShotsAgainstPerGameLast5": 32.0,
        "savesProj": 33.7,
        "savesProjLast5": 24.1,
        "savesProjLast3": 24.6,
        "oppSavesAgainstProj": 34.2,
        "oppSavesAgainstProjLast5": 25.3,
        "oppSavesAgainstProjLast3": 24.4,
        "totalOver": 19,
        "totalOverLast5": 40,
        "totalOverLast15": 40,
        "lastTotalOver": 15,
        "last5": "0,0,1,1,0,0,2,0,1,0",
        "overOdds": "+285",
        "underOdds": "0",
        "overUnder": "+285 / 0"
    },
    {
        "player": "Cale Makar",
        "team": "COL",
        "opponent": "ARI",
        "propType": "g",
        "line": 0.5,
        "ppLine": "PP1",
        "avg": 0.3,
        "hit": false,
        "diffAvg": -0.4,
        "diffAbs": 0.4,
        "lastAvg": 0.28,
        "diff": -0.44,
        "avgMin": 26,
        "proj": 0.3,
        "lastAvgMin": 25.67,
        "oppOver": 0,
        "teamOver": 0,
        "gameLine": "-305",
        "+/-": "+16",
        "L5_+/-": "+10.0",
        "prevMatchup": "2023-03-24 1.0 g, 2023-03-11 1.0 g, 2022-12-27 1.0 g",
        "winLossSplits": "0.43 - 0.15",
        "awayHome": "A",
        "playedYesterday": "N",
        "awayHomeSplits": "0.22 - 0.38",
        "savesAboveExp": 0.539,
        "gsaa": -1.0,
        "corsi": "52.2% (59.8) // 57.4% (63.0) // 50.6% (58.2) // 53.9% (62.7)",
        "fenwick": "51.4% (43.9) // 56.6% (45.9) // 49.5% (42.6) // 51.7% (45.0)",
        "shots": "51.3% (32.6) // 55.4% (32.0) // 47.5% (29.0) // 50.5% (30.7)",
        "scoring": "53.3% (30.0) // 60.2% (33.4) // 56.3% (32.2) // 61.0% (34.3)",
        "corsiAgainst": "47.8% (54.8) // 42.6% (46.7) // 49.4% (56.8) // 46.1% (53.7)",
        "fenwickAgainst": "48.6% (41.5) // 43.4% (35.1) // 50.5% (43.4) // 48.3% (42.0)",
        "shotsAgainst": "48.7% (30.9) // 44.6% (25.8) // 52.5% (32.0) // 49.5% (30.0)",
        "scoringAgainst": "46.7% (26.3) // 39.8% (22.1) // 43.7% (25.0) // 39.0% (22.0)",
        "oppCorsi": "42.4% (47.0) // 38.9% (43.3) // 39.7% (41.2) // 38.2% (37.0)",
        "oppFenwick": "41.9% (35.3) // 40.0% (34.0) // 40.0% (31.6) // 39.4% (28.8)",
        "oppShots": "41.9% (25.2) // 41.4% (24.7) // 42.8% (22.5) // 43.0% (21.5)",
        "oppScoring": "41.5% (24.7) // 38.5% (21.7) // 37.5% (19.9) // 32.3% (17.2)",
        "oppCorsiAgainst": "57.6% (64.0) // 61.1% (68.0) // 60.3% (62.5) // 61.8% (59.8)",
        "oppFenwickAgainst": "58.1% (49.0) // 60.0% (50.9) // 60.0% (47.4) // 60.6% (44.3)",
        "oppShotsAgainst": "58.1% (35.1) // 58.6% (35.0) // 57.2% (30.0) // 57.0% (28.4)",
        "oppScoringAgainst": "58.5% (34.8) // 61.5% (34.7) // 62.5% (33.2) // 67.7% (36.0)",
        "savesPerGame": 28.6,
        "savesPerGameLast1": 17.0,
        "savesPerGameLast3": 28.0,
        "savesPerGameLast5": 29.8,
        "savesPer60": 28.6,
        "savesPer60Last1": 16.9,
        "savesPer60Last3": 27.2,
        "savesPer60Last5": 29.3,
        "shotsPerGame": 33.0,
        "shotsPerGameLast5": 29.0,
        "shotsAgainstPerGame": 31.3,
        "shotsAgainstPerGameLast5": 32.0,
        "oppSavesAgainstPer60": 23.0,
        "oppSavesAgainstPer60Last1": 18.0,
        "oppSavesAgainstPer60Last3": 20.3,
        "oppSavesAgainstPer60Last5": 20.4,
        "oppShotsAgainstPerGame": 35.6,
        "oppShotsAgainstPerGameLast5": 30.2,
        "savesProj": 20.2,
        "savesProjLast5": 18.3,
        "savesProjLast3": 16.8,
        "oppSavesAgainstProj": 23.4,
        "oppSavesAgainstProjLast5": 22.3,
        "oppSavesAgainstProjLast3": 21.1,
        "totalOver": 27,
        "totalOverLast5": 40,
        "totalOverLast15": 27,
        "lastTotalOver": 32,
        "last5": "1,0,1,0,0,1,0,1,0,0",
        "overOdds": "+240",
        "underOdds": "0",
        "overUnder": "+240 / 0"
    },
    {
        "player": "Clayton Keller",
        "team": "ARI",
        "opponent": "COL",
        "propType": "g",
        "line": 0.5,
        "ppLine": "PP1",
        "avg": 0.48,
        "hit": false,
        "diffAvg": -0.04,
        "diffAbs": 0.2,
        "lastAvg": 0.41,
        "diff": -0.18,
        "avgMin": 20,
        "proj": 0.4,
        "lastAvgMin": 20.13,
        "oppOver": 0,
        "teamOver": 0,
        "gameLine": "+255",
        "+/-": "+3",
        "L5_+/-": "+14.0",
        "prevMatchup": "2023-03-24 1.0 g, 2023-03-11 1.0 g, 2022-12-27 1.0 g",
        "winLossSplits": "0.58 - 0.38",
        "awayHome": "H",
        "playedYesterday": "N",
        "awayHomeSplits": "0.46 - 0.5",
        "savesAboveExp": 0.16,
        "gsaa": 24.43,
        "corsi": "42.4% (47.0) // 38.9% (43.3) // 39.7% (41.2) // 38.2% (37.0)",
        "fenwick": "41.9% (35.3) // 40.0% (34.0) // 40.0% (31.6) // 39.4% (28.8)",
        "shots": "41.9% (25.2) // 41.4% (24.7) // 42.8% (22.5) // 43.0% (21.5)",
        "scoring": "41.5% (24.7) // 38.5% (21.7) // 37.5% (19.9) // 32.3% (17.2)",
        "corsiAgainst": "57.6% (64.0) // 61.1% (68.0) // 60.3% (62.5) // 61.8% (59.8)",
        "fenwickAgainst": "58.1% (49.0) // 60.0% (50.9) // 60.0% (47.4) // 60.6% (44.3)",
        "shotsAgainst": "58.1% (35.1) // 58.6% (35.0) // 57.2% (30.0) // 57.0% (28.4)",
        "scoringAgainst": "58.5% (34.8) // 61.5% (34.7) // 62.5% (33.2) // 67.7% (36.0)",
        "oppCorsi": "52.2% (59.8) // 57.4% (63.0) // 50.6% (58.2) // 53.9% (62.7)",
        "oppFenwick": "51.4% (43.9) // 56.6% (45.9) // 49.5% (42.6) // 51.7% (45.0)",
        "oppShots": "51.3% (32.6) // 55.4% (32.0) // 47.5% (29.0) // 50.5% (30.7)",
        "oppScoring": "53.3% (30.0) // 60.2% (33.4) // 56.3% (32.2) // 61.0% (34.3)",
        "oppCorsiAgainst": "47.8% (54.8) // 42.6% (46.7) // 49.4% (56.8) // 46.1% (53.7)",
        "oppFenwickAgainst": "48.6% (41.5) // 43.4% (35.1) // 50.5% (43.4) // 48.3% (42.0)",
        "oppShotsAgainst": "48.7% (30.9) // 44.6% (25.8) // 52.5% (32.0) // 49.5% (30.0)",
        "oppScoringAgainst": "46.7% (26.3) // 39.8% (22.1) // 43.7% (25.0) // 39.0% (22.0)",
        "savesPerGame": 32.1,
        "savesPerGameLast1": 27.0,
        "savesPerGameLast3": 25.7,
        "savesPerGameLast5": 27.6,
        "savesPer60": 32.3,
        "savesPer60Last1": 26.5,
        "savesPer60Last3": 25.7,
        "savesPer60Last5": 27.6,
        "shotsPerGame": 25.6,
        "shotsPerGameLast5": 22.6,
        "shotsAgainstPerGame": 35.6,
        "shotsAgainstPerGameLast5": 30.2,
        "oppSavesAgainstPer60": 30.0,
        "oppSavesAgainstPer60Last1": 27.0,
        "oppSavesAgainstPer60Last3": 27.4,
        "oppSavesAgainstPer60Last5": 25.0,
        "oppShotsAgainstPerGame": 31.3,
        "oppShotsAgainstPerGameLast5": 32.0,
        "savesProj": 33.7,
        "savesProjLast5": 24.1,
        "savesProjLast3": 24.6,
        "oppSavesAgainstProj": 34.2,
        "oppSavesAgainstProjLast5": 25.3,
        "oppSavesAgainstProjLast3": 24.4,
        "totalOver": 34,
        "totalOverLast5": 60,
        "totalOverLast15": 53,
        "lastTotalOver": 38,
        "last5": "1,2,0,1,0,2,2,1,0,1",
        "overOdds": "+195",
        "underOdds": "0",
        "overUnder": "+195 / 0"
    },
    {
        "player": "Devon Toews",
        "team": "COL",
        "opponent": "ARI",
        "propType": "g",
        "line": 0.5,
        "ppLine": "PP2",
        "avg": 0.09,
        "hit": false,
        "diffAvg": -0.82,
        "diffAbs": 0.8,
        "lastAvg": 0.15,
        "diff": -0.7,
        "avgMin": 25,
        "proj": 0.1,
        "lastAvgMin": 25.37,
        "oppOver": 0,
        "teamOver": 0,
        "gameLine": "-305",
        "+/-": "+31",
        "L5_+/-": "+9.0",
        "prevMatchup": "2023-03-24 0.0 g, 2023-03-11 0.0 g, 2022-12-27 0.0 g",
        "winLossSplits": "0.1 - 0.07",
        "awayHome": "A",
        "playedYesterday": "N",
        "awayHomeSplits": "0.09 - 0.08",
        "savesAboveExp": 0.539,
        "gsaa": -1.0,
        "corsi": "52.2% (59.8) // 57.4% (63.0) // 50.6% (58.2) // 53.9% (62.7)",
        "fenwick": "51.4% (43.9) // 56.6% (45.9) // 49.5% (42.6) // 51.7% (45.0)",
        "shots": "51.3% (32.6) // 55.4% (32.0) // 47.5% (29.0) // 50.5% (30.7)",
        "scoring": "53.3% (30.0) // 60.2% (33.4) // 56.3% (32.2) // 61.0% (34.3)",
        "corsiAgainst": "47.8% (54.8) // 42.6% (46.7) // 49.4% (56.8) // 46.1% (53.7)",
        "fenwickAgainst": "48.6% (41.5) // 43.4% (35.1) // 50.5% (43.4) // 48.3% (42.0)",
        "shotsAgainst": "48.7% (30.9) // 44.6% (25.8) // 52.5% (32.0) // 49.5% (30.0)",
        "scoringAgainst": "46.7% (26.3) // 39.8% (22.1) // 43.7% (25.0) // 39.0% (22.0)",
        "oppCorsi": "42.4% (47.0) // 38.9% (43.3) // 39.7% (41.2) // 38.2% (37.0)",
        "oppFenwick": "41.9% (35.3) // 40.0% (34.0) // 40.0% (31.6) // 39.4% (28.8)",
        "oppShots": "41.9% (25.2) // 41.4% (24.7) // 42.8% (22.5) // 43.0% (21.5)",
        "oppScoring": "41.5% (24.7) // 38.5% (21.7) // 37.5% (19.9) // 32.3% (17.2)",
        "oppCorsiAgainst": "57.6% (64.0) // 61.1% (68.0) // 60.3% (62.5) // 61.8% (59.8)",
        "oppFenwickAgainst": "58.1% (49.0) // 60.0% (50.9) // 60.0% (47.4) // 60.6% (44.3)",
        "oppShotsAgainst": "58.1% (35.1) // 58.6% (35.0) // 57.2% (30.0) // 57.0% (28.4)",
        "oppScoringAgainst": "58.5% (34.8) // 61.5% (34.7) // 62.5% (33.2) // 67.7% (36.0)",
        "savesPerGame": 28.6,
        "savesPerGameLast1": 17.0,
        "savesPerGameLast3": 28.0,
        "savesPerGameLast5": 29.8,
        "savesPer60": 28.6,
        "savesPer60Last1": 16.9,
        "savesPer60Last3": 27.2,
        "savesPer60Last5": 29.3,
        "shotsPerGame": 33.0,
        "shotsPerGameLast5": 29.0,
        "shotsAgainstPerGame": 31.3,
        "shotsAgainstPerGameLast5": 32.0,
        "oppSavesAgainstPer60": 23.0,
        "oppSavesAgainstPer60Last1": 18.0,
        "oppSavesAgainstPer60Last3": 20.3,
        "oppSavesAgainstPer60Last5": 20.4,
        "oppShotsAgainstPerGame": 35.6,
        "oppShotsAgainstPerGameLast5": 30.2,
        "savesProj": 20.2,
        "savesProjLast5": 18.3,
        "savesProjLast3": 16.8,
        "oppSavesAgainstProj": 23.4,
        "oppSavesAgainstProjLast5": 22.3,
        "oppSavesAgainstProjLast3": 21.1,
        "totalOver": 9,
        "totalOverLast5": 40,
        "totalOverLast15": 13,
        "lastTotalOver": 22,
        "last5": "0,1,0,1,0,0,0,0,0,0",
        "overOdds": "+400",
        "underOdds": "0",
        "overUnder": "+400 / 0"
    },
    {
        "player": "Jt Compher",
        "team": "COL",
        "opponent": "ARI",
        "propType": "g",
        "line": 0.5,
        "ppLine": "PP1",
        "avg": 0.23,
        "hit": false,
        "diffAvg": -0.54,
        "diffAbs": 0.6,
        "lastAvg": 0.2,
        "diff": -0.6,
        "avgMin": 20,
        "proj": 0.2,
        "lastAvgMin": 16.32,
        "oppOver": 0,
        "teamOver": 0,
        "gameLine": "-305",
        "+/-": "+8",
        "L5_+/-": "+1.0",
        "prevMatchup": "2023-03-24 1.0 g, 2023-03-11 0.0 g, 2022-12-27 0.0 g",
        "winLossSplits": "0.26 - 0.15",
        "awayHome": "A",
        "playedYesterday": "N",
        "awayHomeSplits": "0.15 - 0.3",
        "savesAboveExp": 0.539,
        "gsaa": -1.0,
        "corsi": "52.2% (59.8) // 57.4% (63.0) // 50.6% (58.2) // 53.9% (62.7)",
        "fenwick": "51.4% (43.9) // 56.6% (45.9) // 49.5% (42.6) // 51.7% (45.0)",
        "shots": "51.3% (32.6) // 55.4% (32.0) // 47.5% (29.0) // 50.5% (30.7)",
        "scoring": "53.3% (30.0) // 60.2% (33.4) // 56.3% (32.2) // 61.0% (34.3)",
        "corsiAgainst": "47.8% (54.8) // 42.6% (46.7) // 49.4% (56.8) // 46.1% (53.7)",
        "fenwickAgainst": "48.6% (41.5) // 43.4% (35.1) // 50.5% (43.4) // 48.3% (42.0)",
        "shotsAgainst": "48.7% (30.9) // 44.6% (25.8) // 52.5% (32.0) // 49.5% (30.0)",
        "scoringAgainst": "46.7% (26.3) // 39.8% (22.1) // 43.7% (25.0) // 39.0% (22.0)",
        "oppCorsi": "42.4% (47.0) // 38.9% (43.3) // 39.7% (41.2) // 38.2% (37.0)",
        "oppFenwick": "41.9% (35.3) // 40.0% (34.0) // 40.0% (31.6) // 39.4% (28.8)",
        "oppShots": "41.9% (25.2) // 41.4% (24.7) // 42.8% (22.5) // 43.0% (21.5)",
        "oppScoring": "41.5% (24.7) // 38.5% (21.7) // 37.5% (19.9) // 32.3% (17.2)",
        "oppCorsiAgainst": "57.6% (64.0) // 61.1% (68.0) // 60.3% (62.5) // 61.8% (59.8)",
        "oppFenwickAgainst": "58.1% (49.0) // 60.0% (50.9) // 60.0% (47.4) // 60.6% (44.3)",
        "oppShotsAgainst": "58.1% (35.1) // 58.6% (35.0) // 57.2% (30.0) // 57.0% (28.4)",
        "oppScoringAgainst": "58.5% (34.8) // 61.5% (34.7) // 62.5% (33.2) // 67.7% (36.0)",
        "savesPerGame": 28.6,
        "savesPerGameLast1": 17.0,
        "savesPerGameLast3": 28.0,
        "savesPerGameLast5": 29.8,
        "savesPer60": 28.6,
        "savesPer60Last1": 16.9,
        "savesPer60Last3": 27.2,
        "savesPer60Last5": 29.3,
        "shotsPerGame": 33.0,
        "shotsPerGameLast5": 29.0,
        "shotsAgainstPerGame": 31.3,
        "shotsAgainstPerGameLast5": 32.0,
        "oppSavesAgainstPer60": 23.0,
        "oppSavesAgainstPer60Last1": 18.0,
        "oppSavesAgainstPer60Last3": 20.3,
        "oppSavesAgainstPer60Last5": 20.4,
        "oppShotsAgainstPerGame": 35.6,
        "oppShotsAgainstPerGameLast5": 30.2,
        "savesProj": 20.2,
        "savesProjLast5": 18.3,
        "savesProjLast3": 16.8,
        "oppSavesAgainstProj": 23.4,
        "oppSavesAgainstProjLast5": 22.3,
        "oppSavesAgainstProjLast3": 21.1,
        "totalOver": 21,
        "totalOverLast5": 40,
        "totalOverLast15": 27,
        "lastTotalOver": 22,
        "last5": "1,1,0,0,0,0,1,0,0,0",
        "overOdds": "+240",
        "underOdds": "0",
        "overUnder": "+240 / 0"
    },
    {
        "player": "Juuso Valimaki",
        "team": "ARI",
        "opponent": "COL",
        "propType": "g",
        "line": 0.5,
        "ppLine": "PP1",
        "avg": 0.04,
        "hit": false,
        "diffAvg": -0.92,
        "diffAbs": 1.0,
        "lastAvg": 0.0,
        "diff": 0,
        "avgMin": 17,
        "proj": 0.0,
        "lastAvgMin": 15.7,
        "oppOver": 0,
        "teamOver": 0,
        "gameLine": "+255",
        "+/-": -4,
        "L5_+/-": "+5.0",
        "prevMatchup": "2023-03-24 0.0 g, 2023-03-11 0.0 g, 2022-12-27 0.0 g",
        "winLossSplits": "0.03 - 0.06",
        "awayHome": "H",
        "playedYesterday": "N",
        "awayHomeSplits": "0.03 - 0.06",
        "savesAboveExp": 0.16,
        "gsaa": 24.43,
        "corsi": "42.4% (47.0) // 38.9% (43.3) // 39.7% (41.2) // 38.2% (37.0)",
        "fenwick": "41.9% (35.3) // 40.0% (34.0) // 40.0% (31.6) // 39.4% (28.8)",
        "shots": "41.9% (25.2) // 41.4% (24.7) // 42.8% (22.5) // 43.0% (21.5)",
        "scoring": "41.5% (24.7) // 38.5% (21.7) // 37.5% (19.9) // 32.3% (17.2)",
        "corsiAgainst": "57.6% (64.0) // 61.1% (68.0) // 60.3% (62.5) // 61.8% (59.8)",
        "fenwickAgainst": "58.1% (49.0) // 60.0% (50.9) // 60.0% (47.4) // 60.6% (44.3)",
        "shotsAgainst": "58.1% (35.1) // 58.6% (35.0) // 57.2% (30.0) // 57.0% (28.4)",
        "scoringAgainst": "58.5% (34.8) // 61.5% (34.7) // 62.5% (33.2) // 67.7% (36.0)",
        "oppCorsi": "52.2% (59.8) // 57.4% (63.0) // 50.6% (58.2) // 53.9% (62.7)",
        "oppFenwick": "51.4% (43.9) // 56.6% (45.9) // 49.5% (42.6) // 51.7% (45.0)",
        "oppShots": "51.3% (32.6) // 55.4% (32.0) // 47.5% (29.0) // 50.5% (30.7)",
        "oppScoring": "53.3% (30.0) // 60.2% (33.4) // 56.3% (32.2) // 61.0% (34.3)",
        "oppCorsiAgainst": "47.8% (54.8) // 42.6% (46.7) // 49.4% (56.8) // 46.1% (53.7)",
        "oppFenwickAgainst": "48.6% (41.5) // 43.4% (35.1) // 50.5% (43.4) // 48.3% (42.0)",
        "oppShotsAgainst": "48.7% (30.9) // 44.6% (25.8) // 52.5% (32.0) // 49.5% (30.0)",
        "oppScoringAgainst": "46.7% (26.3) // 39.8% (22.1) // 43.7% (25.0) // 39.0% (22.0)",
        "savesPerGame": 32.1,
        "savesPerGameLast1": 27.0,
        "savesPerGameLast3": 25.7,
        "savesPerGameLast5": 27.6,
        "savesPer60": 32.3,
        "savesPer60Last1": 26.5,
        "savesPer60Last3": 25.7,
        "savesPer60Last5": 27.6,
        "shotsPerGame": 25.6,
        "shotsPerGameLast5": 22.6,
        "shotsAgainstPerGame": 35.6,
        "shotsAgainstPerGameLast5": 30.2,
        "oppSavesAgainstPer60": 30.0,
        "oppSavesAgainstPer60Last1": 27.0,
        "oppSavesAgainstPer60Last3": 27.4,
        "oppSavesAgainstPer60Last5": 25.0,
        "oppShotsAgainstPerGame": 31.3,
        "oppShotsAgainstPerGameLast5": 32.0,
        "savesProj": 33.7,
        "savesProjLast5": 24.1,
        "savesProjLast3": 24.6,
        "oppSavesAgainstProj": 34.2,
        "oppSavesAgainstProjLast5": 25.3,
        "oppSavesAgainstProjLast3": 24.4,
        "totalOver": 4,
        "totalOverLast5": 20,
        "totalOverLast15": 7,
        "lastTotalOver": 0,
        "last5": "0,0,0,1,0,0,0,0,0,0",
        "overOdds": "+700",
        "underOdds": "0",
        "overUnder": "+700 / 0"
    },
    {
        "player": "Lawson Crouse",
        "team": "ARI",
        "opponent": "COL",
        "propType": "g",
        "line": 0.5,
        "ppLine": "PP2",
        "avg": 0.32,
        "hit": false,
        "diffAvg": -0.36,
        "diffAbs": 0.4,
        "lastAvg": 0.31,
        "diff": -0.38,
        "avgMin": 17,
        "proj": 0.3,
        "lastAvgMin": 17.42,
        "oppOver": 0,
        "teamOver": 0,
        "gameLine": "+255",
        "+/-": "+1",
        "L5_+/-": -2.0,
        "prevMatchup": "2023-03-24 0.0 g, 2023-03-11 0.0 g, 2022-12-27 1.0 g",
        "winLossSplits": "0.5 - 0.2",
        "awayHome": "H",
        "playedYesterday": "N",
        "awayHomeSplits": "0.32 - 0.32",
        "savesAboveExp": 0.16,
        "gsaa": 24.43,
        "corsi": "42.4% (47.0) // 38.9% (43.3) // 39.7% (41.2) // 38.2% (37.0)",
        "fenwick": "41.9% (35.3) // 40.0% (34.0) // 40.0% (31.6) // 39.4% (28.8)",
        "shots": "41.9% (25.2) // 41.4% (24.7) // 42.8% (22.5) // 43.0% (21.5)",
        "scoring": "41.5% (24.7) // 38.5% (21.7) // 37.5% (19.9) // 32.3% (17.2)",
        "corsiAgainst": "57.6% (64.0) // 61.1% (68.0) // 60.3% (62.5) // 61.8% (59.8)",
        "fenwickAgainst": "58.1% (49.0) // 60.0% (50.9) // 60.0% (47.4) // 60.6% (44.3)",
        "shotsAgainst": "58.1% (35.1) // 58.6% (35.0) // 57.2% (30.0) // 57.0% (28.4)",
        "scoringAgainst": "58.5% (34.8) // 61.5% (34.7) // 62.5% (33.2) // 67.7% (36.0)",
        "oppCorsi": "52.2% (59.8) // 57.4% (63.0) // 50.6% (58.2) // 53.9% (62.7)",
        "oppFenwick": "51.4% (43.9) // 56.6% (45.9) // 49.5% (42.6) // 51.7% (45.0)",
        "oppShots": "51.3% (32.6) // 55.4% (32.0) // 47.5% (29.0) // 50.5% (30.7)",
        "oppScoring": "53.3% (30.0) // 60.2% (33.4) // 56.3% (32.2) // 61.0% (34.3)",
        "oppCorsiAgainst": "47.8% (54.8) // 42.6% (46.7) // 49.4% (56.8) // 46.1% (53.7)",
        "oppFenwickAgainst": "48.6% (41.5) // 43.4% (35.1) // 50.5% (43.4) // 48.3% (42.0)",
        "oppShotsAgainst": "48.7% (30.9) // 44.6% (25.8) // 52.5% (32.0) // 49.5% (30.0)",
        "oppScoringAgainst": "46.7% (26.3) // 39.8% (22.1) // 43.7% (25.0) // 39.0% (22.0)",
        "savesPerGame": 32.1,
        "savesPerGameLast1": 27.0,
        "savesPerGameLast3": 25.7,
        "savesPerGameLast5": 27.6,
        "savesPer60": 32.3,
        "savesPer60Last1": 26.5,
        "savesPer60Last3": 25.7,
        "savesPer60Last5": 27.6,
        "shotsPerGame": 25.6,
        "shotsPerGameLast5": 22.6,
        "shotsAgainstPerGame": 35.6,
        "shotsAgainstPerGameLast5": 30.2,
        "oppSavesAgainstPer60": 30.0,
        "oppSavesAgainstPer60Last1": 27.0,
        "oppSavesAgainstPer60Last3": 27.4,
        "oppSavesAgainstPer60Last5": 25.0,
        "oppShotsAgainstPerGame": 31.3,
        "oppShotsAgainstPerGameLast5": 32.0,
        "savesProj": 33.7,
        "savesProjLast5": 24.1,
        "savesProjLast3": 24.6,
        "oppSavesAgainstProj": 34.2,
        "oppSavesAgainstProjLast5": 25.3,
        "oppSavesAgainstProjLast3": 24.4,
        "totalOver": 28,
        "totalOverLast5": 20,
        "totalOverLast15": 20,
        "lastTotalOver": 27,
        "last5": "0,0,0,0,1,0,0,0,0,1",
        "overOdds": "+285",
        "underOdds": "0",
        "overUnder": "+285 / 0"
    },
    {
        "player": "Mikko Rantanen",
        "team": "COL",
        "opponent": "ARI",
        "propType": "g",
        "line": 0.5,
        "ppLine": "PP1",
        "avg": 0.66,
        "hit": false,
        "diffAvg": 0.32,
        "diffAbs": 0.2,
        "lastAvg": 0.38,
        "diff": -0.24,
        "avgMin": 22,
        "proj": 0.4,
        "lastAvgMin": 20.97,
        "oppOver": 0,
        "teamOver": 0,
        "gameLine": "-305",
        "+/-": "+10",
        "L5_+/-": "+5.0",
        "prevMatchup": "2023-03-24 0.0 g, 2023-03-11 0.0 g, 2022-12-27 1.0 g",
        "winLossSplits": "0.79 - 0.52",
        "awayHome": "A",
        "playedYesterday": "N",
        "awayHomeSplits": "0.56 - 0.76",
        "savesAboveExp": 0.539,
        "gsaa": -1.0,
        "corsi": "52.2% (59.8) // 57.4% (63.0) // 50.6% (58.2) // 53.9% (62.7)",
        "fenwick": "51.4% (43.9) // 56.6% (45.9) // 49.5% (42.6) // 51.7% (45.0)",
        "shots": "51.3% (32.6) // 55.4% (32.0) // 47.5% (29.0) // 50.5% (30.7)",
        "scoring": "53.3% (30.0) // 60.2% (33.4) // 56.3% (32.2) // 61.0% (34.3)",
        "corsiAgainst": "47.8% (54.8) // 42.6% (46.7) // 49.4% (56.8) // 46.1% (53.7)",
        "fenwickAgainst": "48.6% (41.5) // 43.4% (35.1) // 50.5% (43.4) // 48.3% (42.0)",
        "shotsAgainst": "48.7% (30.9) // 44.6% (25.8) // 52.5% (32.0) // 49.5% (30.0)",
        "scoringAgainst": "46.7% (26.3) // 39.8% (22.1) // 43.7% (25.0) // 39.0% (22.0)",
        "oppCorsi": "42.4% (47.0) // 38.9% (43.3) // 39.7% (41.2) // 38.2% (37.0)",
        "oppFenwick": "41.9% (35.3) // 40.0% (34.0) // 40.0% (31.6) // 39.4% (28.8)",
        "oppShots": "41.9% (25.2) // 41.4% (24.7) // 42.8% (22.5) // 43.0% (21.5)",
        "oppScoring": "41.5% (24.7) // 38.5% (21.7) // 37.5% (19.9) // 32.3% (17.2)",
        "oppCorsiAgainst": "57.6% (64.0) // 61.1% (68.0) // 60.3% (62.5) // 61.8% (59.8)",
        "oppFenwickAgainst": "58.1% (49.0) // 60.0% (50.9) // 60.0% (47.4) // 60.6% (44.3)",
        "oppShotsAgainst": "58.1% (35.1) // 58.6% (35.0) // 57.2% (30.0) // 57.0% (28.4)",
        "oppScoringAgainst": "58.5% (34.8) // 61.5% (34.7) // 62.5% (33.2) // 67.7% (36.0)",
        "savesPerGame": 28.6,
        "savesPerGameLast1": 17.0,
        "savesPerGameLast3": 28.0,
        "savesPerGameLast5": 29.8,
        "savesPer60": 28.6,
        "savesPer60Last1": 16.9,
        "savesPer60Last3": 27.2,
        "savesPer60Last5": 29.3,
        "shotsPerGame": 33.0,
        "shotsPerGameLast5": 29.0,
        "shotsAgainstPerGame": 31.3,
        "shotsAgainstPerGameLast5": 32.0,
        "oppSavesAgainstPer60": 23.0,
        "oppSavesAgainstPer60Last1": 18.0,
        "oppSavesAgainstPer60Last3": 20.3,
        "oppSavesAgainstPer60Last5": 20.4,
        "oppShotsAgainstPerGame": 35.6,
        "oppShotsAgainstPerGameLast5": 30.2,
        "savesProj": 20.2,
        "savesProjLast5": 18.3,
        "savesProjLast3": 16.8,
        "oppSavesAgainstProj": 23.4,
        "oppSavesAgainstProjLast5": 22.3,
        "oppSavesAgainstProjLast3": 21.1,
        "totalOver": 51,
        "totalOverLast5": 60,
        "totalOverLast15": 53,
        "lastTotalOver": 35,
        "last5": "0,0,1,1,1,1,1,0,0,1",
        "overOdds": "-125",
        "underOdds": "0",
        "overUnder": "-125 / 0"
    },
    {
        "player": "Nathan Mackinnon",
        "team": "COL",
        "opponent": "ARI",
        "propType": "g",
        "line": 0.5,
        "ppLine": "PP1",
        "avg": 0.52,
        "hit": false,
        "diffAvg": 0.04,
        "diffAbs": 0.2,
        "lastAvg": 0.38,
        "diff": -0.24,
        "avgMin": 22,
        "proj": 0.4,
        "lastAvgMin": 21.05,
        "oppOver": 0,
        "teamOver": 0,
        "gameLine": "-305",
        "+/-": "+21",
        "L5_+/-": "+5.0",
        "prevMatchup": "2023-03-24 1.0 g, 2023-03-11 1.0 g",
        "winLossSplits": "0.62 - 0.35",
        "awayHome": "A",
        "playedYesterday": "N",
        "awayHomeSplits": "0.45 - 0.59",
        "savesAboveExp": 0.539,
        "gsaa": -1.0,
        "corsi": "52.2% (59.8) // 57.4% (63.0) // 50.6% (58.2) // 53.9% (62.7)",
        "fenwick": "51.4% (43.9) // 56.6% (45.9) // 49.5% (42.6) // 51.7% (45.0)",
        "shots": "51.3% (32.6) // 55.4% (32.0) // 47.5% (29.0) // 50.5% (30.7)",
        "scoring": "53.3% (30.0) // 60.2% (33.4) // 56.3% (32.2) // 61.0% (34.3)",
        "corsiAgainst": "47.8% (54.8) // 42.6% (46.7) // 49.4% (56.8) // 46.1% (53.7)",
        "fenwickAgainst": "48.6% (41.5) // 43.4% (35.1) // 50.5% (43.4) // 48.3% (42.0)",
        "shotsAgainst": "48.7% (30.9) // 44.6% (25.8) // 52.5% (32.0) // 49.5% (30.0)",
        "scoringAgainst": "46.7% (26.3) // 39.8% (22.1) // 43.7% (25.0) // 39.0% (22.0)",
        "oppCorsi": "42.4% (47.0) // 38.9% (43.3) // 39.7% (41.2) // 38.2% (37.0)",
        "oppFenwick": "41.9% (35.3) // 40.0% (34.0) // 40.0% (31.6) // 39.4% (28.8)",
        "oppShots": "41.9% (25.2) // 41.4% (24.7) // 42.8% (22.5) // 43.0% (21.5)",
        "oppScoring": "41.5% (24.7) // 38.5% (21.7) // 37.5% (19.9) // 32.3% (17.2)",
        "oppCorsiAgainst": "57.6% (64.0) // 61.1% (68.0) // 60.3% (62.5) // 61.8% (59.8)",
        "oppFenwickAgainst": "58.1% (49.0) // 60.0% (50.9) // 60.0% (47.4) // 60.6% (44.3)",
        "oppShotsAgainst": "58.1% (35.1) // 58.6% (35.0) // 57.2% (30.0) // 57.0% (28.4)",
        "oppScoringAgainst": "58.5% (34.8) // 61.5% (34.7) // 62.5% (33.2) // 67.7% (36.0)",
        "savesPerGame": 28.6,
        "savesPerGameLast1": 17.0,
        "savesPerGameLast3": 28.0,
        "savesPerGameLast5": 29.8,
        "savesPer60": 28.6,
        "savesPer60Last1": 16.9,
        "savesPer60Last3": 27.2,
        "savesPer60Last5": 29.3,
        "shotsPerGame": 33.0,
        "shotsPerGameLast5": 29.0,
        "shotsAgainstPerGame": 31.3,
        "shotsAgainstPerGameLast5": 32.0,
        "oppSavesAgainstPer60": 23.0,
        "oppSavesAgainstPer60Last1": 18.0,
        "oppSavesAgainstPer60Last3": 20.3,
        "oppSavesAgainstPer60Last5": 20.4,
        "oppShotsAgainstPerGame": 35.6,
        "oppShotsAgainstPerGameLast5": 30.2,
        "savesProj": 20.2,
        "savesProjLast5": 18.3,
        "savesProjLast3": 16.8,
        "oppSavesAgainstProj": 23.4,
        "oppSavesAgainstProjLast5": 22.3,
        "oppSavesAgainstProjLast3": 21.1,
        "totalOver": 45,
        "totalOverLast5": 40,
        "totalOverLast15": 60,
        "lastTotalOver": 41,
        "last5": "1,0,0,1,0,0,1,1,1,1",
        "overOdds": "-130",
        "underOdds": "0",
        "overUnder": "-130 / 0"
    },
    {
        "player": "Nick Schmaltz",
        "team": "ARI",
        "opponent": "COL",
        "propType": "g",
        "line": 0.5,
        "ppLine": "PP1",
        "avg": 0.39,
        "hit": false,
        "diffAvg": -0.22,
        "diffAbs": 0.2,
        "lastAvg": 0.37,
        "diff": -0.26,
        "avgMin": 19,
        "proj": 0.4,
        "lastAvgMin": 18.23,
        "oppOver": 0,
        "teamOver": 0,
        "gameLine": "+255",
        "+/-": "+9",
        "L5_+/-": "+8.0",
        "prevMatchup": "2023-03-24 0.0 g, 2023-03-11 0.0 g, 2022-12-27 1.0 g",
        "winLossSplits": "0.7 - 0.23",
        "awayHome": "H",
        "playedYesterday": "N",
        "awayHomeSplits": "0.22 - 0.56",
        "savesAboveExp": 0.16,
        "gsaa": 24.43,
        "corsi": "42.4% (47.0) // 38.9% (43.3) // 39.7% (41.2) // 38.2% (37.0)",
        "fenwick": "41.9% (35.3) // 40.0% (34.0) // 40.0% (31.6) // 39.4% (28.8)",
        "shots": "41.9% (25.2) // 41.4% (24.7) // 42.8% (22.5) // 43.0% (21.5)",
        "scoring": "41.5% (24.7) // 38.5% (21.7) // 37.5% (19.9) // 32.3% (17.2)",
        "corsiAgainst": "57.6% (64.0) // 61.1% (68.0) // 60.3% (62.5) // 61.8% (59.8)",
        "fenwickAgainst": "58.1% (49.0) // 60.0% (50.9) // 60.0% (47.4) // 60.6% (44.3)",
        "shotsAgainst": "58.1% (35.1) // 58.6% (35.0) // 57.2% (30.0) // 57.0% (28.4)",
        "scoringAgainst": "58.5% (34.8) // 61.5% (34.7) // 62.5% (33.2) // 67.7% (36.0)",
        "oppCorsi": "52.2% (59.8) // 57.4% (63.0) // 50.6% (58.2) // 53.9% (62.7)",
        "oppFenwick": "51.4% (43.9) // 56.6% (45.9) // 49.5% (42.6) // 51.7% (45.0)",
        "oppShots": "51.3% (32.6) // 55.4% (32.0) // 47.5% (29.0) // 50.5% (30.7)",
        "oppScoring": "53.3% (30.0) // 60.2% (33.4) // 56.3% (32.2) // 61.0% (34.3)",
        "oppCorsiAgainst": "47.8% (54.8) // 42.6% (46.7) // 49.4% (56.8) // 46.1% (53.7)",
        "oppFenwickAgainst": "48.6% (41.5) // 43.4% (35.1) // 50.5% (43.4) // 48.3% (42.0)",
        "oppShotsAgainst": "48.7% (30.9) // 44.6% (25.8) // 52.5% (32.0) // 49.5% (30.0)",
        "oppScoringAgainst": "46.7% (26.3) // 39.8% (22.1) // 43.7% (25.0) // 39.0% (22.0)",
        "savesPerGame": 32.1,
        "savesPerGameLast1": 27.0,
        "savesPerGameLast3": 25.7,
        "savesPerGameLast5": 27.6,
        "savesPer60": 32.3,
        "savesPer60Last1": 26.5,
        "savesPer60Last3": 25.7,
        "savesPer60Last5": 27.6,
        "shotsPerGame": 25.6,
        "shotsPerGameLast5": 22.6,
        "shotsAgainstPerGame": 35.6,
        "shotsAgainstPerGameLast5": 30.2,
        "oppSavesAgainstPer60": 30.0,
        "oppSavesAgainstPer60Last1": 27.0,
        "oppSavesAgainstPer60Last3": 27.4,
        "oppSavesAgainstPer60Last5": 25.0,
        "oppShotsAgainstPerGame": 31.3,
        "oppShotsAgainstPerGameLast5": 32.0,
        "savesProj": 33.7,
        "savesProjLast5": 24.1,
        "savesProjLast3": 24.6,
        "oppSavesAgainstProj": 34.2,
        "oppSavesAgainstProjLast5": 25.3,
        "oppSavesAgainstProjLast3": 24.4,
        "totalOver": 35,
        "totalOverLast5": 0,
        "totalOverLast15": 47,
        "lastTotalOver": 27,
        "last5": "0,0,0,0,0,1,1,1,0,0",
        "overOdds": "+215",
        "underOdds": "0",
        "overUnder": "+215 / 0"
    },
    {
        "player": "Valeri Nichushkin",
        "team": "COL",
        "opponent": "ARI",
        "propType": "g",
        "line": 0.5,
        "ppLine": "PP1",
        "avg": 0.33,
        "hit": false,
        "diffAvg": -0.34,
        "diffAbs": 0.4,
        "lastAvg": 0.3,
        "diff": -0.4,
        "avgMin": 19,
        "proj": 0.3,
        "lastAvgMin": 19.02,
        "oppOver": 0,
        "teamOver": 0,
        "gameLine": "-305",
        "+/-": "+13",
        "L5_+/-": "+4.0",
        "prevMatchup": "2023-03-24 0.0 g, 2023-03-11 0.0 g",
        "winLossSplits": "0.36 - 0.22",
        "awayHome": "A",
        "playedYesterday": "N",
        "awayHomeSplits": "0.42 - 0.26",
        "savesAboveExp": 0.539,
        "gsaa": -1.0,
        "corsi": "52.2% (59.8) // 57.4% (63.0) // 50.6% (58.2) // 53.9% (62.7)",
        "fenwick": "51.4% (43.9) // 56.6% (45.9) // 49.5% (42.6) // 51.7% (45.0)",
        "shots": "51.3% (32.6) // 55.4% (32.0) // 47.5% (29.0) // 50.5% (30.7)",
        "scoring": "53.3% (30.0) // 60.2% (33.4) // 56.3% (32.2) // 61.0% (34.3)",
        "corsiAgainst": "47.8% (54.8) // 42.6% (46.7) // 49.4% (56.8) // 46.1% (53.7)",
        "fenwickAgainst": "48.6% (41.5) // 43.4% (35.1) // 50.5% (43.4) // 48.3% (42.0)",
        "shotsAgainst": "48.7% (30.9) // 44.6% (25.8) // 52.5% (32.0) // 49.5% (30.0)",
        "scoringAgainst": "46.7% (26.3) // 39.8% (22.1) // 43.7% (25.0) // 39.0% (22.0)",
        "oppCorsi": "42.4% (47.0) // 38.9% (43.3) // 39.7% (41.2) // 38.2% (37.0)",
        "oppFenwick": "41.9% (35.3) // 40.0% (34.0) // 40.0% (31.6) // 39.4% (28.8)",
        "oppShots": "41.9% (25.2) // 41.4% (24.7) // 42.8% (22.5) // 43.0% (21.5)",
        "oppScoring": "41.5% (24.7) // 38.5% (21.7) // 37.5% (19.9) // 32.3% (17.2)",
        "oppCorsiAgainst": "57.6% (64.0) // 61.1% (68.0) // 60.3% (62.5) // 61.8% (59.8)",
        "oppFenwickAgainst": "58.1% (49.0) // 60.0% (50.9) // 60.0% (47.4) // 60.6% (44.3)",
        "oppShotsAgainst": "58.1% (35.1) // 58.6% (35.0) // 57.2% (30.0) // 57.0% (28.4)",
        "oppScoringAgainst": "58.5% (34.8) // 61.5% (34.7) // 62.5% (33.2) // 67.7% (36.0)",
        "savesPerGame": 28.6,
        "savesPerGameLast1": 17.0,
        "savesPerGameLast3": 28.0,
        "savesPerGameLast5": 29.8,
        "savesPer60": 28.6,
        "savesPer60Last1": 16.9,
        "savesPer60Last3": 27.2,
        "savesPer60Last5": 29.3,
        "shotsPerGame": 33.0,
        "shotsPerGameLast5": 29.0,
        "shotsAgainstPerGame": 31.3,
        "shotsAgainstPerGameLast5": 32.0,
        "oppSavesAgainstPer60": 23.0,
        "oppSavesAgainstPer60Last1": 18.0,
        "oppSavesAgainstPer60Last3": 20.3,
        "oppSavesAgainstPer60Last5": 20.4,
        "oppShotsAgainstPerGame": 35.6,
        "oppShotsAgainstPerGameLast5": 30.2,
        "savesProj": 20.2,
        "savesProjLast5": 18.3,
        "savesProjLast3": 16.8,
        "oppSavesAgainstProj": 23.4,
        "oppSavesAgainstProjLast5": 22.3,
        "oppSavesAgainstProjLast3": 21.1,
        "totalOver": 31,
        "totalOverLast5": 20,
        "totalOverLast15": 27,
        "lastTotalOver": 33,
        "last5": "0,0,0,0,1,0,1,0,0,1",
        "overOdds": "+150",
        "underOdds": "0",
        "overUnder": "+150 / 0"
    },
    {
        "player": "Matias Maccelli",
        "team": "ARI",
        "opponent": "COL",
        "propType": "g",
        "line": 0.5,
        "ppLine": "PP2",
        "avg": 0.13,
        "hit": false,
        "diffAvg": -0.74,
        "diffAbs": 1.0,
        "lastAvg": 0.04,
        "diff": -0.92,
        "avgMin": 15,
        "proj": 0.0,
        "lastAvgMin": 14.18,
        "oppOver": 0,
        "teamOver": 0,
        "gameLine": "+255",
        "+/-": "+3",
        "L5_+/-": "+1.0",
        "prevMatchup": "2023-03-24 0.0 g, 2023-03-11 0.0 g",
        "winLossSplits": "0.12 - 0.11",
        "awayHome": "H",
        "playedYesterday": "N",
        "awayHomeSplits": "0.07 - 0.2",
        "savesAboveExp": 0.16,
        "gsaa": 24.43,
        "corsi": "42.4% (47.0) // 38.9% (43.3) // 39.7% (41.2) // 38.2% (37.0)",
        "fenwick": "41.9% (35.3) // 40.0% (34.0) // 40.0% (31.6) // 39.4% (28.8)",
        "shots": "41.9% (25.2) // 41.4% (24.7) // 42.8% (22.5) // 43.0% (21.5)",
        "scoring": "41.5% (24.7) // 38.5% (21.7) // 37.5% (19.9) // 32.3% (17.2)",
        "corsiAgainst": "57.6% (64.0) // 61.1% (68.0) // 60.3% (62.5) // 61.8% (59.8)",
        "fenwickAgainst": "58.1% (49.0) // 60.0% (50.9) // 60.0% (47.4) // 60.6% (44.3)",
        "shotsAgainst": "58.1% (35.1) // 58.6% (35.0) // 57.2% (30.0) // 57.0% (28.4)",
        "scoringAgainst": "58.5% (34.8) // 61.5% (34.7) // 62.5% (33.2) // 67.7% (36.0)",
        "oppCorsi": "52.2% (59.8) // 57.4% (63.0) // 50.6% (58.2) // 53.9% (62.7)",
        "oppFenwick": "51.4% (43.9) // 56.6% (45.9) // 49.5% (42.6) // 51.7% (45.0)",
        "oppShots": "51.3% (32.6) // 55.4% (32.0) // 47.5% (29.0) // 50.5% (30.7)",
        "oppScoring": "53.3% (30.0) // 60.2% (33.4) // 56.3% (32.2) // 61.0% (34.3)",
        "oppCorsiAgainst": "47.8% (54.8) // 42.6% (46.7) // 49.4% (56.8) // 46.1% (53.7)",
        "oppFenwickAgainst": "48.6% (41.5) // 43.4% (35.1) // 50.5% (43.4) // 48.3% (42.0)",
        "oppShotsAgainst": "48.7% (30.9) // 44.6% (25.8) // 52.5% (32.0) // 49.5% (30.0)",
        "oppScoringAgainst": "46.7% (26.3) // 39.8% (22.1) // 43.7% (25.0) // 39.0% (22.0)",
        "savesPerGame": 32.1,
        "savesPerGameLast1": 27.0,
        "savesPerGameLast3": 25.7,
        "savesPerGameLast5": 27.6,
        "savesPer60": 32.3,
        "savesPer60Last1": 26.5,
        "savesPer60Last3": 25.7,
        "savesPer60Last5": 27.6,
        "shotsPerGame": 25.6,
        "shotsPerGameLast5": 22.6,
        "shotsAgainstPerGame": 35.6,
        "shotsAgainstPerGameLast5": 30.2,
        "oppSavesAgainstPer60": 30.0,
        "oppSavesAgainstPer60Last1": 27.0,
        "oppSavesAgainstPer60Last3": 27.4,
        "oppSavesAgainstPer60Last5": 25.0,
        "oppShotsAgainstPerGame": 31.3,
        "oppShotsAgainstPerGameLast5": 32.0,
        "savesProj": 33.7,
        "savesProjLast5": 24.1,
        "savesProjLast3": 24.6,
        "oppSavesAgainstProj": 34.2,
        "oppSavesAgainstProjLast5": 25.3,
        "oppSavesAgainstProjLast3": 24.4,
        "totalOver": 13,
        "totalOverLast5": 20,
        "totalOverLast15": 20,
        "lastTotalOver": 4,
        "last5": "0,0,0,1,0,1,0,0,0,0",
        "overOdds": "+475",
        "underOdds": "0",
        "overUnder": "+475 / 0"
    },
    {
        "player": "Travis Boyd",
        "team": "ARI",
        "opponent": "COL",
        "propType": "g",
        "line": 0.5,
        "ppLine": "PP1",
        "avg": 0.19,
        "hit": false,
        "diffAvg": -0.62,
        "diffAbs": 0.6,
        "lastAvg": 0.23,
        "diff": -0.54,
        "avgMin": 16,
        "proj": 0.2,
        "lastAvgMin": 16.5,
        "oppOver": 0,
        "teamOver": 0,
        "gameLine": "+255",
        "+/-": -29,
        "L5_+/-": -2.0,
        "prevMatchup": "2023-03-24 0.0 g, 2023-03-11 0.0 g, 2022-12-27 0.0 g",
        "winLossSplits": "0.42 - 0.06",
        "awayHome": "H",
        "playedYesterday": "N",
        "awayHomeSplits": "0.1 - 0.29",
        "savesAboveExp": 0.16,
        "gsaa": 24.43,
