[
    {
        "player": "Linus Ullmark",
        "team": "BOS",
        "opponent": "OTT",
        "propType": "sv",
        "line": 26.5,
        "ppLine": "",
        "avg": 27.88,
        "hit": false,
        "diffAvg": 0.05,
        "diffAbs": 0.06,
        "lastAvg": 24.3,
        "diff": -0.08,
        "avgMin": 58,
        "proj": 24.8,
        "lastAvgMin": 56.83,
        "oppOver": 69,
        "teamOver": 55,
        "gameLine": "-295",
        "+/-": 0,
        "L5_+/-": 0,
        "prevMatchup": "2022-10-18 bos @ ott 24.0 sv, 2022-12-27 bos @ ott 30.0 sv, 2023-02-20 ott @ bos 30.0 sv",
        "winLossSplits": "28.65 - 26.59",
        "awayHome": "H",
        "playedYesterday": "N",
        "awayHomeSplits": "28.76 - 27.0",
        "savesAboveExp": 0.892,
        "gsaa": 38.7,
        "corsi": "51.4% (57.9) // 50.9% (56.4) // 53.3% (60.5) // 46.1% (51.0)",
        "fenwick": "51.9% (43.8) // 50.2% (42.5) // 52.3% (45.5) // 47.7% (41.3)",
        "shots": "52.7% (32.5) // 50.2% (31.1) // 52.8% (33.3) // 48.3% (29.0)",
        "scoring": "52.9% (32.1) // 52.2% (32.9) // 54.9% (35.3) // 47.0% (28.3)",
        "corsiAgainst": "48.6% (54.7) // 49.1% (54.5) // 46.7% (53.0) // 53.9% (59.7)",
        "fenwickAgainst": "48.1% (40.6) // 49.8% (42.1) // 47.7% (41.5) // 52.3% (45.3)",
        "shotsAgainst": "47.3% (29.2) // 49.8% (30.8) // 47.2% (29.8) // 51.7% (31.0)",
        "scoringAgainst": "47.1% (28.6) // 47.8% (30.2) // 45.1% (29.0) // 53.0% (32.0)",
        "oppCorsi": "51.1% (61.2) // 50.5% (60.7) // 46.5% (57.9) // 51.3% (68.4)",
        "oppFenwick": "51.3% (45.7) // 51.3% (46.1) // 47.7% (43.6) // 52.5% (50.6)",
        "oppShots": "51.0% (32.8) // 51.1% (32.8) // 47.8% (31.6) // 50.2% (35.4)",
        "oppScoring": "50.6% (32.3) // 44.7% (29.1) // 41.9% (28.8) // 46.2% (31.8)",
        "oppCorsiAgainst": "48.9% (58.6) // 49.5% (59.5) // 53.5% (66.6) // 48.7% (64.9)",
        "oppFenwickAgainst": "48.7% (43.4) // 48.7% (43.8) // 52.3% (47.8) // 47.5% (45.7)",
        "oppShotsAgainst": "49.0% (31.6) // 48.9% (31.4) // 52.2% (34.5) // 49.8% (35.0)",
        "oppScoringAgainst": "49.4% (31.4) // 55.3% (35.9) // 58.1% (39.9) // 53.8% (37.0)",
        "savesPerGame": 27.4,
        "savesPerGameLast1": 26.0,
        "savesPerGameLast3": 30.3,
        "savesPerGameLast5": 27.0,
        "savesPer60": 27.6,
        "savesPer60Last1": 25.8,
        "savesPer60Last3": 30.2,
        "savesPer60Last5": 26.7,
        "shotsPerGame": 32.9,
        "shotsPerGameLast5": 32.4,
        "shotsAgainstPerGame": 29.6,
        "shotsAgainstPerGameLast5": 29.6,
        "oppSavesAgainstPer60": 30.1,
        "oppSavesAgainstPer60Last1": 19.0,
        "oppSavesAgainstPer60Last3": 32.8,
        "oppSavesAgainstPer60Last5": 31.5,
        "oppShotsAgainstPerGame": 31.9,
        "oppShotsAgainstPerGameLast5": 36.0,
        "savesProj": 29.0,
        "savesProjLast5": 29.5,
        "savesProjLast3": 34.9,
        "oppSavesAgainstProj": 28.9,
        "oppSavesAgainstProjLast5": 31.5,
        "oppSavesAgainstProjLast3": 35.4,
        "totalOver": 60,
        "totalOverLast5": 60,
        "lastTotalOver": 35,
        "last5": "29,23,29,24,54,26,30,26,29,33",
        "overOdds": "-110",
        "underOdds": "-120",
        "overUnder": "-110 / -120"
    },
    {
        "player": "Sam Montembeault",
        "team": "MTL",
        "opponent": "TB",
        "propType": "sv",
        "line": 30.5,
        "ppLine": "",
        "avg": 30.56,
        "hit": false,
        "diffAvg": 0.0,
        "diffAbs": 0.02,
        "lastAvg": 26.37,
        "diff": -0.14,
        "avgMin": 58,
        "proj": 29.9,
        "lastAvgMin": 51.12,
        "oppOver": 39,
        "teamOver": 50,
        "gameLine": "+215",
        "+/-": 0,
        "L5_+/-": 0,
        "prevMatchup": "2022-12-17 tb @ mtl 22.0 sv, 2022-12-28 mtl @ tb 34.0 sv, 2023-03-18 mtl @ tb 36.0 sv",
        "winLossSplits": "33.25 - 30.6",
        "awayHome": "H",
        "playedYesterday": "N",
        "awayHomeSplits": "32.05 - 28.08",
        "savesAboveExp": 0.061,
        "gsaa": -0.55,
        "corsi": "44.4% (50.9) // 39.9% (46.4) // 37.2% (43.8) // 35.2% (40.5)",
        "fenwick": "44.4% (36.9) // 40.1% (33.3) // 38.1% (32.4) // 38.5% (35.0)",
        "shots": "44.6% (27.1) // 40.2% (23.9) // 37.2% (23.2) // 38.1% (25.5)",
        "scoring": "42.5% (25.2) // 38.9% (22.0) // 33.0% (19.4) // 32.4% (17.0)",
        "corsiAgainst": "55.6% (63.6) // 60.1% (69.9) // 62.8% (74.0) // 64.8% (74.5)",
        "fenwickAgainst": "55.6% (46.3) // 59.9% (49.8) // 61.9% (52.6) // 61.5% (56.0)",
        "shotsAgainst": "55.4% (33.7) // 59.8% (35.6) // 62.8% (39.2) // 61.9% (41.5)",
        "scoringAgainst": "57.5% (34.2) // 61.1% (34.6) // 67.0% (39.4) // 67.6% (35.5)",
        "oppCorsi": "51.5% (59.6) // 53.5% (61.0) // 53.9% (61.5) // 51.8% (61.3)",
        "oppFenwick": "51.7% (45.1) // 52.8% (45.0) // 53.4% (45.4) // 50.2% (43.5)",
        "oppShots": "50.7% (31.8) // 52.1% (31.3) // 54.0% (31.4) // 48.4% (28.9)",
        "oppScoring": "53.3% (34.2) // 52.6% (30.7) // 53.0% (30.4) // 47.3% (28.2)",
        "oppCorsiAgainst": "48.5% (56.2) // 46.5% (53.0) // 46.1% (52.6) // 48.2% (57.1)",
        "oppFenwickAgainst": "48.3% (42.0) // 47.2% (40.2) // 46.6% (39.6) // 49.8% (43.1)",
        "oppShotsAgainst": "49.3% (30.9) // 47.9% (28.7) // 46.0% (26.8) // 51.6% (30.8)",
        "oppScoringAgainst": "46.7% (29.9) // 47.4% (27.6) // 47.0% (27.0) // 52.7% (31.5)",
        "savesPerGame": 30.4,
        "savesPerGameLast1": 36.0,
        "savesPerGameLast3": 36.0,
        "savesPerGameLast5": 33.4,
        "savesPer60": 30.4,
        "savesPer60Last1": 35.6,
        "savesPer60Last3": 35.9,
        "savesPer60Last5": 33.2,
        "shotsPerGame": 27.4,
        "shotsPerGameLast5": 23.2,
        "shotsAgainstPerGame": 34.1,
        "shotsAgainstPerGameLast5": 39.2,
        "oppSavesAgainstPer60": 28.7,
        "oppSavesAgainstPer60Last1": 21.9,
        "oppSavesAgainstPer60Last3": 26.7,
        "oppSavesAgainstPer60Last5": 27.5,
        "oppShotsAgainstPerGame": 31.2,
        "oppShotsAgainstPerGameLast5": 28.0,
        "savesProj": 30.9,
        "savesProjLast5": 32.5,
        "savesProjLast3": 33.5,
        "oppSavesAgainstProj": 30.7,
        "oppSavesAgainstProjLast5": 29.9,
        "oppSavesAgainstProjLast3": 31.1,
        "totalOver": 47,
        "totalOverLast5": 40,
        "lastTotalOver": 40,
        "last5": "36,21,39,16,30,30,17,38,35,27",
        "overOdds": "-110",
        "underOdds": "-120",
        "overUnder": "-110 / -120"
    },
    {
        "player": "Charlie Lindgren",
        "team": "WSH",
        "opponent": "CBJ",
        "propType": "sv",
        "line": 26.5,
        "ppLine": "",
        "avg": 23.89,
        "hit": false,
        "diffAvg": -0.1,
        "diffAbs": 1.0,
        "lastAvg": 0,
        "diff": 0,
        "avgMin": 54,
        "proj": 0.0,
        "lastAvgMin": 0,
        "oppOver": 49,
        "teamOver": 49,
        "gameLine": "-245",
        "+/-": 0,
        "L5_+/-": 0,
        "prevMatchup": "2023-01-05 wsh @ cbj 25.0 sv, 2023-01-08 cbj @ wsh 38.0 sv, 2023-01-31 wsh @ cbj 31.0 sv",
        "winLossSplits": "27.51 - 24.57",
        "awayHome": "H",
        "playedYesterday": "N",
        "awayHomeSplits": "23.73 - 24.08",
        "savesAboveExp": 0.318,
        "gsaa": -2.06,
        "corsi": "50.8% (59.4) // 49.0% (54.9) // 52.4% (59.0) // 55.6% (62.3)",
        "fenwick": "50.5% (43.5) // 47.3% (40.3) // 50.5% (42.3) // 52.7% (44.8)",
        "shots": "50.8% (31.1) // 48.7% (30.4) // 53.7% (32.9) // 55.0% (35.4)",
        "scoring": "50.7% (29.5) // 46.5% (26.4) // 50.5% (27.5) // 54.6% (28.9)",
        "corsiAgainst": "49.2% (57.5) // 51.0% (57.2) // 47.6% (53.7) // 44.4% (49.6)",
        "fenwickAgainst": "49.5% (42.6) // 52.7% (44.8) // 49.5% (41.5) // 47.3% (40.2)",
        "shotsAgainst": "49.2% (30.1) // 51.3% (32.0) // 46.3% (28.3) // 45.0% (28.9)",
        "scoringAgainst": "49.3% (28.7) // 53.5% (30.4) // 49.5% (27.0) // 45.4% (24.0)",
        "oppCorsi": "46.1% (55.8) // 46.3% (58.7) // 53.3% (68.4) // 51.0% (65.3)",
        "oppFenwick": "46.1% (41.5) // 46.2% (44.2) // 53.7% (51.9) // 49.8% (47.7)",
        "oppShots": "45.8% (29.5) // 46.5% (32.1) // 53.4% (38.6) // 48.7% (36.3)",
        "oppScoring": "45.3% (27.2) // 44.7% (30.2) // 51.6% (38.1) // 50.0% (35.3)",
        "oppCorsiAgainst": "53.9% (65.2) // 53.7% (68.1) // 46.7% (59.9) // 49.0% (62.7)",
        "oppFenwickAgainst": "53.9% (48.7) // 53.8% (51.6) // 46.3% (44.8) // 50.2% (48.0)",
        "oppShotsAgainst": "54.2% (34.9) // 53.5% (37.0) // 46.6% (33.7) // 51.3% (38.3)",
        "oppScoringAgainst": "54.7% (32.9) // 55.3% (37.4) // 48.4% (35.7) // 50.0% (35.3)",
        "savesPerGame": 27.3,
        "savesPerGameLast1": 35.0,
        "savesPerGameLast3": 25.0,
        "savesPerGameLast5": 24.6,
        "savesPer60": 27.3,
        "savesPer60Last1": 32.9,
        "savesPer60Last3": 24.9,
        "savesPer60Last5": 24.3,
        "shotsPerGame": 31.4,
        "shotsPerGameLast5": 33.4,
        "shotsAgainstPerGame": 30.4,
        "shotsAgainstPerGameLast5": 28.6,
        "oppSavesAgainstPer60": 27.1,
        "oppSavesAgainstPer60Last1": 34.9,
        "oppSavesAgainstPer60Last3": 34.3,
        "oppSavesAgainstPer60Last5": 36.3,
        "oppShotsAgainstPerGame": 35.2,
        "oppShotsAgainstPerGameLast5": 34.2,
        "savesProj": 23.7,
        "savesProjLast5": 28.1,
        "savesProjLast3": 27.0,
        "oppSavesAgainstProj": 26.2,
        "oppSavesAgainstProjLast5": 32.1,
        "oppSavesAgainstProjLast3": 30.6,
        "totalOver": 39,
        "totalOverLast5": 40,
        "lastTotalOver": 20,
        "last5": "35,23,16,17,29,31,6,7,18,18",
        "overOdds": "-125",
        "underOdds": "-105",
        "overUnder": "-125 / -105"
    },
    {
        "player": "Daniil Tarasov",
        "team": "CBJ",
        "opponent": "WSH",
        "propType": "sv",
        "line": 30.5,
        "ppLine": "",
        "avg": 27.5,
        "hit": false,
        "diffAvg": -0.1,
        "diffAbs": 0.03,
        "lastAvg": 26.0,
        "diff": -0.15,
        "avgMin": 50,
        "proj": 29.7,
        "lastAvgMin": 43.7,
        "oppOver": 38,
        "teamOver": 58,
        "gameLine": "+205",
        "+/-": 0,
        "L5_+/-": 0,
        "prevMatchup": "2023-01-05 wsh @ cbj 31.0 sv, 2023-01-08 cbj @ wsh 18.0 sv, 2023-01-31 wsh @ cbj 30.0 sv",
        "winLossSplits": "34.07 - 31.73",
        "awayHome": "A",
        "playedYesterday": "N",
        "awayHomeSplits": "27.9 - 26.83",
        "savesAboveExp": -0.06,
        "gsaa": -4.06,
        "corsi": "46.1% (55.8) // 46.3% (58.7) // 53.3% (68.4) // 51.0% (65.3)",
        "fenwick": "46.1% (41.5) // 46.2% (44.2) // 53.7% (51.9) // 49.8% (47.7)",
        "shots": "45.8% (29.5) // 46.5% (32.1) // 53.4% (38.6) // 48.7% (36.3)",
        "scoring": "45.3% (27.2) // 44.7% (30.2) // 51.6% (38.1) // 50.0% (35.3)",
        "corsiAgainst": "53.9% (65.2) // 53.7% (68.1) // 46.7% (59.9) // 49.0% (62.7)",
        "fenwickAgainst": "53.9% (48.7) // 53.8% (51.6) // 46.3% (44.8) // 50.2% (48.0)",
        "shotsAgainst": "54.2% (34.9) // 53.5% (37.0) // 46.6% (33.7) // 51.3% (38.3)",
        "scoringAgainst": "54.7% (32.9) // 55.3% (37.4) // 48.4% (35.7) // 50.0% (35.3)",
        "oppCorsi": "50.8% (59.4) // 49.0% (54.9) // 52.4% (59.0) // 55.6% (62.3)",
        "oppFenwick": "50.5% (43.5) // 47.3% (40.3) // 50.5% (42.3) // 52.7% (44.8)",
        "oppShots": "50.8% (31.1) // 48.7% (30.4) // 53.7% (32.9) // 55.0% (35.4)",
        "oppScoring": "50.7% (29.5) // 46.5% (26.4) // 50.5% (27.5) // 54.6% (28.9)",
        "oppCorsiAgainst": "49.2% (57.5) // 51.0% (57.2) // 47.6% (53.7) // 44.4% (49.6)",
        "oppFenwickAgainst": "49.5% (42.6) // 52.7% (44.8) // 49.5% (41.5) // 47.3% (40.2)",
        "oppShotsAgainst": "49.2% (30.1) // 51.3% (32.0) // 46.3% (28.3) // 45.0% (28.9)",
        "oppScoringAgainst": "49.3% (28.7) // 53.5% (30.4) // 49.5% (27.0) // 45.4% (24.0)",
        "savesPerGame": 31.4,
        "savesPerGameLast1": 34.0,
        "savesPerGameLast3": 32.3,
        "savesPerGameLast5": 28.6,
        "savesPer60": 31.3,
        "savesPer60Last1": 34.0,
        "savesPer60Last3": 32.0,
        "savesPer60Last5": 28.6,
        "shotsPerGame": 29.7,
        "shotsPerGameLast5": 39.2,
        "shotsAgainstPerGame": 35.2,
        "shotsAgainstPerGameLast5": 34.2,
        "oppSavesAgainstPer60": 28.5,
        "oppSavesAgainstPer60Last1": 33.6,
        "oppSavesAgainstPer60Last3": 33.4,
        "oppSavesAgainstPer60Last5": 29.9,
        "oppShotsAgainstPerGame": 30.4,
        "oppShotsAgainstPerGameLast5": 28.6,
        "savesProj": 32.5,
        "savesProjLast5": 31.4,
        "savesProjLast3": 39.1,
        "oppSavesAgainstProj": 31.5,
        "oppSavesAgainstProjLast5": 31.0,
        "oppSavesAgainstProjLast3": 38.4,
        "totalOver": 44,
        "totalOverLast5": 0,
        "lastTotalOver": 25,
        "last5": "24,23,27,26,16,34,32,35,25,34",
        "overOdds": "-110",
        "underOdds": "-120",
        "overUnder": "-110 / -120"
    },
    {
        "player": "Igor Shesterkin",
        "team": "NYR",
        "opponent": "CAR",
        "propType": "sv",
        "line": 29.5,
        "ppLine": "",
        "avg": 26.84,
        "hit": false,
        "diffAvg": -0.09,
        "diffAbs": 0.27,
        "lastAvg": 20.77,
        "diff": -0.3,
        "avgMin": 60,
        "proj": 21.5,
        "lastAvgMin": 57.93,
        "oppOver": 57,
        "teamOver": 31,
        "gameLine": "-115",
        "+/-": 0,
        "L5_+/-": 0,
        "prevMatchup": "2023-01-03 car @ nyr 20.0 sv, 2023-02-11 nyr @ car 27.0 sv",
        "winLossSplits": "25.73 - 28.47",
        "awayHome": "H",
        "playedYesterday": "N",
        "awayHomeSplits": "27.57 - 26.31",
        "savesAboveExp": 0.388,
        "gsaa": 11.64,
        "corsi": "52.0% (58.9) // 48.8% (53.9) // 48.2% (55.4) // 48.0% (53.3)",
        "fenwick": "52.5% (44.2) // 49.9% (40.1) // 49.6% (40.8) // 49.8% (40.0)",
        "shots": "52.1% (31.3) // 50.2% (29.5) // 49.7% (30.4) // 51.7% (31.0)",
        "scoring": "51.7% (31.1) // 49.3% (28.9) // 50.0% (30.9) // 49.0% (31.3)",
        "corsiAgainst": "48.0% (54.4) // 51.2% (56.4) // 51.8% (59.6) // 52.0% (57.7)",
        "fenwickAgainst": "47.5% (39.9) // 50.1% (40.2) // 50.4% (41.4) // 50.2% (40.3)",
        "shotsAgainst": "47.9% (28.8) // 49.8% (29.3) // 50.3% (30.7) // 48.3% (29.0)",
        "scoringAgainst": "48.3% (29.1) // 50.7% (29.6) // 50.0% (30.9) // 51.0% (32.7)",
        "oppCorsi": "60.0% (67.5) // 63.0% (69.4) // 61.8% (68.9) // 63.6% (74.7)",
        "oppFenwick": "59.3% (50.9) // 62.1% (50.9) // 60.4% (50.5) // 59.8% (53.3)",
        "oppShots": "57.5% (34.4) // 59.8% (32.9) // 55.2% (31.6) // 54.4% (33.9)",
        "oppScoring": "59.2% (33.7) // 60.1% (32.2) // 54.1% (29.0) // 55.5% (32.9)",
        "oppCorsiAgainst": "40.0% (45.0) // 37.0% (40.7) // 38.2% (42.5) // 36.4% (42.8)",
        "oppFenwickAgainst": "40.7% (34.9) // 37.9% (31.0) // 39.6% (33.1) // 40.2% (35.9)",
        "oppShotsAgainst": "42.5% (25.5) // 40.2% (22.1) // 44.8% (25.6) // 45.6% (28.4)",
        "oppScoringAgainst": "40.8% (23.3) // 39.9% (21.4) // 45.9% (24.6) // 44.5% (26.4)",
        "savesPerGame": 26.5,
        "savesPerGameLast1": 22.0,
        "savesPerGameLast3": 28.3,
        "savesPerGameLast5": 29.0,
        "savesPer60": 26.7,
        "savesPer60Last1": 22.0,
        "savesPer60Last3": 28.3,
        "savesPer60Last5": 29.2,
        "shotsPerGame": 31.8,
        "shotsPerGameLast5": 31.6,
        "shotsAgainstPerGame": 29.2,
        "shotsAgainstPerGameLast5": 30.6,
        "oppSavesAgainstPer60": 31.7,
        "oppSavesAgainstPer60Last1": 29.0,
        "oppSavesAgainstPer60Last3": 27.2,
        "oppSavesAgainstPer60Last5": 29.2,
        "oppShotsAgainstPerGame": 25.8,
        "oppShotsAgainstPerGameLast5": 25.6,
        "savesProj": 36.0,
        "savesProjLast5": 36.4,
        "savesProjLast3": 32.7,
        "oppSavesAgainstProj": 29.6,
        "oppSavesAgainstProjLast5": 28.2,
        "oppSavesAgainstProjLast3": 25.6,
        "totalOver": 32,
        "totalOverLast5": 60,
        "lastTotalOver": 54,
        "last5": "33,30,28,32,23,20,26,26,17,17",
        "overOdds": "-140",
        "underOdds": "+110",
        "overUnder": "-140 / +110"
    },
    {
        "player": "Filip Gustavsson",
        "team": "MIN",
        "opponent": "NJ",
        "propType": "sv",
        "line": 29.5,
        "ppLine": "",
        "avg": 26.69,
        "hit": false,
        "diffAvg": -0.1,
        "diffAbs": 0.04,
        "lastAvg": 28.44,
        "diff": -0.04,
        "avgMin": 58,
        "proj": 28.4,
        "lastAvgMin": 58.18,
        "oppOver": 59,
        "teamOver": 39,
        "gameLine": "+150",
        "+/-": 0,
        "L5_+/-": 0,
        "prevMatchup": "2023-02-11 nj @ min 27.0 sv",
        "winLossSplits": "28.06 - 26.27",
        "awayHome": "A",
        "playedYesterday": "N",
        "awayHomeSplits": "26.58 - 26.75",
        "savesAboveExp": 0.594,
        "gsaa": 22.86,
        "corsi": "50.5% (57.8) // 49.3% (56.6) // 51.1% (57.2) // 50.1% (56.3)",
        "fenwick": "51.5% (43.7) // 50.9% (44.3) // 50.7% (44.4) // 50.4% (46.7)",
        "shots": "50.8% (30.9) // 49.6% (32.4) // 49.9% (33.3) // 49.1% (35.3)",
        "scoring": "51.2% (28.6) // 50.3% (28.8) // 50.7% (27.8) // 51.9% (27.7)",
        "corsiAgainst": "49.5% (56.7) // 50.7% (58.1) // 48.9% (54.8) // 49.9% (56.0)",
        "fenwickAgainst": "48.5% (41.2) // 49.1% (42.7) // 49.3% (43.2) // 49.6% (46.0)",
        "shotsAgainst": "49.2% (29.9) // 50.4% (32.9) // 50.1% (33.5) // 50.9% (36.7)",
        "scoringAgainst": "48.8% (27.2) // 49.7% (28.5) // 49.3% (27.0) // 48.1% (25.7)",
        "oppCorsi": "53.3% (63.0) // 54.3% (64.5) // 51.0% (61.2) // 51.5% (61.6)",
        "oppFenwick": "53.7% (46.6) // 54.6% (47.0) // 51.6% (44.5) // 53.4% (48.0)",
        "oppShots": "54.9% (33.9) // 56.1% (34.6) // 52.3% (31.6) // 55.0% (35.4)",
        "oppScoring": "55.6% (34.3) // 59.2% (37.3) // 55.6% (33.5) // 55.6% (35.4)",
        "oppCorsiAgainst": "46.7% (55.1) // 45.7% (54.3) // 49.0% (58.8) // 48.5% (58.1)",
        "oppFenwickAgainst": "46.3% (40.2) // 45.4% (39.0) // 48.4% (41.8) // 46.6% (41.8)",
        "oppShotsAgainst": "45.1% (27.9) // 43.9% (27.1) // 47.7% (28.8) // 45.0% (28.9)",
        "oppScoringAgainst": "44.4% (27.4) // 40.8% (25.7) // 44.4% (26.8) // 44.4% (28.2)",
        "savesPerGame": 27.8,
        "savesPerGameLast1": 33.0,
        "savesPerGameLast3": 32.3,
        "savesPerGameLast5": 30.0,
        "savesPer60": 28.0,
        "savesPer60Last1": 32.6,
        "savesPer60Last3": 31.9,
        "savesPer60Last5": 30.2,
        "shotsPerGame": 31.5,
        "shotsPerGameLast5": 33.8,
        "shotsAgainstPerGame": 30.5,
        "shotsAgainstPerGameLast5": 34.0,
        "oppSavesAgainstPer60": 31.0,
        "oppSavesAgainstPer60Last1": 34.0,
        "oppSavesAgainstPer60Last3": 32.8,
        "oppSavesAgainstPer60Last5": 27.9,
        "oppShotsAgainstPerGame": 28.3,
        "oppShotsAgainstPerGameLast5": 30.2,
        "savesProj": 33.7,
        "savesProjLast5": 33.1,
        "savesProjLast3": 41.0,
        "oppSavesAgainstProj": 31.0,
        "oppSavesAgainstProjLast5": 31.1,
        "oppSavesAgainstProjLast3": 38.3,
        "totalOver": 41,
        "totalOverLast5": 60,
        "lastTotalOver": 56,
        "last5": "33,18,26,31,39,22,33,23,29,33",
        "overOdds": "-120",
        "underOdds": "-110",
        "overUnder": "-120 / -110"
    },
    {
        "player": "Vitek Vanecek",
        "team": "NJ",
        "opponent": "MIN",
        "propType": "sv",
        "line": 25.5,
        "ppLine": "",
        "avg": 23.27,
        "hit": false,
        "diffAvg": -0.09,
        "diffAbs": 0.08,
        "lastAvg": 23.05,
        "diff": -0.1,
        "avgMin": 56,
        "proj": 23.4,
        "lastAvgMin": 55.17,
        "oppOver": 64,
        "teamOver": 43,
        "gameLine": "-175",
        "+/-": 0,
        "L5_+/-": 0,
        "prevMatchup": "2023-02-11 nj @ min 22.0 sv",
        "winLossSplits": "26.93 - 19.68",
        "awayHome": "H",
        "playedYesterday": "N",
        "awayHomeSplits": "24.85 - 21.96",
        "savesAboveExp": 0.109,
        "gsaa": 4.75,
        "corsi": "53.3% (63.0) // 54.3% (64.5) // 51.0% (61.2) // 51.5% (61.6)",
        "fenwick": "53.7% (46.6) // 54.6% (47.0) // 51.6% (44.5) // 53.4% (48.0)",
        "shots": "54.9% (33.9) // 56.1% (34.6) // 52.3% (31.6) // 55.0% (35.4)",
        "scoring": "55.6% (34.3) // 59.2% (37.3) // 55.6% (33.5) // 55.6% (35.4)",
        "corsiAgainst": "46.7% (55.1) // 45.7% (54.3) // 49.0% (58.8) // 48.5% (58.1)",
        "fenwickAgainst": "46.3% (40.2) // 45.4% (39.0) // 48.4% (41.8) // 46.6% (41.8)",
        "shotsAgainst": "45.1% (27.9) // 43.9% (27.1) // 47.7% (28.8) // 45.0% (28.9)",
        "scoringAgainst": "44.4% (27.4) // 40.8% (25.7) // 44.4% (26.8) // 44.4% (28.2)",
        "oppCorsi": "50.5% (57.8) // 49.3% (56.6) // 51.1% (57.2) // 50.1% (56.3)",
        "oppFenwick": "51.5% (43.7) // 50.9% (44.3) // 50.7% (44.4) // 50.4% (46.7)",
        "oppShots": "50.8% (30.9) // 49.6% (32.4) // 49.9% (33.3) // 49.1% (35.3)",
        "oppScoring": "51.2% (28.6) // 50.3% (28.8) // 50.7% (27.8) // 51.9% (27.7)",
        "oppCorsiAgainst": "49.5% (56.7) // 50.7% (58.1) // 48.9% (54.8) // 49.9% (56.0)",
        "oppFenwickAgainst": "48.5% (41.2) // 49.1% (42.7) // 49.3% (43.2) // 49.6% (46.0)",
        "oppShotsAgainst": "49.2% (29.9) // 50.4% (32.9) // 50.1% (33.5) // 50.9% (36.7)",
        "oppScoringAgainst": "48.8% (27.2) // 49.7% (28.5) // 49.3% (27.0) // 48.1% (25.7)",
        "savesPerGame": 25.6,
        "savesPerGameLast1": 22.0,
        "savesPerGameLast3": 26.7,
        "savesPerGameLast5": 27.6,
        "savesPer60": 25.7,
        "savesPer60Last1": 22.0,
        "savesPer60Last3": 27.1,
        "savesPer60Last5": 27.8,
        "shotsPerGame": 34.4,
        "shotsPerGameLast5": 31.0,
        "shotsAgainstPerGame": 28.3,
        "shotsAgainstPerGameLast5": 30.2,
        "oppSavesAgainstPer60": 28.9,
        "oppSavesAgainstPer60Last1": 34.7,
        "oppSavesAgainstPer60Last3": 31.0,
        "oppSavesAgainstPer60Last5": 29.8,
        "oppShotsAgainstPerGame": 30.5,
        "oppShotsAgainstPerGameLast5": 34.0,
        "savesProj": 26.3,
        "savesProjLast5": 28.8,
        "savesProjLast3": 29.3,
        "oppSavesAgainstProj": 26.1,
        "oppSavesAgainstProjLast5": 27.0,
        "oppSavesAgainstProjLast3": 27.0,
        "totalOver": 36,
        "totalOverLast5": 40,
        "lastTotalOver": 36,
        "last5": "22,26,32,21,25,14,19,13,29,31",
        "overOdds": "-120",
        "underOdds": "-110",
        "overUnder": "-120 / -110"
    },
    {
        "player": "Carter Hart",
        "team": "PHI",
        "opponent": "FLA",
        "propType": "sv",
        "line": 30.5,
        "ppLine": "",
        "avg": 27.57,
        "hit": false,
        "diffAvg": -0.1,
        "diffAbs": 0.06,
        "lastAvg": 28.98,
        "diff": -0.05,
        "avgMin": 57,
        "proj": 28.6,
        "lastAvgMin": 57.83,
        "oppOver": 69,
        "teamOver": 28,
        "gameLine": "+145",
        "+/-": 0,
        "L5_+/-": 0,
        "prevMatchup": "2022-10-19 phi @ fla 31.0 sv, 2022-10-27 fla @ phi 48.0 sv",
        "winLossSplits": "32.76 - 26.66",
        "awayHome": "H",
        "playedYesterday": "N",
        "awayHomeSplits": "27.83 - 27.35",
        "savesAboveExp": 0.493,
        "gsaa": 4.36,
        "corsi": "46.6% (53.8) // 46.4% (52.4) // 46.2% (52.9) // 38.9% (44.3)",
        "fenwick": "47.6% (40.1) // 47.5% (39.9) // 47.4% (41.2) // 41.4% (35.9)",
        "shots": "48.3% (29.1) // 46.9% (28.4) // 46.1% (29.2) // 43.3% (27.4)",
        "scoring": "44.7% (25.5) // 46.0% (26.0) // 47.6% (27.4) // 45.1% (25.4)",
        "corsiAgainst": "53.4% (61.6) // 53.6% (60.7) // 53.8% (61.6) // 61.1% (69.7)",
        "fenwickAgainst": "52.4% (44.2) // 52.5% (44.2) // 52.6% (45.7) // 58.6% (50.8)",
        "shotsAgainst": "51.7% (31.1) // 53.1% (32.1) // 53.9% (34.2) // 56.7% (35.9)",
        "scoringAgainst": "55.3% (31.5) // 54.0% (30.4) // 52.4% (30.2) // 54.9% (30.9)",
        "oppCorsi": "54.3% (66.2) // 59.4% (71.6) // 59.4% (66.7) // 58.0% (64.0)",
        "oppFenwick": "53.7% (49.9) // 58.2% (53.9) // 57.5% (51.5) // 55.2% (49.7)",
        "oppShots": "53.8% (36.6) // 58.8% (39.2) // 57.8% (38.3) // 55.4% (36.0)",
        "oppScoring": "54.8% (34.9) // 60.3% (37.6) // 59.6% (33.4) // 59.4% (32.7)",
        "oppCorsiAgainst": "45.7% (55.8) // 40.6% (48.9) // 40.6% (45.6) // 42.0% (46.3)",
        "oppFenwickAgainst": "46.3% (43.1) // 41.8% (38.7) // 42.5% (38.0) // 44.8% (40.3)",
        "oppShotsAgainst": "46.2% (31.5) // 41.2% (27.5) // 42.2% (28.0) // 44.6% (29.0)",
        "oppScoringAgainst": "45.2% (28.8) // 39.7% (24.8) // 40.4% (22.6) // 40.6% (22.3)",
        "savesPerGame": 28.1,
        "savesPerGameLast1": 29.0,
        "savesPerGameLast3": 31.0,
        "savesPerGameLast5": 29.6,
        "savesPer60": 27.9,
        "savesPer60Last1": 29.2,
        "savesPer60Last3": 30.8,
        "savesPer60Last5": 29.1,
        "shotsPerGame": 29.3,
        "shotsPerGameLast5": 27.2,
        "shotsAgainstPerGame": 31.4,
        "shotsAgainstPerGameLast5": 33.2,
        "oppSavesAgainstPer60": 33.3,
        "oppSavesAgainstPer60Last1": 20.6,
        "oppSavesAgainstPer60Last3": 29.8,
        "oppSavesAgainstPer60Last5": 34.5,
        "oppShotsAgainstPerGame": 31.7,
        "oppShotsAgainstPerGameLast5": 27.6,
        "savesProj": 33.1,
        "savesProjLast5": 35.7,
        "savesProjLast3": 32.8,
        "oppSavesAgainstProj": 32.6,
        "oppSavesAgainstProjLast5": 33.8,
        "oppSavesAgainstProjLast3": 31.3,
        "totalOver": 31,
        "totalOverLast5": 40,
        "lastTotalOver": 31,
        "last5": "36,27,34,25,22,26,23,17,15,23",
        "overOdds": "-125",
        "underOdds": "-105",
        "overUnder": "-125 / -105"
    },
    {
        "player": "Juuse Saros",
        "team": "NSH",
        "opponent": "BUF",
        "propType": "sv",
        "line": 29.5,
        "ppLine": "",
        "avg": 29.96,
        "hit": false,
        "diffAvg": 0.02,
        "diffAbs": 0.04,
        "lastAvg": 28.03,
        "diff": -0.05,
        "avgMin": 59,
        "proj": 28.2,
        "lastAvgMin": 58.67,
        "oppOver": 43,
        "teamOver": 57,
        "gameLine": "+130",
        "+/-": 0,
        "L5_+/-": 0,
        "prevMatchup": "2023-01-14 buf @ nsh 28.0 sv",
        "winLossSplits": "31.54 - 28.52",
        "awayHome": "A",
        "playedYesterday": "N",
        "awayHomeSplits": "29.58 - 30.28",
        "savesAboveExp": 0.483,
        "gsaa": 21.69,
        "corsi": "48.5% (58.0) // 47.0% (53.0) // 46.2% (50.8) // 47.3% (51.7)",
        "fenwick": "48.2% (42.6) // 46.2% (38.6) // 45.4% (36.6) // 45.3% (35.5)",
        "shots": "47.6% (29.8) // 47.2% (27.4) // 46.8% (26.1) // 46.7% (25.9)",
        "scoring": "47.6% (30.3) // 47.4% (28.4) // 45.8% (26.5) // 47.6% (26.9)",
        "corsiAgainst": "51.5% (61.4) // 53.0% (59.8) // 53.8% (59.2) // 52.7% (57.7)",
        "fenwickAgainst": "51.8% (45.8) // 53.8% (44.9) // 54.6% (44.0) // 54.7% (42.8)",
        "shotsAgainst": "52.4% (32.8) // 52.8% (30.7) // 53.2% (29.7) // 53.3% (29.5)",
        "scoringAgainst": "52.4% (33.3) // 52.6% (31.6) // 54.2% (31.4) // 52.4% (29.5)",
        "oppCorsi": "51.2% (57.8) // 50.8% (57.1) // 54.3% (58.8) // 54.4% (58.7)",
        "oppFenwick": "49.7% (43.5) // 48.6% (42.4) // 53.6% (43.6) // 54.7% (45.4)",
        "oppShots": "49.3% (31.9) // 47.1% (30.2) // 52.2% (29.9) // 51.4% (29.5)",
        "oppScoring": "50.1% (30.7) // 48.4% (29.4) // 52.5% (29.1) // 51.7% (29.5)",
        "oppCorsiAgainst": "48.8% (55.0) // 49.2% (55.5) // 45.7% (49.4) // 45.6% (49.3)",
        "oppFenwickAgainst": "50.3% (44.1) // 51.4% (44.8) // 46.4% (37.7) // 45.3% (37.6)",
        "oppShotsAgainst": "50.7% (32.8) // 52.9% (33.9) // 47.8% (27.4) // 48.6% (27.9)",
        "oppScoringAgainst": "49.9% (30.6) // 51.6% (31.3) // 47.5% (26.4) // 48.3% (27.6)",
        "savesPerGame": 30.3,
        "savesPerGameLast1": 27.0,
        "savesPerGameLast3": 25.7,
        "savesPerGameLast5": 27.6,
        "savesPer60": 30.4,
        "savesPer60Last1": 27.0,
        "savesPer60Last3": 25.5,
        "savesPer60Last5": 27.6,
        "shotsPerGame": 30.2,
        "shotsPerGameLast5": 26.0,
        "shotsAgainstPerGame": 33.3,
        "shotsAgainstPerGameLast5": 31.0,
        "oppSavesAgainstPer60": 28.6,
        "oppSavesAgainstPer60Last1": 26.0,
        "oppSavesAgainstPer60Last3": 28.2,
        "oppSavesAgainstPer60Last5": 28.3,
        "oppShotsAgainstPerGame": 33.1,
        "oppShotsAgainstPerGameLast5": 28.0,
        "savesProj": 29.5,
        "savesProjLast5": 26.6,
        "savesProjLast3": 24.5,
        "oppSavesAgainstProj": 31.1,
        "oppSavesAgainstProjLast5": 29.4,
        "oppSavesAgainstProjLast3": 27.0,
        "totalOver": 55,
        "totalOverLast5": 40,
        "lastTotalOver": 41,
        "last5": "26,31,19,28,33,39,26,27,31,25",
        "overOdds": "-125",
        "underOdds": "-105",
        "overUnder": "-125 / -105"
    },
    {
        "player": "Ilya Samsonov",
        "team": "TOR",
        "opponent": "NYI",
        "propType": "sv",
        "line": 27.5,
        "ppLine": "",
        "avg": 25.69,
        "hit": false,
        "diffAvg": -0.07,
        "diffAbs": 0.16,
        "lastAvg": 20.94,
        "diff": -0.24,
        "avgMin": 59,
        "proj": 23.0,
        "lastAvgMin": 53.65,
        "oppOver": 42,
        "teamOver": 42,
        "gameLine": "-120",
        "+/-": 0,
        "L5_+/-": 0,
        "prevMatchup": "2022-11-21 nyi @ tor 21.0 sv, 2023-01-23 nyi @ tor 31.0 sv",
        "winLossSplits": "26.14 - 25.55",
        "awayHome": "A",
        "playedYesterday": "N",
        "awayHomeSplits": "26.92 - 24.95",
        "savesAboveExp": 0.388,
        "gsaa": 12.7,
        "corsi": "50.5% (57.0) // 44.8% (50.0) // 41.4% (46.8) // 35.3% (41.1)",
        "fenwick": "51.4% (43.4) // 46.2% (38.7) // 41.9% (35.4) // 34.8% (29.4)",
        "shots": "52.0% (31.5) // 48.5% (28.9) // 44.6% (26.5) // 38.2% (22.4)",
        "scoring": "53.4% (33.1) // 47.2% (27.8) // 44.1% (25.4) // 38.2% (22.4)",
        "corsiAgainst": "49.5% (55.8) // 55.2% (61.7) // 58.6% (66.4) // 64.7% (75.2)",
        "fenwickAgainst": "48.6% (41.0) // 53.8% (45.0) // 58.1% (49.2) // 65.2% (54.9)",
        "shotsAgainst": "48.0% (29.0) // 51.5% (30.7) // 55.4% (32.9) // 61.8% (36.3)",
        "scoringAgainst": "46.6% (28.9) // 52.8% (31.2) // 55.9% (32.1) // 61.8% (36.3)",
        "oppCorsi": "49.0% (57.9) // 51.5% (57.1) // 52.8% (59.0) // 56.0% (61.0)",
        "oppFenwick": "48.9% (42.2) // 52.5% (42.0) // 50.9% (41.0) // 56.8% (44.0)",
        "oppShots": "49.3% (30.2) // 51.3% (29.4) // 49.1% (28.2) // 55.5% (33.0)",
        "oppScoring": "49.7% (30.3) // 51.9% (28.2) // 52.6% (29.8) // 53.7% (25.5)",
        "oppCorsiAgainst": "51.0% (60.1) // 48.5% (53.8) // 47.2% (52.8) // 44.0% (48.0)",
        "oppFenwickAgainst": "51.1% (44.1) // 47.5% (37.9) // 49.1% (39.5) // 43.2% (33.5)",
        "oppShotsAgainst": "50.7% (31.1) // 48.7% (28.0) // 50.9% (29.2) // 44.5% (26.5)",
        "oppScoringAgainst": "50.3% (30.7) // 48.1% (26.1) // 47.4% (26.8) // 46.3% (22.0)",
        "savesPerGame": 26.6,
        "savesPerGameLast1": 48.0,
        "savesPerGameLast3": 36.0,
        "savesPerGameLast5": 31.0,
        "savesPer60": 26.6,
        "savesPer60Last1": 52.0,
        "savesPer60Last3": 37.9,
        "savesPer60Last5": 31.6,
        "shotsPerGame": 31.8,
        "shotsPerGameLast5": 27.4,
        "shotsAgainstPerGame": 29.3,
        "shotsAgainstPerGameLast5": 34.0,
        "oppSavesAgainstPer60": 27.6,
        "oppSavesAgainstPer60Last1": 29.0,
        "oppSavesAgainstPer60Last3": 27.3,
        "oppSavesAgainstPer60Last5": 24.6,
        "oppShotsAgainstPerGame": 31.4,
        "oppShotsAgainstPerGameLast5": 30.6,
        "savesProj": 25.6,
        "savesProjLast5": 27.3,
        "savesProjLast3": 36.1,
        "oppSavesAgainstProj": 26.1,
        "oppSavesAgainstProjLast5": 25.4,
        "oppSavesAgainstProjLast3": 32.2,
        "totalOver": 40,
        "totalOverLast5": 60,
        "lastTotalOver": 39,
        "last5": "32,28,30,27,26,24,29,23,27,30",
        "overOdds": "-115",
        "underOdds": "-115",
        "overUnder": "-115 / -115"
    },
    {
        "player": "Ilya Sorokin",
        "team": "NYI",
        "opponent": "TOR",
        "propType": "sv",
        "line": 27.5,
        "ppLine": "",
        "avg": 27.94,
        "hit": false,
        "diffAvg": 0.02,
        "diffAbs": 0.03,
        "lastAvg": 29.23,
        "diff": 0.06,
        "avgMin": 57,
        "proj": 28.2,
        "lastAvgMin": 59.07,
        "oppOver": 57,
        "teamOver": 48,
        "gameLine": "+100",
        "+/-": 0,
        "L5_+/-": 0,
        "prevMatchup": "2022-11-21 nyi @ tor 30.0 sv, 2023-01-23 nyi @ tor 34.0 sv",
        "winLossSplits": "27.87 - 28.52",
        "awayHome": "H",
        "playedYesterday": "N",
        "awayHomeSplits": "27.96 - 27.93",
        "savesAboveExp": 0.704,
        "gsaa": 31.2,
        "corsi": "49.0% (57.9) // 51.5% (57.1) // 52.8% (59.0) // 56.0% (61.0)",
        "fenwick": "48.9% (42.2) // 52.5% (42.0) // 50.9% (41.0) // 56.8% (44.0)",
        "shots": "49.3% (30.2) // 51.3% (29.4) // 49.1% (28.2) // 55.5% (33.0)",
        "scoring": "49.7% (30.3) // 51.9% (28.2) // 52.6% (29.8) // 53.7% (25.5)",
        "corsiAgainst": "51.0% (60.1) // 48.5% (53.8) // 47.2% (52.8) // 44.0% (48.0)",
        "fenwickAgainst": "51.1% (44.1) // 47.5% (37.9) // 49.1% (39.5) // 43.2% (33.5)",
        "shotsAgainst": "50.7% (31.1) // 48.7% (28.0) // 50.9% (29.2) // 44.5% (26.5)",
        "scoringAgainst": "50.3% (30.7) // 48.1% (26.1) // 47.4% (26.8) // 46.3% (22.0)",
        "oppCorsi": "50.5% (57.0) // 44.8% (50.0) // 41.4% (46.8) // 35.3% (41.1)",
        "oppFenwick": "51.4% (43.4) // 46.2% (38.7) // 41.9% (35.4) // 34.8% (29.4)",
        "oppShots": "52.0% (31.5) // 48.5% (28.9) // 44.6% (26.5) // 38.2% (22.4)",
        "oppScoring": "53.4% (33.1) // 47.2% (27.8) // 44.1% (25.4) // 38.2% (22.4)",
        "oppCorsiAgainst": "49.5% (55.8) // 55.2% (61.7) // 58.6% (66.4) // 64.7% (75.2)",
        "oppFenwickAgainst": "48.6% (41.0) // 53.8% (45.0) // 58.1% (49.2) // 65.2% (54.9)",
        "oppShotsAgainst": "48.0% (29.0) // 51.5% (30.7) // 55.4% (32.9) // 61.8% (36.3)",
        "oppScoringAgainst": "46.6% (28.9) // 52.8% (31.2) // 55.9% (32.1) // 61.8% (36.3)",
        "savesPerGame": 28.7,
        "savesPerGameLast1": 29.0,
        "savesPerGameLast3": 27.0,
        "savesPerGameLast5": 27.2,
        "savesPer60": 28.7,
        "savesPer60Last1": 29.0,
        "savesPer60Last3": 26.7,
        "savesPer60Last5": 27.0,
        "shotsPerGame": 30.5,
        "shotsPerGameLast5": 28.0,
        "shotsAgainstPerGame": 31.4,
        "shotsAgainstPerGameLast5": 30.6,
        "oppSavesAgainstPer60": 28.2,
        "oppSavesAgainstPer60Last1": 25.0,
        "oppSavesAgainstPer60Last3": 20.6,
        "oppSavesAgainstPer60Last5": 23.6,
        "oppShotsAgainstPerGame": 29.3,
        "oppShotsAgainstPerGameLast5": 34.0,
        "savesProj": 30.5,
        "savesProjLast5": 23.8,
        "savesProjLast3": 20.4,
        "oppSavesAgainstProj": 28.5,
        "oppSavesAgainstProjLast5": 22.4,
        "oppSavesAgainstProjLast3": 20.0,
        "totalOver": 48,
        "totalOverLast5": 60,
        "lastTotalOver": 56,
        "last5": "29,20,32,33,22,22,30,26,25,44",
        "overOdds": "-120",
        "underOdds": "-110",
        "overUnder": "-120 / -110"
    },
    {
        "player": "Magnus Hellberg",
        "team": "DET",
        "opponent": "STL",
        "propType": "sv",
        "line": 25.5,
        "ppLine": "",
        "avg": 23.15,
        "hit": false,
        "diffAvg": -0.09,
        "diffAbs": 1.0,
        "lastAvg": 0,
        "diff": 0,
        "avgMin": 51,
        "proj": 0.0,
        "lastAvgMin": 0,
        "oppOver": 48,
        "teamOver": 61,
        "gameLine": "+120",
        "+/-": 0,
        "L5_+/-": 0,
        "prevMatchup": "",
        "winLossSplits": "27.01 - 24.58",
        "awayHome": "A",
        "playedYesterday": "Y",
        "awayHomeSplits": "25.27 - 11.5",
        "savesAboveExp": 0.245,
        "gsaa": -1.97,
        "corsi": "47.1% (52.2) // 46.7% (50.0) // 48.2% (52.0) // 50.8% (50.5)",
        "fenwick": "47.8% (39.2) // 48.0% (38.2) // 51.0% (40.6) // 50.6% (39.5)",
        "shots": "48.4% (28.4) // 48.8% (27.6) // 51.3% (28.4) // 53.9% (28.0)",
        "scoring": "45.9% (25.7) // 45.2% (25.2) // 46.4% (27.2) // 49.5% (23.0)",
        "corsiAgainst": "52.9% (58.6) // 53.3% (57.1) // 51.8% (55.8) // 49.2% (49.0)",
        "fenwickAgainst": "52.2% (42.8) // 52.0% (41.4) // 49.0% (39.0) // 49.4% (38.5)",
        "shotsAgainst": "51.6% (30.2) // 51.2% (29.0) // 48.7% (27.0) // 46.1% (24.0)",
        "scoringAgainst": "54.1% (30.3) // 54.8% (30.5) // 53.6% (31.4) // 50.5% (23.5)",
        "oppCorsi": "46.3% (50.9) // 45.7% (49.5) // 43.4% (47.4) // 40.3% (42.0)",
        "oppFenwick": "46.4% (38.9) // 45.8% (37.2) // 43.2% (36.2) // 41.9% (33.7)",
        "oppShots": "46.9% (28.5) // 46.3% (27.8) // 43.3% (26.4) // 42.1% (25.0)",
        "oppScoring": "46.6% (27.6) // 46.9% (26.7) // 44.0% (24.8) // 41.7% (21.7)",
        "oppCorsiAgainst": "53.7% (59.0) // 54.3% (58.8) // 56.6% (61.8) // 59.7% (62.3)",
        "oppFenwickAgainst": "53.6% (44.9) // 54.2% (44.0) // 56.8% (47.6) // 58.1% (46.7)",
        "oppShotsAgainst": "53.1% (32.2) // 53.7% (32.3) // 56.7% (34.6) // 57.9% (34.3)",
        "oppScoringAgainst": "53.4% (31.7) // 53.1% (30.2) // 56.0% (31.6) // 58.3% (30.3)",
        "savesPerGame": 27.4,
        "savesPerGameLast1": 20.0,
        "savesPerGameLast3": 17.3,
        "savesPerGameLast5": 23.4,
        "savesPer60": 27.4,
        "savesPer60Last1": 19.8,
        "savesPer60Last3": 17.0,
        "savesPer60Last5": 22.9,
        "shotsPerGame": 28.7,
        "shotsPerGameLast5": 28.4,
        "shotsAgainstPerGame": 30.6,
        "shotsAgainstPerGameLast5": 27.0,
        "oppSavesAgainstPer60": 25.6,
        "oppSavesAgainstPer60Last1": 13.7,
        "oppSavesAgainstPer60Last3": 20.5,
        "oppSavesAgainstPer60Last5": 22.1,
        "oppShotsAgainstPerGame": 32.5,
        "oppShotsAgainstPerGameLast5": 34.6,
        "savesProj": 24.3,
        "savesProjLast5": 17.6,
        "savesProjLast3": 12.2,
        "oppSavesAgainstProj": 24.7,
        "oppSavesAgainstProjLast5": 17.4,
        "oppSavesAgainstProjLast3": 11.7,
        "totalOver": 46,
        "totalOverLast5": 80,
        "lastTotalOver": 0,
        "last5": "2,35,32,36,33,27,20,4,25,21",
        "overOdds": "-125",
        "underOdds": "-105",
        "overUnder": "-125 / -105"
    },
    {
        "player": "Connor Hellebuyck",
        "team": "WPG",
        "opponent": "ARI",
        "propType": "sv",
        "line": 23.5,
        "ppLine": "",
        "avg": 28.56,
        "hit": false,
        "diffAvg": 0.22,
        "diffAbs": 0.24,
        "lastAvg": 29.73,
        "diff": 0.27,
        "avgMin": 58,
        "proj": 29.2,
        "lastAvgMin": 59.13,
        "oppOver": 41,
        "teamOver": 68,
        "gameLine": "-300",
        "+/-": 0,
        "L5_+/-": 0,
        "prevMatchup": "2022-10-28 wpg @ ari 19.0 sv, 2023-01-15 ari @ wpg 20.0 sv",
        "winLossSplits": "29.91 - 28.1",
        "awayHome": "H",
        "playedYesterday": "N",
        "awayHomeSplits": "29.77 - 27.43",
        "savesAboveExp": 0.641,
        "gsaa": 21.72,
        "corsi": "51.1% (58.3) // 51.9% (58.6) // 50.0% (53.7) // 60.5% (66.7)",
