[
    {
        "player": "Aaron Ekblad",
        "team": "FLA",
        "opponent": "DET",
        "propType": "ast",
        "line": 0.5,
        "ppLine": "PP2",
        "avg": 0.31,
        "hit": false,
        "diffAvg": -0.38,
        "diffAbs": 0.0,
        "lastAvg": 0.59,
        "diff": 0.18,
        "avgMin": 23,
        "proj": 0.5,
        "lastAvgMin": 24.92,
        "oppOver": 0,
        "teamOver": 0,
        "gameLine": "-180",
        "+/-": -14,
        "L5_+/-": 0.0,
        "prevMatchup": "2023-01-06 0.0 ast, 2022-12-08 1.0 ast",
        "winLossSplits": "0.35 - 0.22",
        "awayHome": "A",
        "playedYesterday": "N",
        "awayHomeSplits": "0.32 - 0.3",
        "savesAboveExp": -0.011,
        "gsaa": -5.11,
        "corsi": "54.3% (66.4) // 60.7% (75.5) // 60.5% (70.6) // 59.4% (69.5)",
        "fenwick": "53.7% (50.0) // 59.5% (56.6) // 58.2% (53.6) // 55.7% (53.5)",
        "shots": "53.8% (36.8) // 59.7% (42.1) // 60.0% (42.2) // 56.1% (41.5)",
        "scoring": "54.8% (35.0) // 60.9% (39.7) // 61.2% (35.7) // 60.7% (35.5)",
        "corsiAgainst": "45.7% (55.9) // 39.3% (48.9) // 39.5% (46.1) // 40.6% (47.5)",
        "fenwickAgainst": "46.3% (43.2) // 40.5% (38.5) // 41.8% (38.6) // 44.3% (42.5)",
        "shotsAgainst": "46.2% (31.6) // 40.3% (28.4) // 40.0% (28.2) // 43.9% (32.5)",
        "scoringAgainst": "45.2% (28.9) // 39.1% (25.5) // 38.8% (22.6) // 39.3% (23.0)",
        "oppCorsi": "47.2% (52.4) // 46.3% (50.3) // 48.9% (54.0) // 60.5% (60.5)",
        "oppFenwick": "47.9% (39.2) // 47.2% (37.7) // 52.2% (41.8) // 61.0% (44.5)",
        "oppShots": "48.4% (28.5) // 47.5% (27.8) // 52.2% (30.0) // 61.8% (31.5)",
        "oppScoring": "45.9% (25.8) // 45.0% (25.7) // 46.9% (28.8) // 60.4% (30.5)",
        "oppCorsiAgainst": "52.8% (58.6) // 53.7% (58.4) // 51.1% (56.5) // 39.5% (39.5)",
        "oppFenwickAgainst": "52.1% (42.8) // 52.8% (42.2) // 47.8% (38.2) // 39.0% (28.5)",
        "oppShotsAgainst": "51.6% (30.3) // 52.5% (30.7) // 47.8% (27.5) // 38.2% (19.5)",
        "oppScoringAgainst": "54.1% (30.4) // 55.0% (31.4) // 53.1% (32.5) // 39.6% (20.0)",
        "savesPerGame": 28.5,
        "savesPerGameLast1": 33.0,
        "savesPerGameLast3": 26.7,
        "savesPerGameLast5": 24.6,
        "savesPer60": 28.3,
        "savesPer60Last1": 33.0,
        "savesPer60Last3": 27.3,
        "savesPer60Last5": 25.2,
        "shotsPerGame": 37.0,
        "shotsPerGameLast5": 41.6,
        "shotsAgainstPerGame": 31.8,
        "shotsAgainstPerGameLast5": 27.8,
        "oppSavesAgainstPer60": 26.0,
        "oppSavesAgainstPer60Last1": 34.6,
        "oppSavesAgainstPer60Last3": 28.5,
        "oppSavesAgainstPer60Last5": 30.5,
        "oppShotsAgainstPerGame": 30.7,
        "oppShotsAgainstPerGameLast5": 26.0,
        "savesProj": 26.7,
        "savesProjLast5": 27.1,
        "savesProjLast3": 27.1,
        "oppSavesAgainstProj": 26.5,
        "oppSavesAgainstProjLast5": 29.4,
        "oppSavesAgainstProjLast3": 27.4,
        "totalOver": 24,
        "totalOverLast5": 0,
        "lastTotalOver": 41,
        "last5": "0,0,0,0,0,0,0,0,0,0",
        "overOdds": "+220",
        "underOdds": "-280",
        "overUnder": "+220 / -280"
    },
    {
        "player": "Aleksander Barkov",
        "team": "FLA",
        "opponent": "DET",
        "propType": "ast",
        "line": 0.5,
        "ppLine": "PP1",
        "avg": 0.76,
        "hit": false,
        "diffAvg": 0.52,
        "diffAbs": 0.4,
        "lastAvg": 0.64,
        "diff": 0.28,
        "avgMin": 21,
        "proj": 0.7,
        "lastAvgMin": 20.3,
        "oppOver": 0,
        "teamOver": 0,
        "gameLine": "-180",
        "+/-": "+5",
        "L5_+/-": 0.0,
        "prevMatchup": "2023-01-06 2.0 ast, 2022-12-08 1.0 ast",
        "winLossSplits": "1.12 - 0.43",
        "awayHome": "A",
        "playedYesterday": "N",
        "awayHomeSplits": "0.62 - 0.9",
        "savesAboveExp": -0.011,
        "gsaa": -5.11,
        "corsi": "54.3% (66.4) // 60.7% (75.5) // 60.5% (70.6) // 59.4% (69.5)",
        "fenwick": "53.7% (50.0) // 59.5% (56.6) // 58.2% (53.6) // 55.7% (53.5)",
        "shots": "53.8% (36.8) // 59.7% (42.1) // 60.0% (42.2) // 56.1% (41.5)",
        "scoring": "54.8% (35.0) // 60.9% (39.7) // 61.2% (35.7) // 60.7% (35.5)",
        "corsiAgainst": "45.7% (55.9) // 39.3% (48.9) // 39.5% (46.1) // 40.6% (47.5)",
        "fenwickAgainst": "46.3% (43.2) // 40.5% (38.5) // 41.8% (38.6) // 44.3% (42.5)",
        "shotsAgainst": "46.2% (31.6) // 40.3% (28.4) // 40.0% (28.2) // 43.9% (32.5)",
        "scoringAgainst": "45.2% (28.9) // 39.1% (25.5) // 38.8% (22.6) // 39.3% (23.0)",
        "oppCorsi": "47.2% (52.4) // 46.3% (50.3) // 48.9% (54.0) // 60.5% (60.5)",
        "oppFenwick": "47.9% (39.2) // 47.2% (37.7) // 52.2% (41.8) // 61.0% (44.5)",
        "oppShots": "48.4% (28.5) // 47.5% (27.8) // 52.2% (30.0) // 61.8% (31.5)",
        "oppScoring": "45.9% (25.8) // 45.0% (25.7) // 46.9% (28.8) // 60.4% (30.5)",
        "oppCorsiAgainst": "52.8% (58.6) // 53.7% (58.4) // 51.1% (56.5) // 39.5% (39.5)",
        "oppFenwickAgainst": "52.1% (42.8) // 52.8% (42.2) // 47.8% (38.2) // 39.0% (28.5)",
        "oppShotsAgainst": "51.6% (30.3) // 52.5% (30.7) // 47.8% (27.5) // 38.2% (19.5)",
        "oppScoringAgainst": "54.1% (30.4) // 55.0% (31.4) // 53.1% (32.5) // 39.6% (20.0)",
        "savesPerGame": 28.5,
        "savesPerGameLast1": 33.0,
        "savesPerGameLast3": 26.7,
        "savesPerGameLast5": 24.6,
        "savesPer60": 28.3,
        "savesPer60Last1": 33.0,
        "savesPer60Last3": 27.3,
        "savesPer60Last5": 25.2,
        "shotsPerGame": 37.0,
        "shotsPerGameLast5": 41.6,
        "shotsAgainstPerGame": 31.8,
        "shotsAgainstPerGameLast5": 27.8,
        "oppSavesAgainstPer60": 26.0,
        "oppSavesAgainstPer60Last1": 34.6,
        "oppSavesAgainstPer60Last3": 28.5,
        "oppSavesAgainstPer60Last5": 30.5,
        "oppShotsAgainstPerGame": 30.7,
        "oppShotsAgainstPerGameLast5": 26.0,
        "savesProj": 26.7,
        "savesProjLast5": 27.1,
        "savesProjLast3": 27.1,
        "oppSavesAgainstProj": 26.5,
        "oppSavesAgainstProjLast5": 29.4,
        "oppSavesAgainstProjLast3": 27.4,
        "totalOver": 53,
        "totalOverLast5": 80,
        "lastTotalOver": 50,
        "last5": "1,2,2,1,0,2,0,1,0,0",
        "overOdds": "-155",
        "underOdds": "+125",
        "overUnder": "-155 / +125"
    },
    {
        "player": "Brandon Montour",
        "team": "FLA",
        "opponent": "DET",
        "propType": "ast",
        "line": 0.5,
        "ppLine": "PP1",
        "avg": 0.69,
        "hit": false,
        "diffAvg": 0.38,
        "diffAbs": 0.2,
        "lastAvg": 0.29,
        "diff": -0.42,
        "avgMin": 24,
        "proj": 0.4,
        "lastAvgMin": 17.88,
        "oppOver": 0,
        "teamOver": 0,
        "gameLine": "-180",
        "+/-": "+8",
        "L5_+/-": "+8.0",
        "prevMatchup": "2023-01-06 1.0 ast, 2022-12-08 0.0 ast",
        "winLossSplits": "0.86 - 0.53",
        "awayHome": "A",
        "playedYesterday": "N",
        "awayHomeSplits": "0.61 - 0.76",
        "savesAboveExp": -0.011,
        "gsaa": -5.11,
        "corsi": "54.3% (66.4) // 60.7% (75.5) // 60.5% (70.6) // 59.4% (69.5)",
        "fenwick": "53.7% (50.0) // 59.5% (56.6) // 58.2% (53.6) // 55.7% (53.5)",
        "shots": "53.8% (36.8) // 59.7% (42.1) // 60.0% (42.2) // 56.1% (41.5)",
        "scoring": "54.8% (35.0) // 60.9% (39.7) // 61.2% (35.7) // 60.7% (35.5)",
        "corsiAgainst": "45.7% (55.9) // 39.3% (48.9) // 39.5% (46.1) // 40.6% (47.5)",
        "fenwickAgainst": "46.3% (43.2) // 40.5% (38.5) // 41.8% (38.6) // 44.3% (42.5)",
        "shotsAgainst": "46.2% (31.6) // 40.3% (28.4) // 40.0% (28.2) // 43.9% (32.5)",
        "scoringAgainst": "45.2% (28.9) // 39.1% (25.5) // 38.8% (22.6) // 39.3% (23.0)",
        "oppCorsi": "47.2% (52.4) // 46.3% (50.3) // 48.9% (54.0) // 60.5% (60.5)",
        "oppFenwick": "47.9% (39.2) // 47.2% (37.7) // 52.2% (41.8) // 61.0% (44.5)",
        "oppShots": "48.4% (28.5) // 47.5% (27.8) // 52.2% (30.0) // 61.8% (31.5)",
        "oppScoring": "45.9% (25.8) // 45.0% (25.7) // 46.9% (28.8) // 60.4% (30.5)",
        "oppCorsiAgainst": "52.8% (58.6) // 53.7% (58.4) // 51.1% (56.5) // 39.5% (39.5)",
        "oppFenwickAgainst": "52.1% (42.8) // 52.8% (42.2) // 47.8% (38.2) // 39.0% (28.5)",
        "oppShotsAgainst": "51.6% (30.3) // 52.5% (30.7) // 47.8% (27.5) // 38.2% (19.5)",
        "oppScoringAgainst": "54.1% (30.4) // 55.0% (31.4) // 53.1% (32.5) // 39.6% (20.0)",
        "savesPerGame": 28.5,
        "savesPerGameLast1": 33.0,
        "savesPerGameLast3": 26.7,
        "savesPerGameLast5": 24.6,
        "savesPer60": 28.3,
        "savesPer60Last1": 33.0,
        "savesPer60Last3": 27.3,
        "savesPer60Last5": 25.2,
        "shotsPerGame": 37.0,
        "shotsPerGameLast5": 41.6,
        "shotsAgainstPerGame": 31.8,
        "shotsAgainstPerGameLast5": 27.8,
        "oppSavesAgainstPer60": 26.0,
        "oppSavesAgainstPer60Last1": 34.6,
        "oppSavesAgainstPer60Last3": 28.5,
        "oppSavesAgainstPer60Last5": 30.5,
        "oppShotsAgainstPerGame": 30.7,
        "oppShotsAgainstPerGameLast5": 26.0,
        "savesProj": 26.7,
        "savesProjLast5": 27.1,
        "savesProjLast3": 27.1,
        "oppSavesAgainstProj": 26.5,
        "oppSavesAgainstProjLast5": 29.4,
        "oppSavesAgainstProjLast3": 27.4,
        "totalOver": 51,
        "totalOverLast5": 80,
        "lastTotalOver": 23,
        "last5": "2,1,2,1,0,2,0,0,0,0",
        "overOdds": "-110",
        "underOdds": "-120",
        "overUnder": "-110 / -120"
    },
    {
        "player": "Carter Verhaeghe",
        "team": "FLA",
        "opponent": "DET",
        "propType": "ast",
        "line": 0.5,
        "ppLine": "PP1",
        "avg": 0.4,
        "hit": false,
        "diffAvg": -0.2,
        "diffAbs": 0.2,
        "lastAvg": 0.35,
        "diff": -0.3,
        "avgMin": 17,
        "proj": 0.4,
        "lastAvgMin": 16.05,
        "oppOver": 0,
        "teamOver": 0,
        "gameLine": "-180",
        "+/-": "+14",
        "L5_+/-": "+8.0",
        "prevMatchup": "2023-01-06 0.0 ast, 2022-12-08 1.0 ast",
        "winLossSplits": "0.55 - 0.25",
        "awayHome": "A",
        "playedYesterday": "N",
        "awayHomeSplits": "0.35 - 0.44",
        "savesAboveExp": -0.011,
        "gsaa": -5.11,
        "corsi": "54.3% (66.4) // 60.7% (75.5) // 60.5% (70.6) // 59.4% (69.5)",
        "fenwick": "53.7% (50.0) // 59.5% (56.6) // 58.2% (53.6) // 55.7% (53.5)",
        "shots": "53.8% (36.8) // 59.7% (42.1) // 60.0% (42.2) // 56.1% (41.5)",
        "scoring": "54.8% (35.0) // 60.9% (39.7) // 61.2% (35.7) // 60.7% (35.5)",
        "corsiAgainst": "45.7% (55.9) // 39.3% (48.9) // 39.5% (46.1) // 40.6% (47.5)",
        "fenwickAgainst": "46.3% (43.2) // 40.5% (38.5) // 41.8% (38.6) // 44.3% (42.5)",
        "shotsAgainst": "46.2% (31.6) // 40.3% (28.4) // 40.0% (28.2) // 43.9% (32.5)",
        "scoringAgainst": "45.2% (28.9) // 39.1% (25.5) // 38.8% (22.6) // 39.3% (23.0)",
        "oppCorsi": "47.2% (52.4) // 46.3% (50.3) // 48.9% (54.0) // 60.5% (60.5)",
        "oppFenwick": "47.9% (39.2) // 47.2% (37.7) // 52.2% (41.8) // 61.0% (44.5)",
        "oppShots": "48.4% (28.5) // 47.5% (27.8) // 52.2% (30.0) // 61.8% (31.5)",
        "oppScoring": "45.9% (25.8) // 45.0% (25.7) // 46.9% (28.8) // 60.4% (30.5)",
        "oppCorsiAgainst": "52.8% (58.6) // 53.7% (58.4) // 51.1% (56.5) // 39.5% (39.5)",
        "oppFenwickAgainst": "52.1% (42.8) // 52.8% (42.2) // 47.8% (38.2) // 39.0% (28.5)",
        "oppShotsAgainst": "51.6% (30.3) // 52.5% (30.7) // 47.8% (27.5) // 38.2% (19.5)",
        "oppScoringAgainst": "54.1% (30.4) // 55.0% (31.4) // 53.1% (32.5) // 39.6% (20.0)",
        "savesPerGame": 28.5,
        "savesPerGameLast1": 33.0,
        "savesPerGameLast3": 26.7,
        "savesPerGameLast5": 24.6,
        "savesPer60": 28.3,
        "savesPer60Last1": 33.0,
        "savesPer60Last3": 27.3,
        "savesPer60Last5": 25.2,
        "shotsPerGame": 37.0,
        "shotsPerGameLast5": 41.6,
        "shotsAgainstPerGame": 31.8,
        "shotsAgainstPerGameLast5": 27.8,
        "oppSavesAgainstPer60": 26.0,
        "oppSavesAgainstPer60Last1": 34.6,
        "oppSavesAgainstPer60Last3": 28.5,
        "oppSavesAgainstPer60Last5": 30.5,
        "oppShotsAgainstPerGame": 30.7,
        "oppShotsAgainstPerGameLast5": 26.0,
        "savesProj": 26.7,
        "savesProjLast5": 27.1,
        "savesProjLast3": 27.1,
        "oppSavesAgainstProj": 26.5,
        "oppSavesAgainstProjLast5": 29.4,
        "oppSavesAgainstProjLast3": 27.4,
        "totalOver": 35,
        "totalOverLast5": 60,
        "lastTotalOver": 32,
        "last5": "2,0,1,1,0,1,0,0,0,0",
        "overOdds": "+155",
        "underOdds": "-190",
        "overUnder": "+155 / -190"
    },
    {
        "player": "David Perron",
        "team": "DET",
        "opponent": "FLA",
        "propType": "ast",
        "line": 0.5,
        "ppLine": "PP1",
        "avg": 0.37,
        "hit": false,
        "diffAvg": -0.26,
        "diffAbs": 0.2,
        "lastAvg": 0.38,
        "diff": -0.24,
        "avgMin": 16,
        "proj": 0.4,
        "lastAvgMin": 16.98,
        "oppOver": 0,
        "teamOver": 0,
        "gameLine": "+155",
        "+/-": -7,
        "L5_+/-": -6.0,
        "prevMatchup": "2023-01-06 0.0 ast, 2022-12-08 0.0 ast",
        "winLossSplits": "0.58 - 0.17",
        "awayHome": "H",
        "playedYesterday": "N",
        "awayHomeSplits": "0.41 - 0.32",
        "savesAboveExp": -0.102,
        "gsaa": -1.04,
        "corsi": "47.2% (52.4) // 46.3% (50.3) // 48.9% (54.0) // 60.5% (60.5)",
        "fenwick": "47.9% (39.2) // 47.2% (37.7) // 52.2% (41.8) // 61.0% (44.5)",
        "shots": "48.4% (28.5) // 47.5% (27.8) // 52.2% (30.0) // 61.8% (31.5)",
        "scoring": "45.9% (25.8) // 45.0% (25.7) // 46.9% (28.8) // 60.4% (30.5)",
        "corsiAgainst": "52.8% (58.6) // 53.7% (58.4) // 51.1% (56.5) // 39.5% (39.5)",
        "fenwickAgainst": "52.1% (42.8) // 52.8% (42.2) // 47.8% (38.2) // 39.0% (28.5)",
        "shotsAgainst": "51.6% (30.3) // 52.5% (30.7) // 47.8% (27.5) // 38.2% (19.5)",
        "scoringAgainst": "54.1% (30.4) // 55.0% (31.4) // 53.1% (32.5) // 39.6% (20.0)",
        "oppCorsi": "54.3% (66.4) // 60.7% (75.5) // 60.5% (70.6) // 59.4% (69.5)",
        "oppFenwick": "53.7% (50.0) // 59.5% (56.6) // 58.2% (53.6) // 55.7% (53.5)",
        "oppShots": "53.8% (36.8) // 59.7% (42.1) // 60.0% (42.2) // 56.1% (41.5)",
        "oppScoring": "54.8% (35.0) // 60.9% (39.7) // 61.2% (35.7) // 60.7% (35.5)",
        "oppCorsiAgainst": "45.7% (55.9) // 39.3% (48.9) // 39.5% (46.1) // 40.6% (47.5)",
        "oppFenwickAgainst": "46.3% (43.2) // 40.5% (38.5) // 41.8% (38.6) // 44.3% (42.5)",
        "oppShotsAgainst": "46.2% (31.6) // 40.3% (28.4) // 40.0% (28.2) // 43.9% (32.5)",
        "oppScoringAgainst": "45.2% (28.9) // 39.1% (25.5) // 38.8% (22.6) // 39.3% (23.0)",
        "savesPerGame": 27.5,
        "savesPerGameLast1": 18.0,
        "savesPerGameLast3": 20.7,
        "savesPerGameLast5": 22.8,
        "savesPer60": 27.5,
        "savesPer60Last1": 18.0,
        "savesPer60Last3": 20.3,
        "savesPer60Last5": 22.4,
        "shotsPerGame": 28.8,
        "shotsPerGameLast5": 32.2,
        "shotsAgainstPerGame": 30.7,
        "shotsAgainstPerGameLast5": 26.0,
        "oppSavesAgainstPer60": 33.5,
        "oppSavesAgainstPer60Last1": 38.0,
        "oppSavesAgainstPer60Last3": 37.7,
        "oppSavesAgainstPer60Last5": 36.9,
        "oppShotsAgainstPerGame": 31.8,
        "oppShotsAgainstPerGameLast5": 27.8,
        "savesProj": 32.7,
        "savesProjLast5": 30.6,
        "savesProjLast3": 27.3,
        "oppSavesAgainstProj": 32.5,
        "oppSavesAgainstProjLast5": 29.8,
        "oppSavesAgainstProjLast3": 26.9,
        "totalOver": 28,
        "totalOverLast5": 40,
        "lastTotalOver": 37,
        "last5": "0,0,0,1,1,0,0,0,0,0",
        "overOdds": "+165",
        "underOdds": "-205",
        "overUnder": "+165 / -205"
    },
    {
        "player": "Dominik Kubalik",
        "team": "DET",
        "opponent": "FLA",
        "propType": "ast",
        "line": 0.5,
        "ppLine": "PP2",
        "avg": 0.31,
        "hit": false,
        "diffAvg": -0.38,
        "diffAbs": 0.6,
        "lastAvg": 0.22,
        "diff": -0.56,
        "avgMin": 14,
        "proj": 0.2,
        "lastAvgMin": 14.52,
        "oppOver": 0,
        "teamOver": 0,
        "gameLine": "+155",
        "+/-": -12,
        "L5_+/-": -5.0,
        "prevMatchup": "2023-01-06 0.0 ast, 2022-12-08 0.0 ast",
        "winLossSplits": "0.33 - 0.22",
        "awayHome": "H",
        "playedYesterday": "N",
        "awayHomeSplits": "0.15 - 0.48",
        "savesAboveExp": -0.102,
        "gsaa": -1.04,
        "corsi": "47.2% (52.4) // 46.3% (50.3) // 48.9% (54.0) // 60.5% (60.5)",
        "fenwick": "47.9% (39.2) // 47.2% (37.7) // 52.2% (41.8) // 61.0% (44.5)",
        "shots": "48.4% (28.5) // 47.5% (27.8) // 52.2% (30.0) // 61.8% (31.5)",
        "scoring": "45.9% (25.8) // 45.0% (25.7) // 46.9% (28.8) // 60.4% (30.5)",
        "corsiAgainst": "52.8% (58.6) // 53.7% (58.4) // 51.1% (56.5) // 39.5% (39.5)",
        "fenwickAgainst": "52.1% (42.8) // 52.8% (42.2) // 47.8% (38.2) // 39.0% (28.5)",
        "shotsAgainst": "51.6% (30.3) // 52.5% (30.7) // 47.8% (27.5) // 38.2% (19.5)",
        "scoringAgainst": "54.1% (30.4) // 55.0% (31.4) // 53.1% (32.5) // 39.6% (20.0)",
        "oppCorsi": "54.3% (66.4) // 60.7% (75.5) // 60.5% (70.6) // 59.4% (69.5)",
        "oppFenwick": "53.7% (50.0) // 59.5% (56.6) // 58.2% (53.6) // 55.7% (53.5)",
        "oppShots": "53.8% (36.8) // 59.7% (42.1) // 60.0% (42.2) // 56.1% (41.5)",
        "oppScoring": "54.8% (35.0) // 60.9% (39.7) // 61.2% (35.7) // 60.7% (35.5)",
        "oppCorsiAgainst": "45.7% (55.9) // 39.3% (48.9) // 39.5% (46.1) // 40.6% (47.5)",
        "oppFenwickAgainst": "46.3% (43.2) // 40.5% (38.5) // 41.8% (38.6) // 44.3% (42.5)",
        "oppShotsAgainst": "46.2% (31.6) // 40.3% (28.4) // 40.0% (28.2) // 43.9% (32.5)",
        "oppScoringAgainst": "45.2% (28.9) // 39.1% (25.5) // 38.8% (22.6) // 39.3% (23.0)",
        "savesPerGame": 27.5,
        "savesPerGameLast1": 18.0,
        "savesPerGameLast3": 20.7,
        "savesPerGameLast5": 22.8,
        "savesPer60": 27.5,
        "savesPer60Last1": 18.0,
        "savesPer60Last3": 20.3,
        "savesPer60Last5": 22.4,
        "shotsPerGame": 28.8,
        "shotsPerGameLast5": 32.2,
        "shotsAgainstPerGame": 30.7,
        "shotsAgainstPerGameLast5": 26.0,
        "oppSavesAgainstPer60": 33.5,
        "oppSavesAgainstPer60Last1": 38.0,
        "oppSavesAgainstPer60Last3": 37.7,
        "oppSavesAgainstPer60Last5": 36.9,
        "oppShotsAgainstPerGame": 31.8,
        "oppShotsAgainstPerGameLast5": 27.8,
        "savesProj": 32.7,
        "savesProjLast5": 30.6,
        "savesProjLast3": 27.3,
        "oppSavesAgainstProj": 32.5,
        "oppSavesAgainstProjLast5": 29.8,
        "oppSavesAgainstProjLast3": 26.9,
        "totalOver": 28,
        "totalOverLast5": 0,
        "lastTotalOver": 19,
        "last5": "0,0,0,0,0,0,0,0,0,0",
        "overOdds": "+260",
        "underOdds": "-335",
        "overUnder": "+260 / -335"
    },
    {
        "player": "Dylan Larkin",
        "team": "DET",
        "opponent": "FLA",
        "propType": "ast",
        "line": 0.5,
        "ppLine": "PP1",
        "avg": 0.6,
        "hit": false,
        "diffAvg": 0.2,
        "diffAbs": 0.0,
        "lastAvg": 0.53,
        "diff": 0.06,
        "avgMin": 19,
        "proj": 0.5,
        "lastAvgMin": 19.65,
        "oppOver": 0,
        "teamOver": 0,
        "gameLine": "+155",
        "+/-": -5,
        "L5_+/-": -5.0,
        "prevMatchup": "2023-01-06 0.0 ast, 2022-12-08 0.0 ast",
        "winLossSplits": "0.93 - 0.31",
        "awayHome": "H",
        "playedYesterday": "N",
        "awayHomeSplits": "0.48 - 0.71",
        "savesAboveExp": -0.102,
        "gsaa": -1.04,
        "corsi": "47.2% (52.4) // 46.3% (50.3) // 48.9% (54.0) // 60.5% (60.5)",
        "fenwick": "47.9% (39.2) // 47.2% (37.7) // 52.2% (41.8) // 61.0% (44.5)",
        "shots": "48.4% (28.5) // 47.5% (27.8) // 52.2% (30.0) // 61.8% (31.5)",
        "scoring": "45.9% (25.8) // 45.0% (25.7) // 46.9% (28.8) // 60.4% (30.5)",
        "corsiAgainst": "52.8% (58.6) // 53.7% (58.4) // 51.1% (56.5) // 39.5% (39.5)",
        "fenwickAgainst": "52.1% (42.8) // 52.8% (42.2) // 47.8% (38.2) // 39.0% (28.5)",
        "shotsAgainst": "51.6% (30.3) // 52.5% (30.7) // 47.8% (27.5) // 38.2% (19.5)",
        "scoringAgainst": "54.1% (30.4) // 55.0% (31.4) // 53.1% (32.5) // 39.6% (20.0)",
        "oppCorsi": "54.3% (66.4) // 60.7% (75.5) // 60.5% (70.6) // 59.4% (69.5)",
        "oppFenwick": "53.7% (50.0) // 59.5% (56.6) // 58.2% (53.6) // 55.7% (53.5)",
        "oppShots": "53.8% (36.8) // 59.7% (42.1) // 60.0% (42.2) // 56.1% (41.5)",
        "oppScoring": "54.8% (35.0) // 60.9% (39.7) // 61.2% (35.7) // 60.7% (35.5)",
        "oppCorsiAgainst": "45.7% (55.9) // 39.3% (48.9) // 39.5% (46.1) // 40.6% (47.5)",
        "oppFenwickAgainst": "46.3% (43.2) // 40.5% (38.5) // 41.8% (38.6) // 44.3% (42.5)",
        "oppShotsAgainst": "46.2% (31.6) // 40.3% (28.4) // 40.0% (28.2) // 43.9% (32.5)",
        "oppScoringAgainst": "45.2% (28.9) // 39.1% (25.5) // 38.8% (22.6) // 39.3% (23.0)",
        "savesPerGame": 27.5,
        "savesPerGameLast1": 18.0,
        "savesPerGameLast3": 20.7,
        "savesPerGameLast5": 22.8,
        "savesPer60": 27.5,
        "savesPer60Last1": 18.0,
        "savesPer60Last3": 20.3,
        "savesPer60Last5": 22.4,
        "shotsPerGame": 28.8,
        "shotsPerGameLast5": 32.2,
        "shotsAgainstPerGame": 30.7,
        "shotsAgainstPerGameLast5": 26.0,
        "oppSavesAgainstPer60": 33.5,
        "oppSavesAgainstPer60Last1": 38.0,
        "oppSavesAgainstPer60Last3": 37.7,
        "oppSavesAgainstPer60Last5": 36.9,
        "oppShotsAgainstPerGame": 31.8,
        "oppShotsAgainstPerGameLast5": 27.8,
        "savesProj": 32.7,
        "savesProjLast5": 30.6,
        "savesProjLast3": 27.3,
        "oppSavesAgainstProj": 32.5,
        "oppSavesAgainstProjLast5": 29.8,
        "oppSavesAgainstProjLast3": 26.9,
        "totalOver": 48,
        "totalOverLast5": 60,
        "lastTotalOver": 37,
        "last5": "1,0,2,1,0,0,0,1,0,0",
        "overOdds": "-105",
        "underOdds": "-125",
        "overUnder": "-105 / -125"
    },
    {
        "player": "Lucas Raymond",
        "team": "DET",
        "opponent": "FLA",
        "propType": "ast",
        "line": 0.5,
        "ppLine": "PP1",
        "avg": 0.35,
        "hit": false,
        "diffAvg": -0.3,
        "diffAbs": 0.2,
        "lastAvg": 0.41,
        "diff": -0.18,
        "avgMin": 17,
        "proj": 0.4,
        "lastAvgMin": 18.15,
        "oppOver": 0,
        "teamOver": 0,
        "gameLine": "+155",
        "+/-": -15,
        "L5_+/-": -5.0,
        "prevMatchup": "2023-01-06 0.0 ast, 2022-12-08 1.0 ast",
        "winLossSplits": "0.62 - 0.18",
        "awayHome": "H",
        "playedYesterday": "N",
        "awayHomeSplits": "0.34 - 0.35",
        "savesAboveExp": -0.102,
        "gsaa": -1.04,
        "corsi": "47.2% (52.4) // 46.3% (50.3) // 48.9% (54.0) // 60.5% (60.5)",
        "fenwick": "47.9% (39.2) // 47.2% (37.7) // 52.2% (41.8) // 61.0% (44.5)",
        "shots": "48.4% (28.5) // 47.5% (27.8) // 52.2% (30.0) // 61.8% (31.5)",
        "scoring": "45.9% (25.8) // 45.0% (25.7) // 46.9% (28.8) // 60.4% (30.5)",
        "corsiAgainst": "52.8% (58.6) // 53.7% (58.4) // 51.1% (56.5) // 39.5% (39.5)",
        "fenwickAgainst": "52.1% (42.8) // 52.8% (42.2) // 47.8% (38.2) // 39.0% (28.5)",
        "shotsAgainst": "51.6% (30.3) // 52.5% (30.7) // 47.8% (27.5) // 38.2% (19.5)",
        "scoringAgainst": "54.1% (30.4) // 55.0% (31.4) // 53.1% (32.5) // 39.6% (20.0)",
        "oppCorsi": "54.3% (66.4) // 60.7% (75.5) // 60.5% (70.6) // 59.4% (69.5)",
        "oppFenwick": "53.7% (50.0) // 59.5% (56.6) // 58.2% (53.6) // 55.7% (53.5)",
        "oppShots": "53.8% (36.8) // 59.7% (42.1) // 60.0% (42.2) // 56.1% (41.5)",
        "oppScoring": "54.8% (35.0) // 60.9% (39.7) // 61.2% (35.7) // 60.7% (35.5)",
        "oppCorsiAgainst": "45.7% (55.9) // 39.3% (48.9) // 39.5% (46.1) // 40.6% (47.5)",
        "oppFenwickAgainst": "46.3% (43.2) // 40.5% (38.5) // 41.8% (38.6) // 44.3% (42.5)",
        "oppShotsAgainst": "46.2% (31.6) // 40.3% (28.4) // 40.0% (28.2) // 43.9% (32.5)",
        "oppScoringAgainst": "45.2% (28.9) // 39.1% (25.5) // 38.8% (22.6) // 39.3% (23.0)",
        "savesPerGame": 27.5,
        "savesPerGameLast1": 18.0,
        "savesPerGameLast3": 20.7,
        "savesPerGameLast5": 22.8,
        "savesPer60": 27.5,
        "savesPer60Last1": 18.0,
        "savesPer60Last3": 20.3,
        "savesPer60Last5": 22.4,
        "shotsPerGame": 28.8,
        "shotsPerGameLast5": 32.2,
        "shotsAgainstPerGame": 30.7,
        "shotsAgainstPerGameLast5": 26.0,
        "oppSavesAgainstPer60": 33.5,
        "oppSavesAgainstPer60Last1": 38.0,
        "oppSavesAgainstPer60Last3": 37.7,
        "oppSavesAgainstPer60Last5": 36.9,
        "oppShotsAgainstPerGame": 31.8,
        "oppShotsAgainstPerGameLast5": 27.8,
        "savesProj": 32.7,
        "savesProjLast5": 30.6,
        "savesProjLast3": 27.3,
        "oppSavesAgainstProj": 32.5,
        "oppSavesAgainstProjLast5": 29.8,
        "oppSavesAgainstProjLast3": 26.9,
        "totalOver": 23,
        "totalOverLast5": 40,
        "lastTotalOver": 35,
        "last5": "0,1,2,0,0,0,0,0,0,0",
        "overOdds": "+160",
        "underOdds": "-195",
        "overUnder": "+160 / -195"
    },
    {
        "player": "Matthew Tkachuk",
        "team": "FLA",
        "opponent": "DET",
        "propType": "ast",
        "line": 0.5,
        "ppLine": "PP1",
        "avg": 0.91,
        "hit": false,
        "diffAvg": 0.82,
        "diffAbs": 0.4,
        "lastAvg": 0.66,
        "diff": 0.32,
        "avgMin": 20,
        "proj": 0.7,
        "lastAvgMin": 17.88,
        "oppOver": 0,
        "teamOver": 0,
        "gameLine": "-180",
        "+/-": "+22",
        "L5_+/-": "+7.0",
        "prevMatchup": "2023-01-06 1.0 ast, 2022-12-08 1.0 ast",
        "winLossSplits": "1.3 - 0.53",
        "awayHome": "A",
        "playedYesterday": "N",
        "awayHomeSplits": "0.7 - 1.12",
        "savesAboveExp": -0.011,
        "gsaa": -5.11,
        "corsi": "54.3% (66.4) // 60.7% (75.5) // 60.5% (70.6) // 59.4% (69.5)",
        "fenwick": "53.7% (50.0) // 59.5% (56.6) // 58.2% (53.6) // 55.7% (53.5)",
        "shots": "53.8% (36.8) // 59.7% (42.1) // 60.0% (42.2) // 56.1% (41.5)",
        "scoring": "54.8% (35.0) // 60.9% (39.7) // 61.2% (35.7) // 60.7% (35.5)",
        "corsiAgainst": "45.7% (55.9) // 39.3% (48.9) // 39.5% (46.1) // 40.6% (47.5)",
        "fenwickAgainst": "46.3% (43.2) // 40.5% (38.5) // 41.8% (38.6) // 44.3% (42.5)",
        "shotsAgainst": "46.2% (31.6) // 40.3% (28.4) // 40.0% (28.2) // 43.9% (32.5)",
        "scoringAgainst": "45.2% (28.9) // 39.1% (25.5) // 38.8% (22.6) // 39.3% (23.0)",
        "oppCorsi": "47.2% (52.4) // 46.3% (50.3) // 48.9% (54.0) // 60.5% (60.5)",
        "oppFenwick": "47.9% (39.2) // 47.2% (37.7) // 52.2% (41.8) // 61.0% (44.5)",
        "oppShots": "48.4% (28.5) // 47.5% (27.8) // 52.2% (30.0) // 61.8% (31.5)",
        "oppScoring": "45.9% (25.8) // 45.0% (25.7) // 46.9% (28.8) // 60.4% (30.5)",
        "oppCorsiAgainst": "52.8% (58.6) // 53.7% (58.4) // 51.1% (56.5) // 39.5% (39.5)",
        "oppFenwickAgainst": "52.1% (42.8) // 52.8% (42.2) // 47.8% (38.2) // 39.0% (28.5)",
        "oppShotsAgainst": "51.6% (30.3) // 52.5% (30.7) // 47.8% (27.5) // 38.2% (19.5)",
        "oppScoringAgainst": "54.1% (30.4) // 55.0% (31.4) // 53.1% (32.5) // 39.6% (20.0)",
        "savesPerGame": 28.5,
        "savesPerGameLast1": 33.0,
        "savesPerGameLast3": 26.7,
        "savesPerGameLast5": 24.6,
        "savesPer60": 28.3,
        "savesPer60Last1": 33.0,
        "savesPer60Last3": 27.3,
        "savesPer60Last5": 25.2,
        "shotsPerGame": 37.0,
        "shotsPerGameLast5": 41.6,
        "shotsAgainstPerGame": 31.8,
        "shotsAgainstPerGameLast5": 27.8,
        "oppSavesAgainstPer60": 26.0,
        "oppSavesAgainstPer60Last1": 34.6,
        "oppSavesAgainstPer60Last3": 28.5,
        "oppSavesAgainstPer60Last5": 30.5,
        "oppShotsAgainstPerGame": 30.7,
        "oppShotsAgainstPerGameLast5": 26.0,
        "savesProj": 26.7,
        "savesProjLast5": 27.1,
        "savesProjLast3": 27.1,
        "oppSavesAgainstProj": 26.5,
        "oppSavesAgainstProjLast5": 29.4,
        "oppSavesAgainstProjLast3": 27.4,
        "totalOver": 59,
        "totalOverLast5": 60,
        "lastTotalOver": 49,
        "last5": "0,3,1,3,0,2,0,1,0,2",
        "overOdds": "-160",
        "underOdds": "+130",
        "overUnder": "-160 / +130"
    },
    {
        "player": "Moritz Seider",
        "team": "DET",
        "opponent": "FLA",
        "propType": "ast",
        "line": 0.5,
        "ppLine": "PP1",
        "avg": 0.44,
        "hit": false,
        "diffAvg": -0.12,
        "diffAbs": 0.0,
        "lastAvg": 0.52,
        "diff": 0.04,
        "avgMin": 23,
        "proj": 0.5,
        "lastAvgMin": 23.03,
        "oppOver": 0,
        "teamOver": 0,
        "gameLine": "+155",
        "+/-": -10,
        "L5_+/-": -1.0,
        "prevMatchup": "2023-01-06 0.0 ast, 2022-12-08 0.0 ast",
        "winLossSplits": "0.65 - 0.27",
        "awayHome": "H",
        "playedYesterday": "N",
        "awayHomeSplits": "0.41 - 0.47",
        "savesAboveExp": -0.102,
        "gsaa": -1.04,
        "corsi": "47.2% (52.4) // 46.3% (50.3) // 48.9% (54.0) // 60.5% (60.5)",
        "fenwick": "47.9% (39.2) // 47.2% (37.7) // 52.2% (41.8) // 61.0% (44.5)",
        "shots": "48.4% (28.5) // 47.5% (27.8) // 52.2% (30.0) // 61.8% (31.5)",
        "scoring": "45.9% (25.8) // 45.0% (25.7) // 46.9% (28.8) // 60.4% (30.5)",
        "corsiAgainst": "52.8% (58.6) // 53.7% (58.4) // 51.1% (56.5) // 39.5% (39.5)",
        "fenwickAgainst": "52.1% (42.8) // 52.8% (42.2) // 47.8% (38.2) // 39.0% (28.5)",
        "shotsAgainst": "51.6% (30.3) // 52.5% (30.7) // 47.8% (27.5) // 38.2% (19.5)",
        "scoringAgainst": "54.1% (30.4) // 55.0% (31.4) // 53.1% (32.5) // 39.6% (20.0)",
        "oppCorsi": "54.3% (66.4) // 60.7% (75.5) // 60.5% (70.6) // 59.4% (69.5)",
        "oppFenwick": "53.7% (50.0) // 59.5% (56.6) // 58.2% (53.6) // 55.7% (53.5)",
        "oppShots": "53.8% (36.8) // 59.7% (42.1) // 60.0% (42.2) // 56.1% (41.5)",
        "oppScoring": "54.8% (35.0) // 60.9% (39.7) // 61.2% (35.7) // 60.7% (35.5)",
        "oppCorsiAgainst": "45.7% (55.9) // 39.3% (48.9) // 39.5% (46.1) // 40.6% (47.5)",
        "oppFenwickAgainst": "46.3% (43.2) // 40.5% (38.5) // 41.8% (38.6) // 44.3% (42.5)",
        "oppShotsAgainst": "46.2% (31.6) // 40.3% (28.4) // 40.0% (28.2) // 43.9% (32.5)",
        "oppScoringAgainst": "45.2% (28.9) // 39.1% (25.5) // 38.8% (22.6) // 39.3% (23.0)",
        "savesPerGame": 27.5,
        "savesPerGameLast1": 18.0,
        "savesPerGameLast3": 20.7,
        "savesPerGameLast5": 22.8,
        "savesPer60": 27.5,
        "savesPer60Last1": 18.0,
        "savesPer60Last3": 20.3,
        "savesPer60Last5": 22.4,
        "shotsPerGame": 28.8,
        "shotsPerGameLast5": 32.2,
        "shotsAgainstPerGame": 30.7,
        "shotsAgainstPerGameLast5": 26.0,
        "oppSavesAgainstPer60": 33.5,
        "oppSavesAgainstPer60Last1": 38.0,
        "oppSavesAgainstPer60Last3": 37.7,
        "oppSavesAgainstPer60Last5": 36.9,
        "oppShotsAgainstPerGame": 31.8,
        "oppShotsAgainstPerGameLast5": 27.8,
        "savesProj": 32.7,
        "savesProjLast5": 30.6,
        "savesProjLast3": 27.3,
        "oppSavesAgainstProj": 32.5,
        "oppSavesAgainstProjLast5": 29.8,
        "oppSavesAgainstProjLast3": 26.9,
        "totalOver": 31,
        "totalOverLast5": 40,
        "lastTotalOver": 41,
        "last5": "0,0,1,0,1,0,1,1,0,0",
        "overOdds": "+155",
        "underOdds": "-190",
        "overUnder": "+155 / -190"
    },
    {
        "player": "Sam Bennett",
        "team": "FLA",
        "opponent": "DET",
        "propType": "ast",
        "line": 0.5,
        "ppLine": "PP2",
        "avg": 0.35,
        "hit": false,
        "diffAvg": -0.3,
        "diffAbs": 0.4,
        "lastAvg": 0.26,
        "diff": -0.48,
        "avgMin": 17,
        "proj": 0.3,
        "lastAvgMin": 16.93,
        "oppOver": 0,
        "teamOver": 0,
        "gameLine": "-180",
        "+/-": "+4",
        "L5_+/-": "+3.0",
        "prevMatchup": "2023-01-06 0.0 ast, 2022-12-08 1.0 ast",
        "winLossSplits": "0.4 - 0.28",
        "awayHome": "A",
        "playedYesterday": "N",
        "awayHomeSplits": "0.27 - 0.44",
        "savesAboveExp": -0.011,
        "gsaa": -5.11,
        "corsi": "54.3% (66.4) // 60.7% (75.5) // 60.5% (70.6) // 59.4% (69.5)",
        "fenwick": "53.7% (50.0) // 59.5% (56.6) // 58.2% (53.6) // 55.7% (53.5)",
        "shots": "53.8% (36.8) // 59.7% (42.1) // 60.0% (42.2) // 56.1% (41.5)",
        "scoring": "54.8% (35.0) // 60.9% (39.7) // 61.2% (35.7) // 60.7% (35.5)",
        "corsiAgainst": "45.7% (55.9) // 39.3% (48.9) // 39.5% (46.1) // 40.6% (47.5)",
        "fenwickAgainst": "46.3% (43.2) // 40.5% (38.5) // 41.8% (38.6) // 44.3% (42.5)",
        "shotsAgainst": "46.2% (31.6) // 40.3% (28.4) // 40.0% (28.2) // 43.9% (32.5)",
        "scoringAgainst": "45.2% (28.9) // 39.1% (25.5) // 38.8% (22.6) // 39.3% (23.0)",
        "oppCorsi": "47.2% (52.4) // 46.3% (50.3) // 48.9% (54.0) // 60.5% (60.5)",
        "oppFenwick": "47.9% (39.2) // 47.2% (37.7) // 52.2% (41.8) // 61.0% (44.5)",
        "oppShots": "48.4% (28.5) // 47.5% (27.8) // 52.2% (30.0) // 61.8% (31.5)",
        "oppScoring": "45.9% (25.8) // 45.0% (25.7) // 46.9% (28.8) // 60.4% (30.5)",
        "oppCorsiAgainst": "52.8% (58.6) // 53.7% (58.4) // 51.1% (56.5) // 39.5% (39.5)",
        "oppFenwickAgainst": "52.1% (42.8) // 52.8% (42.2) // 47.8% (38.2) // 39.0% (28.5)",
        "oppShotsAgainst": "51.6% (30.3) // 52.5% (30.7) // 47.8% (27.5) // 38.2% (19.5)",
        "oppScoringAgainst": "54.1% (30.4) // 55.0% (31.4) // 53.1% (32.5) // 39.6% (20.0)",
        "savesPerGame": 28.5,
        "savesPerGameLast1": 33.0,
        "savesPerGameLast3": 26.7,
        "savesPerGameLast5": 24.6,
        "savesPer60": 28.3,
        "savesPer60Last1": 33.0,
        "savesPer60Last3": 27.3,
        "savesPer60Last5": 25.2,
        "shotsPerGame": 37.0,
        "shotsPerGameLast5": 41.6,
        "shotsAgainstPerGame": 31.8,
        "shotsAgainstPerGameLast5": 27.8,
        "oppSavesAgainstPer60": 26.0,
        "oppSavesAgainstPer60Last1": 34.6,
        "oppSavesAgainstPer60Last3": 28.5,
        "oppSavesAgainstPer60Last5": 30.5,
        "oppShotsAgainstPerGame": 30.7,
        "oppShotsAgainstPerGameLast5": 26.0,
        "savesProj": 26.7,
        "savesProjLast5": 27.1,
        "savesProjLast3": 27.1,
        "oppSavesAgainstProj": 26.5,
        "oppSavesAgainstProjLast5": 29.4,
        "oppSavesAgainstProjLast3": 27.4,
        "totalOver": 24,
        "totalOverLast5": 20,
        "lastTotalOver": 26,
        "last5": "0,1,0,0,0,0,0,0,0,0",
        "overOdds": "+240",
        "underOdds": "-305",
        "overUnder": "+240 / -305"
    },
    {
        "player": "Sam Reinhart",
        "team": "FLA",
        "opponent": "DET",
        "propType": "ast",
        "line": 0.5,
        "ppLine": "PP1",
        "avg": 0.36,
        "hit": false,
        "diffAvg": -0.28,
        "diffAbs": 0.2,
        "lastAvg": 0.56,
        "diff": 0.12,
        "avgMin": 19,
        "proj": 0.6,
        "lastAvgMin": 17.75,
        "oppOver": 0,
        "teamOver": 0,
        "gameLine": "-180",
        "+/-": -15,
        "L5_+/-": -2.0,
        "prevMatchup": "2023-01-06 0.0 ast, 2022-12-08 1.0 ast",
        "winLossSplits": "0.4 - 0.29",
        "awayHome": "A",
        "playedYesterday": "N",
        "awayHomeSplits": "0.35 - 0.37",
        "savesAboveExp": -0.011,
        "gsaa": -5.11,
        "corsi": "54.3% (66.4) // 60.7% (75.5) // 60.5% (70.6) // 59.4% (69.5)",
        "fenwick": "53.7% (50.0) // 59.5% (56.6) // 58.2% (53.6) // 55.7% (53.5)",
        "shots": "53.8% (36.8) // 59.7% (42.1) // 60.0% (42.2) // 56.1% (41.5)",
        "scoring": "54.8% (35.0) // 60.9% (39.7) // 61.2% (35.7) // 60.7% (35.5)",
        "corsiAgainst": "45.7% (55.9) // 39.3% (48.9) // 39.5% (46.1) // 40.6% (47.5)",
        "fenwickAgainst": "46.3% (43.2) // 40.5% (38.5) // 41.8% (38.6) // 44.3% (42.5)",
        "shotsAgainst": "46.2% (31.6) // 40.3% (28.4) // 40.0% (28.2) // 43.9% (32.5)",
        "scoringAgainst": "45.2% (28.9) // 39.1% (25.5) // 38.8% (22.6) // 39.3% (23.0)",
        "oppCorsi": "47.2% (52.4) // 46.3% (50.3) // 48.9% (54.0) // 60.5% (60.5)",
        "oppFenwick": "47.9% (39.2) // 47.2% (37.7) // 52.2% (41.8) // 61.0% (44.5)",
        "oppShots": "48.4% (28.5) // 47.5% (27.8) // 52.2% (30.0) // 61.8% (31.5)",
        "oppScoring": "45.9% (25.8) // 45.0% (25.7) // 46.9% (28.8) // 60.4% (30.5)",
        "oppCorsiAgainst": "52.8% (58.6) // 53.7% (58.4) // 51.1% (56.5) // 39.5% (39.5)",
        "oppFenwickAgainst": "52.1% (42.8) // 52.8% (42.2) // 47.8% (38.2) // 39.0% (28.5)",
        "oppShotsAgainst": "51.6% (30.3) // 52.5% (30.7) // 47.8% (27.5) // 38.2% (19.5)",
        "oppScoringAgainst": "54.1% (30.4) // 55.0% (31.4) // 53.1% (32.5) // 39.6% (20.0)",
        "savesPerGame": 28.5,
        "savesPerGameLast1": 33.0,
        "savesPerGameLast3": 26.7,
        "savesPerGameLast5": 24.6,
        "savesPer60": 28.3,
        "savesPer60Last1": 33.0,
        "savesPer60Last3": 27.3,
        "savesPer60Last5": 25.2,
        "shotsPerGame": 37.0,
        "shotsPerGameLast5": 41.6,
        "shotsAgainstPerGame": 31.8,
        "shotsAgainstPerGameLast5": 27.8,
        "oppSavesAgainstPer60": 26.0,
        "oppSavesAgainstPer60Last1": 34.6,
        "oppSavesAgainstPer60Last3": 28.5,
        "oppSavesAgainstPer60Last5": 30.5,
        "oppShotsAgainstPerGame": 30.7,
        "oppShotsAgainstPerGameLast5": 26.0,
        "savesProj": 26.7,
        "savesProjLast5": 27.1,
        "savesProjLast3": 27.1,
        "oppSavesAgainstProj": 26.5,
        "oppSavesAgainstProjLast5": 29.4,
        "oppSavesAgainstProjLast3": 27.4,
        "totalOver": 30,
        "totalOverLast5": 20,
        "lastTotalOver": 42,
        "last5": "0,0,1,0,0,0,0,0,0,0",
        "overOdds": "+140",
        "underOdds": "-175",
        "overUnder": "+140 / -175"
    },
    {
        "player": "Andrew Copp",
        "team": "DET",
        "opponent": "FLA",
        "propType": "ast",
        "line": 0.5,
        "ppLine": "PP2",
        "avg": 0.44,
        "hit": false,
        "diffAvg": -0.12,
        "diffAbs": 0.4,
        "lastAvg": 0.35,
        "diff": -0.3,
        "avgMin": 17,
        "proj": 0.3,
        "lastAvgMin": 19.17,
        "oppOver": 0,
        "teamOver": 0,
        "gameLine": "+155",
        "+/-": "+3",
        "L5_+/-": -5.0,
        "prevMatchup": "2023-01-06 1.0 ast, 2022-12-08 1.0 ast",
        "winLossSplits": "0.59 - 0.29",
        "awayHome": "H",
        "playedYesterday": "N",
        "awayHomeSplits": "0.5 - 0.38",
        "savesAboveExp": -0.102,
        "gsaa": -1.04,
        "corsi": "47.2% (52.4) // 46.3% (50.3) // 48.9% (54.0) // 60.5% (60.5)",
        "fenwick": "47.9% (39.2) // 47.2% (37.7) // 52.2% (41.8) // 61.0% (44.5)",
        "shots": "48.4% (28.5) // 47.5% (27.8) // 52.2% (30.0) // 61.8% (31.5)",
        "scoring": "45.9% (25.8) // 45.0% (25.7) // 46.9% (28.8) // 60.4% (30.5)",
