[
    {
        "player": "Aaron Ekblad",
        "team": "FLA",
        "opponent": "DET",
        "propType": "sog",
        "line": 3.5,
        "ppLine": "PP2",
        "avg": 3.19,
        "hit": false,
        "diffAvg": -0.09,
        "diffAbs": 0.34,
        "lastAvg": 2.54,
        "diff": -0.27,
        "avgMin": 23,
        "proj": 2.3,
        "lastAvgMin": 24.92,
        "oppOver": 0,
        "teamOver": 0,
        "gameLine": "-180",
        "+/-": -14,
        "L5_+/-": 0.0,
        "prevMatchup": "2023-01-06 2.0 sog, 2022-12-08 5.0 sog",
        "winLossSplits": "3.02 - 3.13",
        "awayHome": "A",
        "playedYesterday": "N",
        "awayHomeSplits": "2.68 - 3.67",
        "savesAboveExp": -0.011,
        "gsaa": -5.11,
        "corsi": "54.3% (66.4) // 60.7% (75.5) // 60.5% (70.6) // 59.4% (69.5)",
        "fenwick": "53.7% (50.0) // 59.5% (56.6) // 58.2% (53.6) // 55.7% (53.5)",
        "shots": "53.8% (36.8) // 59.7% (42.1) // 60.0% (42.2) // 56.1% (41.5)",
        "scoring": "54.8% (35.0) // 60.9% (39.7) // 61.2% (35.7) // 60.7% (35.5)",
        "corsiAgainst": "45.7% (55.9) // 39.3% (48.9) // 39.5% (46.1) // 40.6% (47.5)",
        "fenwickAgainst": "46.3% (43.2) // 40.5% (38.5) // 41.8% (38.6) // 44.3% (42.5)",
        "shotsAgainst": "46.2% (31.6) // 40.3% (28.4) // 40.0% (28.2) // 43.9% (32.5)",
        "scoringAgainst": "45.2% (28.9) // 39.1% (25.5) // 38.8% (22.6) // 39.3% (23.0)",
        "oppCorsi": "47.2% (52.4) // 46.3% (50.3) // 48.9% (54.0) // 60.5% (60.5)",
        "oppFenwick": "47.9% (39.2) // 47.2% (37.7) // 52.2% (41.8) // 61.0% (44.5)",
        "oppShots": "48.4% (28.5) // 47.5% (27.8) // 52.2% (30.0) // 61.8% (31.5)",
        "oppScoring": "45.9% (25.8) // 45.0% (25.7) // 46.9% (28.8) // 60.4% (30.5)",
        "oppCorsiAgainst": "52.8% (58.6) // 53.7% (58.4) // 51.1% (56.5) // 39.5% (39.5)",
        "oppFenwickAgainst": "52.1% (42.8) // 52.8% (42.2) // 47.8% (38.2) // 39.0% (28.5)",
        "oppShotsAgainst": "51.6% (30.3) // 52.5% (30.7) // 47.8% (27.5) // 38.2% (19.5)",
        "oppScoringAgainst": "54.1% (30.4) // 55.0% (31.4) // 53.1% (32.5) // 39.6% (20.0)",
        "savesPerGame": 28.5,
        "savesPerGameLast1": 33.0,
        "savesPerGameLast3": 26.7,
        "savesPerGameLast5": 24.6,
        "savesPer60": 28.3,
        "savesPer60Last1": 33.0,
        "savesPer60Last3": 27.3,
        "savesPer60Last5": 25.2,
        "shotsPerGame": 37.0,
        "shotsPerGameLast5": 41.6,
        "shotsAgainstPerGame": 31.8,
        "shotsAgainstPerGameLast5": 27.8,
        "oppSavesAgainstPer60": 26.0,
        "oppSavesAgainstPer60Last1": 34.6,
        "oppSavesAgainstPer60Last3": 28.5,
        "oppSavesAgainstPer60Last5": 30.5,
        "oppShotsAgainstPerGame": 30.7,
        "oppShotsAgainstPerGameLast5": 26.0,
        "savesProj": 26.7,
        "savesProjLast5": 27.1,
        "savesProjLast3": 27.1,
        "oppSavesAgainstProj": 26.5,
        "oppSavesAgainstProjLast5": 29.4,
        "oppSavesAgainstProjLast3": 27.4,
        "totalOver": 45,
        "totalOverLast5": 80,
        "lastTotalOver": 27,
        "last5": "4,5,2,4,4,4,5,2,7,4",
        "overOdds": "+120",
        "underOdds": "-150",
        "overUnder": "+120 / -150"
    },
    {
        "player": "Aleksander Barkov",
        "team": "FLA",
        "opponent": "DET",
        "propType": "sog",
        "line": 3.5,
        "ppLine": "PP1",
        "avg": 3.15,
        "hit": false,
        "diffAvg": -0.1,
        "diffAbs": 0.17,
        "lastAvg": 2.78,
        "diff": -0.21,
        "avgMin": 21,
        "proj": 2.9,
        "lastAvgMin": 20.3,
        "oppOver": 0,
        "teamOver": 0,
        "gameLine": "-180",
        "+/-": "+5",
        "L5_+/-": 0.0,
        "prevMatchup": "2023-01-06 1.0 sog, 2022-12-08 2.0 sog",
        "winLossSplits": "3.28 - 2.98",
        "awayHome": "A",
        "playedYesterday": "N",
        "awayHomeSplits": "2.58 - 3.66",
        "savesAboveExp": -0.011,
        "gsaa": -5.11,
        "corsi": "54.3% (66.4) // 60.7% (75.5) // 60.5% (70.6) // 59.4% (69.5)",
        "fenwick": "53.7% (50.0) // 59.5% (56.6) // 58.2% (53.6) // 55.7% (53.5)",
        "shots": "53.8% (36.8) // 59.7% (42.1) // 60.0% (42.2) // 56.1% (41.5)",
        "scoring": "54.8% (35.0) // 60.9% (39.7) // 61.2% (35.7) // 60.7% (35.5)",
        "corsiAgainst": "45.7% (55.9) // 39.3% (48.9) // 39.5% (46.1) // 40.6% (47.5)",
        "fenwickAgainst": "46.3% (43.2) // 40.5% (38.5) // 41.8% (38.6) // 44.3% (42.5)",
        "shotsAgainst": "46.2% (31.6) // 40.3% (28.4) // 40.0% (28.2) // 43.9% (32.5)",
        "scoringAgainst": "45.2% (28.9) // 39.1% (25.5) // 38.8% (22.6) // 39.3% (23.0)",
        "oppCorsi": "47.2% (52.4) // 46.3% (50.3) // 48.9% (54.0) // 60.5% (60.5)",
        "oppFenwick": "47.9% (39.2) // 47.2% (37.7) // 52.2% (41.8) // 61.0% (44.5)",
        "oppShots": "48.4% (28.5) // 47.5% (27.8) // 52.2% (30.0) // 61.8% (31.5)",
        "oppScoring": "45.9% (25.8) // 45.0% (25.7) // 46.9% (28.8) // 60.4% (30.5)",
        "oppCorsiAgainst": "52.8% (58.6) // 53.7% (58.4) // 51.1% (56.5) // 39.5% (39.5)",
        "oppFenwickAgainst": "52.1% (42.8) // 52.8% (42.2) // 47.8% (38.2) // 39.0% (28.5)",
        "oppShotsAgainst": "51.6% (30.3) // 52.5% (30.7) // 47.8% (27.5) // 38.2% (19.5)",
        "oppScoringAgainst": "54.1% (30.4) // 55.0% (31.4) // 53.1% (32.5) // 39.6% (20.0)",
        "savesPerGame": 28.5,
        "savesPerGameLast1": 33.0,
        "savesPerGameLast3": 26.7,
        "savesPerGameLast5": 24.6,
        "savesPer60": 28.3,
        "savesPer60Last1": 33.0,
        "savesPer60Last3": 27.3,
        "savesPer60Last5": 25.2,
        "shotsPerGame": 37.0,
        "shotsPerGameLast5": 41.6,
        "shotsAgainstPerGame": 31.8,
        "shotsAgainstPerGameLast5": 27.8,
        "oppSavesAgainstPer60": 26.0,
        "oppSavesAgainstPer60Last1": 34.6,
        "oppSavesAgainstPer60Last3": 28.5,
        "oppSavesAgainstPer60Last5": 30.5,
        "oppShotsAgainstPerGame": 30.7,
        "oppShotsAgainstPerGameLast5": 26.0,
        "savesProj": 26.7,
        "savesProjLast5": 27.1,
        "savesProjLast3": 27.1,
        "oppSavesAgainstProj": 26.5,
        "oppSavesAgainstProjLast5": 29.4,
        "oppSavesAgainstProjLast3": 27.4,
        "totalOver": 45,
        "totalOverLast5": 60,
        "lastTotalOver": 42,
        "last5": "6,4,3,3,5,5,4,4,4,2",
        "overOdds": "+115",
        "underOdds": "-145",
        "overUnder": "+115 / -145"
    },
    {
        "player": "Brandon Montour",
        "team": "FLA",
        "opponent": "DET",
        "propType": "sog",
        "line": 2.5,
        "ppLine": "PP1",
        "avg": 2.99,
        "hit": false,
        "diffAvg": 0.2,
        "diffAbs": 0.08,
        "lastAvg": 1.68,
        "diff": -0.33,
        "avgMin": 24,
        "proj": 2.3,
        "lastAvgMin": 17.88,
        "oppOver": 0,
        "teamOver": 0,
        "gameLine": "-180",
        "+/-": "+8",
        "L5_+/-": "+8.0",
        "prevMatchup": "2023-01-06 3.0 sog, 2022-12-08 1.0 sog",
        "winLossSplits": "3.04 - 2.9",
        "awayHome": "A",
        "playedYesterday": "N",
        "awayHomeSplits": "3.0 - 2.97",
        "savesAboveExp": -0.011,
        "gsaa": -5.11,
        "corsi": "54.3% (66.4) // 60.7% (75.5) // 60.5% (70.6) // 59.4% (69.5)",
        "fenwick": "53.7% (50.0) // 59.5% (56.6) // 58.2% (53.6) // 55.7% (53.5)",
        "shots": "53.8% (36.8) // 59.7% (42.1) // 60.0% (42.2) // 56.1% (41.5)",
        "scoring": "54.8% (35.0) // 60.9% (39.7) // 61.2% (35.7) // 60.7% (35.5)",
        "corsiAgainst": "45.7% (55.9) // 39.3% (48.9) // 39.5% (46.1) // 40.6% (47.5)",
        "fenwickAgainst": "46.3% (43.2) // 40.5% (38.5) // 41.8% (38.6) // 44.3% (42.5)",
        "shotsAgainst": "46.2% (31.6) // 40.3% (28.4) // 40.0% (28.2) // 43.9% (32.5)",
        "scoringAgainst": "45.2% (28.9) // 39.1% (25.5) // 38.8% (22.6) // 39.3% (23.0)",
        "oppCorsi": "47.2% (52.4) // 46.3% (50.3) // 48.9% (54.0) // 60.5% (60.5)",
        "oppFenwick": "47.9% (39.2) // 47.2% (37.7) // 52.2% (41.8) // 61.0% (44.5)",
        "oppShots": "48.4% (28.5) // 47.5% (27.8) // 52.2% (30.0) // 61.8% (31.5)",
        "oppScoring": "45.9% (25.8) // 45.0% (25.7) // 46.9% (28.8) // 60.4% (30.5)",
        "oppCorsiAgainst": "52.8% (58.6) // 53.7% (58.4) // 51.1% (56.5) // 39.5% (39.5)",
        "oppFenwickAgainst": "52.1% (42.8) // 52.8% (42.2) // 47.8% (38.2) // 39.0% (28.5)",
        "oppShotsAgainst": "51.6% (30.3) // 52.5% (30.7) // 47.8% (27.5) // 38.2% (19.5)",
        "oppScoringAgainst": "54.1% (30.4) // 55.0% (31.4) // 53.1% (32.5) // 39.6% (20.0)",
        "savesPerGame": 28.5,
        "savesPerGameLast1": 33.0,
        "savesPerGameLast3": 26.7,
        "savesPerGameLast5": 24.6,
        "savesPer60": 28.3,
        "savesPer60Last1": 33.0,
        "savesPer60Last3": 27.3,
        "savesPer60Last5": 25.2,
        "shotsPerGame": 37.0,
        "shotsPerGameLast5": 41.6,
        "shotsAgainstPerGame": 31.8,
        "shotsAgainstPerGameLast5": 27.8,
        "oppSavesAgainstPer60": 26.0,
        "oppSavesAgainstPer60Last1": 34.6,
        "oppSavesAgainstPer60Last3": 28.5,
        "oppSavesAgainstPer60Last5": 30.5,
        "oppShotsAgainstPerGame": 30.7,
        "oppShotsAgainstPerGameLast5": 26.0,
        "savesProj": 26.7,
        "savesProjLast5": 27.1,
        "savesProjLast3": 27.1,
        "oppSavesAgainstProj": 26.5,
        "oppSavesAgainstProjLast5": 29.4,
        "oppSavesAgainstProjLast3": 27.4,
        "totalOver": 58,
        "totalOverLast5": 100,
        "lastTotalOver": 48,
        "last5": "4,4,3,4,3,3,2,1,5,6",
        "overOdds": "-150",
        "underOdds": "+120",
        "overUnder": "-150 / +120"
    },
    {
        "player": "Carter Verhaeghe",
        "team": "FLA",
        "opponent": "DET",
        "propType": "sog",
        "line": 3.5,
        "ppLine": "PP1",
        "avg": 3.34,
        "hit": false,
        "diffAvg": -0.05,
        "diffAbs": 0.43,
        "lastAvg": 1.9,
        "diff": -0.46,
        "avgMin": 17,
        "proj": 2.0,
        "lastAvgMin": 16.05,
        "oppOver": 0,
        "teamOver": 0,
        "gameLine": "-180",
        "+/-": "+14",
        "L5_+/-": "+8.0",
        "prevMatchup": "2023-01-06 1.0 sog, 2022-12-08 3.0 sog",
        "winLossSplits": "3.59 - 2.91",
        "awayHome": "A",
        "playedYesterday": "N",
        "awayHomeSplits": "2.94 - 3.74",
        "savesAboveExp": -0.011,
        "gsaa": -5.11,
        "corsi": "54.3% (66.4) // 60.7% (75.5) // 60.5% (70.6) // 59.4% (69.5)",
        "fenwick": "53.7% (50.0) // 59.5% (56.6) // 58.2% (53.6) // 55.7% (53.5)",
        "shots": "53.8% (36.8) // 59.7% (42.1) // 60.0% (42.2) // 56.1% (41.5)",
        "scoring": "54.8% (35.0) // 60.9% (39.7) // 61.2% (35.7) // 60.7% (35.5)",
        "corsiAgainst": "45.7% (55.9) // 39.3% (48.9) // 39.5% (46.1) // 40.6% (47.5)",
        "fenwickAgainst": "46.3% (43.2) // 40.5% (38.5) // 41.8% (38.6) // 44.3% (42.5)",
        "shotsAgainst": "46.2% (31.6) // 40.3% (28.4) // 40.0% (28.2) // 43.9% (32.5)",
        "scoringAgainst": "45.2% (28.9) // 39.1% (25.5) // 38.8% (22.6) // 39.3% (23.0)",
        "oppCorsi": "47.2% (52.4) // 46.3% (50.3) // 48.9% (54.0) // 60.5% (60.5)",
        "oppFenwick": "47.9% (39.2) // 47.2% (37.7) // 52.2% (41.8) // 61.0% (44.5)",
        "oppShots": "48.4% (28.5) // 47.5% (27.8) // 52.2% (30.0) // 61.8% (31.5)",
        "oppScoring": "45.9% (25.8) // 45.0% (25.7) // 46.9% (28.8) // 60.4% (30.5)",
        "oppCorsiAgainst": "52.8% (58.6) // 53.7% (58.4) // 51.1% (56.5) // 39.5% (39.5)",
        "oppFenwickAgainst": "52.1% (42.8) // 52.8% (42.2) // 47.8% (38.2) // 39.0% (28.5)",
        "oppShotsAgainst": "51.6% (30.3) // 52.5% (30.7) // 47.8% (27.5) // 38.2% (19.5)",
        "oppScoringAgainst": "54.1% (30.4) // 55.0% (31.4) // 53.1% (32.5) // 39.6% (20.0)",
        "savesPerGame": 28.5,
        "savesPerGameLast1": 33.0,
        "savesPerGameLast3": 26.7,
        "savesPerGameLast5": 24.6,
        "savesPer60": 28.3,
        "savesPer60Last1": 33.0,
        "savesPer60Last3": 27.3,
        "savesPer60Last5": 25.2,
        "shotsPerGame": 37.0,
        "shotsPerGameLast5": 41.6,
        "shotsAgainstPerGame": 31.8,
        "shotsAgainstPerGameLast5": 27.8,
        "oppSavesAgainstPer60": 26.0,
        "oppSavesAgainstPer60Last1": 34.6,
        "oppSavesAgainstPer60Last3": 28.5,
        "oppSavesAgainstPer60Last5": 30.5,
        "oppShotsAgainstPerGame": 30.7,
        "oppShotsAgainstPerGameLast5": 26.0,
        "savesProj": 26.7,
        "savesProjLast5": 27.1,
        "savesProjLast3": 27.1,
        "oppSavesAgainstProj": 26.5,
        "oppSavesAgainstProjLast5": 29.4,
        "oppSavesAgainstProjLast3": 27.4,
        "totalOver": 51,
        "totalOverLast5": 80,
        "lastTotalOver": 16,
        "last5": "4,6,5,1,5,6,2,2,6,5",
        "overOdds": "-110",
        "underOdds": "-120",
        "overUnder": "-110 / -120"
    },
    {
        "player": "David Perron",
        "team": "DET",
        "opponent": "FLA",
        "propType": "sog",
        "line": 2.5,
        "ppLine": "PP1",
        "avg": 2.43,
        "hit": false,
        "diffAvg": -0.03,
        "diffAbs": 0.16,
        "lastAvg": 2.24,
        "diff": -0.1,
        "avgMin": 16,
        "proj": 2.1,
        "lastAvgMin": 16.98,
        "oppOver": 0,
        "teamOver": 0,
        "gameLine": "+155",
        "+/-": -7,
        "L5_+/-": -6.0,
        "prevMatchup": "2023-01-06 2.0 sog, 2022-12-08 0.0 sog",
        "winLossSplits": "2.55 - 2.09",
        "awayHome": "H",
        "playedYesterday": "N",
        "awayHomeSplits": "2.35 - 2.5",
        "savesAboveExp": -0.102,
        "gsaa": -1.04,
        "corsi": "47.2% (52.4) // 46.3% (50.3) // 48.9% (54.0) // 60.5% (60.5)",
        "fenwick": "47.9% (39.2) // 47.2% (37.7) // 52.2% (41.8) // 61.0% (44.5)",
        "shots": "48.4% (28.5) // 47.5% (27.8) // 52.2% (30.0) // 61.8% (31.5)",
        "scoring": "45.9% (25.8) // 45.0% (25.7) // 46.9% (28.8) // 60.4% (30.5)",
        "corsiAgainst": "52.8% (58.6) // 53.7% (58.4) // 51.1% (56.5) // 39.5% (39.5)",
        "fenwickAgainst": "52.1% (42.8) // 52.8% (42.2) // 47.8% (38.2) // 39.0% (28.5)",
        "shotsAgainst": "51.6% (30.3) // 52.5% (30.7) // 47.8% (27.5) // 38.2% (19.5)",
        "scoringAgainst": "54.1% (30.4) // 55.0% (31.4) // 53.1% (32.5) // 39.6% (20.0)",
        "oppCorsi": "54.3% (66.4) // 60.7% (75.5) // 60.5% (70.6) // 59.4% (69.5)",
        "oppFenwick": "53.7% (50.0) // 59.5% (56.6) // 58.2% (53.6) // 55.7% (53.5)",
        "oppShots": "53.8% (36.8) // 59.7% (42.1) // 60.0% (42.2) // 56.1% (41.5)",
        "oppScoring": "54.8% (35.0) // 60.9% (39.7) // 61.2% (35.7) // 60.7% (35.5)",
        "oppCorsiAgainst": "45.7% (55.9) // 39.3% (48.9) // 39.5% (46.1) // 40.6% (47.5)",
        "oppFenwickAgainst": "46.3% (43.2) // 40.5% (38.5) // 41.8% (38.6) // 44.3% (42.5)",
        "oppShotsAgainst": "46.2% (31.6) // 40.3% (28.4) // 40.0% (28.2) // 43.9% (32.5)",
        "oppScoringAgainst": "45.2% (28.9) // 39.1% (25.5) // 38.8% (22.6) // 39.3% (23.0)",
        "savesPerGame": 27.5,
        "savesPerGameLast1": 18.0,
        "savesPerGameLast3": 20.7,
        "savesPerGameLast5": 22.8,
        "savesPer60": 27.5,
        "savesPer60Last1": 18.0,
        "savesPer60Last3": 20.3,
        "savesPer60Last5": 22.4,
        "shotsPerGame": 28.8,
        "shotsPerGameLast5": 32.2,
        "shotsAgainstPerGame": 30.7,
        "shotsAgainstPerGameLast5": 26.0,
        "oppSavesAgainstPer60": 33.5,
        "oppSavesAgainstPer60Last1": 38.0,
        "oppSavesAgainstPer60Last3": 37.7,
        "oppSavesAgainstPer60Last5": 36.9,
        "oppShotsAgainstPerGame": 31.8,
        "oppShotsAgainstPerGameLast5": 27.8,
        "savesProj": 32.7,
        "savesProjLast5": 30.6,
        "savesProjLast3": 27.3,
        "oppSavesAgainstProj": 32.5,
        "oppSavesAgainstProjLast5": 29.8,
        "oppSavesAgainstProjLast3": 26.9,
        "totalOver": 37,
        "totalOverLast5": 40,
        "lastTotalOver": 49,
        "last5": "1,1,1,4,4,4,3,2,1,2",
        "overOdds": "-105",
        "underOdds": "-125",
        "overUnder": "-105 / -125"
    },
    {
        "player": "Dominik Kubalik",
        "team": "DET",
        "opponent": "FLA",
        "propType": "sog",
        "line": 1.5,
        "ppLine": "PP2",
        "avg": 2.24,
        "hit": false,
        "diffAvg": 0.49,
        "diffAbs": 0.33,
        "lastAvg": 2.06,
        "diff": 0.37,
        "avgMin": 14,
        "proj": 2.0,
        "lastAvgMin": 14.52,
        "oppOver": 0,
        "teamOver": 0,
        "gameLine": "+155",
        "+/-": -12,
        "L5_+/-": -5.0,
        "prevMatchup": "2023-01-06 1.0 sog, 2022-12-08 0.0 sog",
        "winLossSplits": "2.13 - 1.99",
        "awayHome": "H",
        "playedYesterday": "N",
        "awayHomeSplits": "2.21 - 2.27",
        "savesAboveExp": -0.102,
        "gsaa": -1.04,
        "corsi": "47.2% (52.4) // 46.3% (50.3) // 48.9% (54.0) // 60.5% (60.5)",
        "fenwick": "47.9% (39.2) // 47.2% (37.7) // 52.2% (41.8) // 61.0% (44.5)",
        "shots": "48.4% (28.5) // 47.5% (27.8) // 52.2% (30.0) // 61.8% (31.5)",
        "scoring": "45.9% (25.8) // 45.0% (25.7) // 46.9% (28.8) // 60.4% (30.5)",
        "corsiAgainst": "52.8% (58.6) // 53.7% (58.4) // 51.1% (56.5) // 39.5% (39.5)",
        "fenwickAgainst": "52.1% (42.8) // 52.8% (42.2) // 47.8% (38.2) // 39.0% (28.5)",
        "shotsAgainst": "51.6% (30.3) // 52.5% (30.7) // 47.8% (27.5) // 38.2% (19.5)",
        "scoringAgainst": "54.1% (30.4) // 55.0% (31.4) // 53.1% (32.5) // 39.6% (20.0)",
        "oppCorsi": "54.3% (66.4) // 60.7% (75.5) // 60.5% (70.6) // 59.4% (69.5)",
        "oppFenwick": "53.7% (50.0) // 59.5% (56.6) // 58.2% (53.6) // 55.7% (53.5)",
        "oppShots": "53.8% (36.8) // 59.7% (42.1) // 60.0% (42.2) // 56.1% (41.5)",
        "oppScoring": "54.8% (35.0) // 60.9% (39.7) // 61.2% (35.7) // 60.7% (35.5)",
        "oppCorsiAgainst": "45.7% (55.9) // 39.3% (48.9) // 39.5% (46.1) // 40.6% (47.5)",
        "oppFenwickAgainst": "46.3% (43.2) // 40.5% (38.5) // 41.8% (38.6) // 44.3% (42.5)",
        "oppShotsAgainst": "46.2% (31.6) // 40.3% (28.4) // 40.0% (28.2) // 43.9% (32.5)",
        "oppScoringAgainst": "45.2% (28.9) // 39.1% (25.5) // 38.8% (22.6) // 39.3% (23.0)",
        "savesPerGame": 27.5,
        "savesPerGameLast1": 18.0,
        "savesPerGameLast3": 20.7,
        "savesPerGameLast5": 22.8,
        "savesPer60": 27.5,
        "savesPer60Last1": 18.0,
        "savesPer60Last3": 20.3,
        "savesPer60Last5": 22.4,
        "shotsPerGame": 28.8,
        "shotsPerGameLast5": 32.2,
        "shotsAgainstPerGame": 30.7,
        "shotsAgainstPerGameLast5": 26.0,
        "oppSavesAgainstPer60": 33.5,
        "oppSavesAgainstPer60Last1": 38.0,
        "oppSavesAgainstPer60Last3": 37.7,
        "oppSavesAgainstPer60Last5": 36.9,
        "oppShotsAgainstPerGame": 31.8,
        "oppShotsAgainstPerGameLast5": 27.8,
        "savesProj": 32.7,
        "savesProjLast5": 30.6,
        "savesProjLast3": 27.3,
        "oppSavesAgainstProj": 32.5,
        "oppSavesAgainstProjLast5": 29.8,
        "oppSavesAgainstProjLast3": 26.9,
        "totalOver": 58,
        "totalOverLast5": 80,
        "lastTotalOver": 61,
        "last5": "4,3,3,1,2,2,1,2,3,0",
        "overOdds": "-190",
        "underOdds": "+155",
        "overUnder": "-190 / +155"
    },
    {
        "player": "Dylan Larkin",
        "team": "DET",
        "opponent": "FLA",
        "propType": "sog",
        "line": 2.5,
        "ppLine": "PP1",
        "avg": 3.13,
        "hit": false,
        "diffAvg": 0.25,
        "diffAbs": 0.12,
        "lastAvg": 2.94,
        "diff": 0.18,
        "avgMin": 19,
        "proj": 2.8,
        "lastAvgMin": 19.65,
        "oppOver": 0,
        "teamOver": 0,
        "gameLine": "+155",
        "+/-": -5,
        "L5_+/-": -5.0,
        "prevMatchup": "2023-01-06 2.0 sog, 2022-12-08 4.0 sog",
        "winLossSplits": "3.34 - 2.7",
        "awayHome": "H",
        "playedYesterday": "N",
        "awayHomeSplits": "2.97 - 3.29",
        "savesAboveExp": -0.102,
        "gsaa": -1.04,
        "corsi": "47.2% (52.4) // 46.3% (50.3) // 48.9% (54.0) // 60.5% (60.5)",
        "fenwick": "47.9% (39.2) // 47.2% (37.7) // 52.2% (41.8) // 61.0% (44.5)",
        "shots": "48.4% (28.5) // 47.5% (27.8) // 52.2% (30.0) // 61.8% (31.5)",
        "scoring": "45.9% (25.8) // 45.0% (25.7) // 46.9% (28.8) // 60.4% (30.5)",
        "corsiAgainst": "52.8% (58.6) // 53.7% (58.4) // 51.1% (56.5) // 39.5% (39.5)",
        "fenwickAgainst": "52.1% (42.8) // 52.8% (42.2) // 47.8% (38.2) // 39.0% (28.5)",
        "shotsAgainst": "51.6% (30.3) // 52.5% (30.7) // 47.8% (27.5) // 38.2% (19.5)",
        "scoringAgainst": "54.1% (30.4) // 55.0% (31.4) // 53.1% (32.5) // 39.6% (20.0)",
        "oppCorsi": "54.3% (66.4) // 60.7% (75.5) // 60.5% (70.6) // 59.4% (69.5)",
        "oppFenwick": "53.7% (50.0) // 59.5% (56.6) // 58.2% (53.6) // 55.7% (53.5)",
        "oppShots": "53.8% (36.8) // 59.7% (42.1) // 60.0% (42.2) // 56.1% (41.5)",
        "oppScoring": "54.8% (35.0) // 60.9% (39.7) // 61.2% (35.7) // 60.7% (35.5)",
        "oppCorsiAgainst": "45.7% (55.9) // 39.3% (48.9) // 39.5% (46.1) // 40.6% (47.5)",
        "oppFenwickAgainst": "46.3% (43.2) // 40.5% (38.5) // 41.8% (38.6) // 44.3% (42.5)",
        "oppShotsAgainst": "46.2% (31.6) // 40.3% (28.4) // 40.0% (28.2) // 43.9% (32.5)",
        "oppScoringAgainst": "45.2% (28.9) // 39.1% (25.5) // 38.8% (22.6) // 39.3% (23.0)",
        "savesPerGame": 27.5,
        "savesPerGameLast1": 18.0,
        "savesPerGameLast3": 20.7,
        "savesPerGameLast5": 22.8,
        "savesPer60": 27.5,
        "savesPer60Last1": 18.0,
        "savesPer60Last3": 20.3,
        "savesPer60Last5": 22.4,
        "shotsPerGame": 28.8,
        "shotsPerGameLast5": 32.2,
        "shotsAgainstPerGame": 30.7,
        "shotsAgainstPerGameLast5": 26.0,
        "oppSavesAgainstPer60": 33.5,
        "oppSavesAgainstPer60Last1": 38.0,
        "oppSavesAgainstPer60Last3": 37.7,
        "oppSavesAgainstPer60Last5": 36.9,
        "oppShotsAgainstPerGame": 31.8,
        "oppShotsAgainstPerGameLast5": 27.8,
        "savesProj": 32.7,
        "savesProjLast5": 30.6,
        "savesProjLast3": 27.3,
        "oppSavesAgainstProj": 32.5,
        "oppSavesAgainstProjLast5": 29.8,
        "oppSavesAgainstProjLast3": 26.9,
        "totalOver": 63,
        "totalOverLast5": 100,
        "lastTotalOver": 55,
        "last5": "3,5,3,3,5,3,2,1,0,5",
        "overOdds": "-175",
        "underOdds": "+140",
        "overUnder": "-175 / +140"
    },
    {
        "player": "Jake Walman",
        "team": "DET",
        "opponent": "FLA",
        "propType": "sog",
        "line": 2.5,
        "ppLine": "PP2",
        "avg": 2.27,
        "hit": false,
        "diffAvg": -0.09,
        "diffAbs": 0.08,
        "lastAvg": 1.71,
        "diff": -0.32,
        "avgMin": 19,
        "proj": 2.3,
        "lastAvgMin": 14.02,
        "oppOver": 0,
        "teamOver": 0,
        "gameLine": "+155",
        "+/-": "+13",
        "L5_+/-": -3.0,
        "prevMatchup": "2023-01-06 3.0 sog",
        "winLossSplits": "2.09 - 2.28",
        "awayHome": "H",
        "playedYesterday": "N",
        "awayHomeSplits": "2.04 - 2.5",
        "savesAboveExp": -0.102,
        "gsaa": -1.04,
        "corsi": "47.2% (52.4) // 46.3% (50.3) // 48.9% (54.0) // 60.5% (60.5)",
        "fenwick": "47.9% (39.2) // 47.2% (37.7) // 52.2% (41.8) // 61.0% (44.5)",
        "shots": "48.4% (28.5) // 47.5% (27.8) // 52.2% (30.0) // 61.8% (31.5)",
        "scoring": "45.9% (25.8) // 45.0% (25.7) // 46.9% (28.8) // 60.4% (30.5)",
        "corsiAgainst": "52.8% (58.6) // 53.7% (58.4) // 51.1% (56.5) // 39.5% (39.5)",
        "fenwickAgainst": "52.1% (42.8) // 52.8% (42.2) // 47.8% (38.2) // 39.0% (28.5)",
        "shotsAgainst": "51.6% (30.3) // 52.5% (30.7) // 47.8% (27.5) // 38.2% (19.5)",
        "scoringAgainst": "54.1% (30.4) // 55.0% (31.4) // 53.1% (32.5) // 39.6% (20.0)",
        "oppCorsi": "54.3% (66.4) // 60.7% (75.5) // 60.5% (70.6) // 59.4% (69.5)",
        "oppFenwick": "53.7% (50.0) // 59.5% (56.6) // 58.2% (53.6) // 55.7% (53.5)",
        "oppShots": "53.8% (36.8) // 59.7% (42.1) // 60.0% (42.2) // 56.1% (41.5)",
        "oppScoring": "54.8% (35.0) // 60.9% (39.7) // 61.2% (35.7) // 60.7% (35.5)",
        "oppCorsiAgainst": "45.7% (55.9) // 39.3% (48.9) // 39.5% (46.1) // 40.6% (47.5)",
        "oppFenwickAgainst": "46.3% (43.2) // 40.5% (38.5) // 41.8% (38.6) // 44.3% (42.5)",
        "oppShotsAgainst": "46.2% (31.6) // 40.3% (28.4) // 40.0% (28.2) // 43.9% (32.5)",
        "oppScoringAgainst": "45.2% (28.9) // 39.1% (25.5) // 38.8% (22.6) // 39.3% (23.0)",
        "savesPerGame": 27.5,
        "savesPerGameLast1": 18.0,
        "savesPerGameLast3": 20.7,
        "savesPerGameLast5": 22.8,
        "savesPer60": 27.5,
        "savesPer60Last1": 18.0,
        "savesPer60Last3": 20.3,
        "savesPer60Last5": 22.4,
        "shotsPerGame": 28.8,
        "shotsPerGameLast5": 32.2,
        "shotsAgainstPerGame": 30.7,
        "shotsAgainstPerGameLast5": 26.0,
        "oppSavesAgainstPer60": 33.5,
        "oppSavesAgainstPer60Last1": 38.0,
        "oppSavesAgainstPer60Last3": 37.7,
        "oppSavesAgainstPer60Last5": 36.9,
        "oppShotsAgainstPerGame": 31.8,
        "oppShotsAgainstPerGameLast5": 27.8,
        "savesProj": 32.7,
        "savesProjLast5": 30.6,
        "savesProjLast3": 27.3,
        "oppSavesAgainstProj": 32.5,
        "oppSavesAgainstProjLast5": 29.8,
        "oppSavesAgainstProjLast3": 26.9,
        "totalOver": 39,
        "totalOverLast5": 20,
        "lastTotalOver": 46,
        "last5": "2,0,1,2,4,2,2,2,1,1",
        "overOdds": "+135",
        "underOdds": "-165",
        "overUnder": "+135 / -165"
    },
    {
        "player": "Lucas Raymond",
        "team": "DET",
        "opponent": "FLA",
        "propType": "sog",
        "line": 2.5,
        "ppLine": "PP1",
        "avg": 1.85,
        "hit": false,
        "diffAvg": -0.26,
        "diffAbs": 0.16,
        "lastAvg": 2.24,
        "diff": -0.1,
        "avgMin": 17,
        "proj": 2.1,
        "lastAvgMin": 18.15,
        "oppOver": 0,
        "teamOver": 0,
        "gameLine": "+155",
        "+/-": -15,
        "L5_+/-": -5.0,
        "prevMatchup": "2023-01-06 2.0 sog, 2022-12-08 2.0 sog",
        "winLossSplits": "1.75 - 1.82",
        "awayHome": "H",
        "playedYesterday": "N",
        "awayHomeSplits": "1.28 - 2.39",
        "savesAboveExp": -0.102,
        "gsaa": -1.04,
        "corsi": "47.2% (52.4) // 46.3% (50.3) // 48.9% (54.0) // 60.5% (60.5)",
        "fenwick": "47.9% (39.2) // 47.2% (37.7) // 52.2% (41.8) // 61.0% (44.5)",
        "shots": "48.4% (28.5) // 47.5% (27.8) // 52.2% (30.0) // 61.8% (31.5)",
        "scoring": "45.9% (25.8) // 45.0% (25.7) // 46.9% (28.8) // 60.4% (30.5)",
        "corsiAgainst": "52.8% (58.6) // 53.7% (58.4) // 51.1% (56.5) // 39.5% (39.5)",
        "fenwickAgainst": "52.1% (42.8) // 52.8% (42.2) // 47.8% (38.2) // 39.0% (28.5)",
        "shotsAgainst": "51.6% (30.3) // 52.5% (30.7) // 47.8% (27.5) // 38.2% (19.5)",
        "scoringAgainst": "54.1% (30.4) // 55.0% (31.4) // 53.1% (32.5) // 39.6% (20.0)",
        "oppCorsi": "54.3% (66.4) // 60.7% (75.5) // 60.5% (70.6) // 59.4% (69.5)",
        "oppFenwick": "53.7% (50.0) // 59.5% (56.6) // 58.2% (53.6) // 55.7% (53.5)",
        "oppShots": "53.8% (36.8) // 59.7% (42.1) // 60.0% (42.2) // 56.1% (41.5)",
        "oppScoring": "54.8% (35.0) // 60.9% (39.7) // 61.2% (35.7) // 60.7% (35.5)",
        "oppCorsiAgainst": "45.7% (55.9) // 39.3% (48.9) // 39.5% (46.1) // 40.6% (47.5)",
        "oppFenwickAgainst": "46.3% (43.2) // 40.5% (38.5) // 41.8% (38.6) // 44.3% (42.5)",
        "oppShotsAgainst": "46.2% (31.6) // 40.3% (28.4) // 40.0% (28.2) // 43.9% (32.5)",
        "oppScoringAgainst": "45.2% (28.9) // 39.1% (25.5) // 38.8% (22.6) // 39.3% (23.0)",
        "savesPerGame": 27.5,
        "savesPerGameLast1": 18.0,
        "savesPerGameLast3": 20.7,
        "savesPerGameLast5": 22.8,
        "savesPer60": 27.5,
        "savesPer60Last1": 18.0,
        "savesPer60Last3": 20.3,
        "savesPer60Last5": 22.4,
        "shotsPerGame": 28.8,
        "shotsPerGameLast5": 32.2,
        "shotsAgainstPerGame": 30.7,
        "shotsAgainstPerGameLast5": 26.0,
        "oppSavesAgainstPer60": 33.5,
        "oppSavesAgainstPer60Last1": 38.0,
        "oppSavesAgainstPer60Last3": 37.7,
        "oppSavesAgainstPer60Last5": 36.9,
        "oppShotsAgainstPerGame": 31.8,
        "oppShotsAgainstPerGameLast5": 27.8,
        "savesProj": 32.7,
        "savesProjLast5": 30.6,
        "savesProjLast3": 27.3,
        "oppSavesAgainstProj": 32.5,
        "oppSavesAgainstProjLast5": 29.8,
        "oppSavesAgainstProjLast3": 26.9,
        "totalOver": 28,
        "totalOverLast5": 60,
        "lastTotalOver": 36,
        "last5": "2,3,0,3,5,2,0,4,3,2",
        "overOdds": "+130",
        "underOdds": "-160",
        "overUnder": "+130 / -160"
    },
    {
        "player": "Matthew Tkachuk",
        "team": "FLA",
        "opponent": "DET",
        "propType": "sog",
        "line": 3.5,
        "ppLine": "PP1",
        "avg": 4.08,
        "hit": false,
        "diffAvg": 0.17,
        "diffAbs": 0.14,
        "lastAvg": 2.69,
        "diff": -0.23,
        "avgMin": 20,
        "proj": 3.0,
        "lastAvgMin": 17.88,
        "oppOver": 0,
        "teamOver": 0,
        "gameLine": "-180",
        "+/-": "+22",
        "L5_+/-": "+7.0",
        "prevMatchup": "2023-01-06 1.0 sog, 2022-12-08 2.0 sog",
        "winLossSplits": "4.49 - 3.37",
        "awayHome": "A",
        "playedYesterday": "N",
        "awayHomeSplits": "3.64 - 4.52",
        "savesAboveExp": -0.011,
        "gsaa": -5.11,
        "corsi": "54.3% (66.4) // 60.7% (75.5) // 60.5% (70.6) // 59.4% (69.5)",
        "fenwick": "53.7% (50.0) // 59.5% (56.6) // 58.2% (53.6) // 55.7% (53.5)",
        "shots": "53.8% (36.8) // 59.7% (42.1) // 60.0% (42.2) // 56.1% (41.5)",
        "scoring": "54.8% (35.0) // 60.9% (39.7) // 61.2% (35.7) // 60.7% (35.5)",
        "corsiAgainst": "45.7% (55.9) // 39.3% (48.9) // 39.5% (46.1) // 40.6% (47.5)",
        "fenwickAgainst": "46.3% (43.2) // 40.5% (38.5) // 41.8% (38.6) // 44.3% (42.5)",
        "shotsAgainst": "46.2% (31.6) // 40.3% (28.4) // 40.0% (28.2) // 43.9% (32.5)",
        "scoringAgainst": "45.2% (28.9) // 39.1% (25.5) // 38.8% (22.6) // 39.3% (23.0)",
        "oppCorsi": "47.2% (52.4) // 46.3% (50.3) // 48.9% (54.0) // 60.5% (60.5)",
        "oppFenwick": "47.9% (39.2) // 47.2% (37.7) // 52.2% (41.8) // 61.0% (44.5)",
        "oppShots": "48.4% (28.5) // 47.5% (27.8) // 52.2% (30.0) // 61.8% (31.5)",
        "oppScoring": "45.9% (25.8) // 45.0% (25.7) // 46.9% (28.8) // 60.4% (30.5)",
        "oppCorsiAgainst": "52.8% (58.6) // 53.7% (58.4) // 51.1% (56.5) // 39.5% (39.5)",
        "oppFenwickAgainst": "52.1% (42.8) // 52.8% (42.2) // 47.8% (38.2) // 39.0% (28.5)",
        "oppShotsAgainst": "51.6% (30.3) // 52.5% (30.7) // 47.8% (27.5) // 38.2% (19.5)",
        "oppScoringAgainst": "54.1% (30.4) // 55.0% (31.4) // 53.1% (32.5) // 39.6% (20.0)",
        "savesPerGame": 28.5,
        "savesPerGameLast1": 33.0,
        "savesPerGameLast3": 26.7,
        "savesPerGameLast5": 24.6,
        "savesPer60": 28.3,
        "savesPer60Last1": 33.0,
        "savesPer60Last3": 27.3,
        "savesPer60Last5": 25.2,
        "shotsPerGame": 37.0,
        "shotsPerGameLast5": 41.6,
        "shotsAgainstPerGame": 31.8,
        "shotsAgainstPerGameLast5": 27.8,
        "oppSavesAgainstPer60": 26.0,
        "oppSavesAgainstPer60Last1": 34.6,
        "oppSavesAgainstPer60Last3": 28.5,
        "oppSavesAgainstPer60Last5": 30.5,
        "oppShotsAgainstPerGame": 30.7,
        "oppShotsAgainstPerGameLast5": 26.0,
        "savesProj": 26.7,
        "savesProjLast5": 27.1,
        "savesProjLast3": 27.1,
        "oppSavesAgainstProj": 26.5,
        "oppSavesAgainstProjLast5": 29.4,
        "oppSavesAgainstProjLast3": 27.4,
        "totalOver": 53,
        "totalOverLast5": 80,
        "lastTotalOver": 44,
        "last5": "5,3,9,7,4,4,3,6,6,6",
        "overOdds": "-130",
        "underOdds": "+100",
        "overUnder": "-130 / +100"
    },
    {
        "player": "Moritz Seider",
        "team": "DET",
        "opponent": "FLA",
        "propType": "sog",
        "line": 1.5,
        "ppLine": "PP1",
        "avg": 1.69,
        "hit": false,
        "diffAvg": 0.13,
        "diffAbs": 0.53,
        "lastAvg": 2.28,
        "diff": 0.52,
        "avgMin": 23,
        "proj": 2.3,
        "lastAvgMin": 23.03,
        "oppOver": 0,
        "teamOver": 0,
        "gameLine": "+155",
        "+/-": -10,
        "L5_+/-": -1.0,
        "prevMatchup": "2023-01-06 3.0 sog, 2022-12-08 0.0 sog",
        "winLossSplits": "1.7 - 1.73",
        "awayHome": "H",
        "playedYesterday": "N",
        "awayHomeSplits": "1.32 - 2.06",
        "savesAboveExp": -0.102,
        "gsaa": -1.04,
        "corsi": "47.2% (52.4) // 46.3% (50.3) // 48.9% (54.0) // 60.5% (60.5)",
        "fenwick": "47.9% (39.2) // 47.2% (37.7) // 52.2% (41.8) // 61.0% (44.5)",
        "shots": "48.4% (28.5) // 47.5% (27.8) // 52.2% (30.0) // 61.8% (31.5)",
        "scoring": "45.9% (25.8) // 45.0% (25.7) // 46.9% (28.8) // 60.4% (30.5)",
        "corsiAgainst": "52.8% (58.6) // 53.7% (58.4) // 51.1% (56.5) // 39.5% (39.5)",
        "fenwickAgainst": "52.1% (42.8) // 52.8% (42.2) // 47.8% (38.2) // 39.0% (28.5)",
        "shotsAgainst": "51.6% (30.3) // 52.5% (30.7) // 47.8% (27.5) // 38.2% (19.5)",
        "scoringAgainst": "54.1% (30.4) // 55.0% (31.4) // 53.1% (32.5) // 39.6% (20.0)",
        "oppCorsi": "54.3% (66.4) // 60.7% (75.5) // 60.5% (70.6) // 59.4% (69.5)",
        "oppFenwick": "53.7% (50.0) // 59.5% (56.6) // 58.2% (53.6) // 55.7% (53.5)",
        "oppShots": "53.8% (36.8) // 59.7% (42.1) // 60.0% (42.2) // 56.1% (41.5)",
        "oppScoring": "54.8% (35.0) // 60.9% (39.7) // 61.2% (35.7) // 60.7% (35.5)",
        "oppCorsiAgainst": "45.7% (55.9) // 39.3% (48.9) // 39.5% (46.1) // 40.6% (47.5)",
        "oppFenwickAgainst": "46.3% (43.2) // 40.5% (38.5) // 41.8% (38.6) // 44.3% (42.5)",
        "oppShotsAgainst": "46.2% (31.6) // 40.3% (28.4) // 40.0% (28.2) // 43.9% (32.5)",
        "oppScoringAgainst": "45.2% (28.9) // 39.1% (25.5) // 38.8% (22.6) // 39.3% (23.0)",
        "savesPerGame": 27.5,
        "savesPerGameLast1": 18.0,
        "savesPerGameLast3": 20.7,
        "savesPerGameLast5": 22.8,
        "savesPer60": 27.5,
        "savesPer60Last1": 18.0,
        "savesPer60Last3": 20.3,
        "savesPer60Last5": 22.4,
        "shotsPerGame": 28.8,
        "shotsPerGameLast5": 32.2,
        "shotsAgainstPerGame": 30.7,
        "shotsAgainstPerGameLast5": 26.0,
        "oppSavesAgainstPer60": 33.5,
        "oppSavesAgainstPer60Last1": 38.0,
        "oppSavesAgainstPer60Last3": 37.7,
        "oppSavesAgainstPer60Last5": 36.9,
        "oppShotsAgainstPerGame": 31.8,
        "oppShotsAgainstPerGameLast5": 27.8,
        "savesProj": 32.7,
        "savesProjLast5": 30.6,
        "savesProjLast3": 27.3,
        "oppSavesAgainstProj": 32.5,
        "oppSavesAgainstProjLast5": 29.8,
        "oppSavesAgainstProjLast3": 26.9,
        "totalOver": 54,
        "totalOverLast5": 80,
        "lastTotalOver": 65,
        "last5": "2,4,2,3,0,3,2,4,4,0",
        "overOdds": "-185",
        "underOdds": "+150",
        "overUnder": "-185 / +150"
    },
    {
        "player": "Sam Bennett",
        "team": "FLA",
        "opponent": "DET",
        "propType": "sog",
        "line": 2.5,
        "ppLine": "PP2",
        "avg": 3.06,
        "hit": false,
        "diffAvg": 0.22,
        "diffAbs": 0.2,
        "lastAvg": 2.98,
        "diff": 0.19,
        "avgMin": 17,
        "proj": 3.0,
        "lastAvgMin": 16.93,
        "oppOver": 0,
        "teamOver": 0,
        "gameLine": "-180",
        "+/-": "+4",
        "L5_+/-": "+3.0",
        "prevMatchup": "2023-01-06 0.0 sog, 2022-12-08 4.0 sog",
        "winLossSplits": "3.05 - 2.87",
        "awayHome": "A",
        "playedYesterday": "N",
        "awayHomeSplits": "2.7 - 3.41",
        "savesAboveExp": -0.011,
        "gsaa": -5.11,
        "corsi": "54.3% (66.4) // 60.7% (75.5) // 60.5% (70.6) // 59.4% (69.5)",
        "fenwick": "53.7% (50.0) // 59.5% (56.6) // 58.2% (53.6) // 55.7% (53.5)",
        "shots": "53.8% (36.8) // 59.7% (42.1) // 60.0% (42.2) // 56.1% (41.5)",
        "scoring": "54.8% (35.0) // 60.9% (39.7) // 61.2% (35.7) // 60.7% (35.5)",
        "corsiAgainst": "45.7% (55.9) // 39.3% (48.9) // 39.5% (46.1) // 40.6% (47.5)",
        "fenwickAgainst": "46.3% (43.2) // 40.5% (38.5) // 41.8% (38.6) // 44.3% (42.5)",
        "shotsAgainst": "46.2% (31.6) // 40.3% (28.4) // 40.0% (28.2) // 43.9% (32.5)",
        "scoringAgainst": "45.2% (28.9) // 39.1% (25.5) // 38.8% (22.6) // 39.3% (23.0)",
        "oppCorsi": "47.2% (52.4) // 46.3% (50.3) // 48.9% (54.0) // 60.5% (60.5)",
        "oppFenwick": "47.9% (39.2) // 47.2% (37.7) // 52.2% (41.8) // 61.0% (44.5)",
        "oppShots": "48.4% (28.5) // 47.5% (27.8) // 52.2% (30.0) // 61.8% (31.5)",
        "oppScoring": "45.9% (25.8) // 45.0% (25.7) // 46.9% (28.8) // 60.4% (30.5)",
        "oppCorsiAgainst": "52.8% (58.6) // 53.7% (58.4) // 51.1% (56.5) // 39.5% (39.5)",
        "oppFenwickAgainst": "52.1% (42.8) // 52.8% (42.2) // 47.8% (38.2) // 39.0% (28.5)",
        "oppShotsAgainst": "51.6% (30.3) // 52.5% (30.7) // 47.8% (27.5) // 38.2% (19.5)",
        "oppScoringAgainst": "54.1% (30.4) // 55.0% (31.4) // 53.1% (32.5) // 39.6% (20.0)",
        "savesPerGame": 28.5,
        "savesPerGameLast1": 33.0,
        "savesPerGameLast3": 26.7,
        "savesPerGameLast5": 24.6,
        "savesPer60": 28.3,
        "savesPer60Last1": 33.0,
        "savesPer60Last3": 27.3,
        "savesPer60Last5": 25.2,
        "shotsPerGame": 37.0,
        "shotsPerGameLast5": 41.6,
        "shotsAgainstPerGame": 31.8,
        "shotsAgainstPerGameLast5": 27.8,
        "oppSavesAgainstPer60": 26.0,
        "oppSavesAgainstPer60Last1": 34.6,
        "oppSavesAgainstPer60Last3": 28.5,
        "oppSavesAgainstPer60Last5": 30.5,
        "oppShotsAgainstPerGame": 30.7,
        "oppShotsAgainstPerGameLast5": 26.0,
        "savesProj": 26.7,
        "savesProjLast5": 27.1,
        "savesProjLast3": 27.1,
        "oppSavesAgainstProj": 26.5,
        "oppSavesAgainstProjLast5": 29.4,
        "oppSavesAgainstProjLast3": 27.4,
        "totalOver": 61,
        "totalOverLast5": 60,
        "lastTotalOver": 64,
        "last5": "2,1,4,6,3,7,0,2,5,5",
        "overOdds": "-145",
        "underOdds": "+115",
        "overUnder": "-145 / +115"
    },
    {
        "player": "Sam Reinhart",
        "team": "FLA",
        "opponent": "DET",
        "propType": "sog",
        "line": 2.5,
        "ppLine": "PP1",
        "avg": 2.83,
        "hit": false,
        "diffAvg": 0.13,
        "diffAbs": 0.08,
        "lastAvg": 2.11,
        "diff": -0.16,
        "avgMin": 19,
        "proj": 2.3,
        "lastAvgMin": 17.75,
        "oppOver": 0,
        "teamOver": 0,
        "gameLine": "-180",
        "+/-": -15,
        "L5_+/-": -2.0,
        "prevMatchup": "2023-01-06 1.0 sog, 2022-12-08 7.0 sog",
        "winLossSplits": "3.19 - 2.34",
        "awayHome": "A",
        "playedYesterday": "N",
        "awayHomeSplits": "2.41 - 3.23",
        "savesAboveExp": -0.011,
        "gsaa": -5.11,
        "corsi": "54.3% (66.4) // 60.7% (75.5) // 60.5% (70.6) // 59.4% (69.5)",
        "fenwick": "53.7% (50.0) // 59.5% (56.6) // 58.2% (53.6) // 55.7% (53.5)",
        "shots": "53.8% (36.8) // 59.7% (42.1) // 60.0% (42.2) // 56.1% (41.5)",
        "scoring": "54.8% (35.0) // 60.9% (39.7) // 61.2% (35.7) // 60.7% (35.5)",
