[
    {
        "player": "Bryan Rust",
        "team": "PIT",
        "opponent": "DET",
        "propType": "sog",
        "line": 2.5,
        "ppLine": "PP2",
        "avg": 2.62,
        "hit": false,
        "diffAvg": 0.05,
        "diffAbs": 0.04,
        "lastAvg": 2.69,
        "diff": 0.08,
        "avgMin": 17,
        "proj": 2.4,
        "lastAvgMin": 18.77,
        "oppOver": 0,
        "teamOver": 0,
        "gameLine": "-180",
        "+/-": -8,
        "L5_+/-": -2.0,
        "prevMatchup": "2022-12-28 2.0 sog",
        "winLossSplits": "2.57 - 2.43",
        "awayHome": "A",
        "playedYesterday": "N",
        "awayHomeSplits": "2.19 - 3.09",
        "savesAboveExp": -1.293,
        "gsaa": -7.11,
        "corsi": "51.8% (63.1) // 55.0% (69.9) // 57.1% (75.4) // 54.1% (74.0)",
        "fenwick": "51.7% (47.2) // 56.3% (52.2) // 57.8% (56.2) // 55.2% (57.0)",
        "shots": "51.0% (34.2) // 57.3% (38.5) // 59.5% (41.8) // 56.7% (42.3)",
        "scoring": "52.4% (33.2) // 58.0% (37.4) // 57.9% (39.8) // 51.8% (37.7)",
        "corsiAgainst": "48.2% (58.7) // 45.0% (57.0) // 42.9% (56.6) // 45.9% (62.7)",
        "fenwickAgainst": "48.3% (44.1) // 43.7% (40.4) // 42.2% (41.0) // 44.8% (46.3)",
        "shotsAgainst": "49.0% (32.8) // 42.7% (28.6) // 40.5% (28.4) // 43.3% (32.3)",
        "scoringAgainst": "47.6% (30.1) // 42.0% (27.0) // 42.1% (29.0) // 48.2% (35.0)",
        "oppCorsi": "47.5% (52.4) // 51.6% (54.5) // 55.0% (53.9) // 58.5% (57.0)",
        "oppFenwick": "48.1% (39.2) // 53.0% (41.0) // 53.8% (39.1) // 55.1% (38.0)",
        "oppShots": "48.7% (28.4) // 53.4% (29.4) // 55.6% (28.1) // 56.4% (28.5)",
        "oppScoring": "46.2% (25.7) // 49.6% (26.6) // 52.6% (23.8) // 55.3% (23.5)",
        "oppCorsiAgainst": "52.5% (57.8) // 48.4% (51.1) // 45.0% (44.1) // 41.5% (40.5)",
        "oppFenwickAgainst": "51.9% (42.2) // 47.0% (36.4) // 46.2% (33.6) // 44.9% (31.0)",
        "oppShotsAgainst": "51.3% (29.9) // 46.6% (25.6) // 44.4% (22.4) // 43.6% (22.0)",
        "oppScoringAgainst": "53.8% (29.9) // 50.4% (27.0) // 47.4% (21.4) // 44.7% (19.0)",
        "savesPerGame": 29.9,
        "savesPerGameLast1": 31.0,
        "savesPerGameLast3": 29.7,
        "savesPerGameLast5": 25.2,
        "savesPer60": 30.0,
        "savesPer60Last1": 31.0,
        "savesPer60Last3": 29.3,
        "savesPer60Last5": 24.8,
        "shotsPerGame": 34.5,
        "shotsPerGameLast5": 41.8,
        "shotsAgainstPerGame": 33.2,
        "shotsAgainstPerGameLast5": 28.4,
        "oppSavesAgainstPer60": 26.0,
        "oppSavesAgainstPer60Last1": 30.4,
        "oppSavesAgainstPer60Last3": 28.5,
        "oppSavesAgainstPer60Last5": 27.8,
        "oppShotsAgainstPerGame": 30.3,
        "oppShotsAgainstPerGameLast5": 22.8,
        "savesProj": 28.6,
        "savesProjLast5": 24.7,
        "savesProjLast3": 29.6,
        "oppSavesAgainstProj": 27.5,
        "oppSavesAgainstProjLast5": 24.1,
        "oppSavesAgainstProjLast3": 29.1,
        "totalOver": 42,
        "totalOverLast5": 80,
        "totalOverLast15": 47,
        "lastTotalOver": 54,
        "last5": "3,5,3,6,2,1,2,2,3,0",
        "overOdds": "-140",
        "underOdds": "+110",
        "overUnder": "-140 / +110"
    },
    {
        "player": "David Perron",
        "team": "DET",
        "opponent": "PIT",
        "propType": "sog",
        "line": 2.5,
        "ppLine": "PP1",
        "avg": 2.33,
        "hit": false,
        "diffAvg": -0.07,
        "diffAbs": 0.16,
        "lastAvg": 2.24,
        "diff": -0.1,
        "avgMin": 16,
        "proj": 2.1,
        "lastAvgMin": 16.98,
        "oppOver": 0,
        "teamOver": 0,
        "gameLine": "+155",
        "+/-": -7,
        "L5_+/-": -4.0,
        "prevMatchup": "2022-12-28 4.0 sog",
        "winLossSplits": "2.52 - 1.96",
        "awayHome": "H",
        "playedYesterday": "N",
        "awayHomeSplits": "2.31 - 2.36",
        "savesAboveExp": 0.033,
        "gsaa": 4.8,
        "corsi": "47.5% (52.4) // 51.6% (54.5) // 55.0% (53.9) // 58.5% (57.0)",
        "fenwick": "48.1% (39.2) // 53.0% (41.0) // 53.8% (39.1) // 55.1% (38.0)",
        "shots": "48.7% (28.4) // 53.4% (29.4) // 55.6% (28.1) // 56.4% (28.5)",
        "scoring": "46.2% (25.7) // 49.6% (26.6) // 52.6% (23.8) // 55.3% (23.5)",
        "corsiAgainst": "52.5% (57.8) // 48.4% (51.1) // 45.0% (44.1) // 41.5% (40.5)",
        "fenwickAgainst": "51.9% (42.2) // 47.0% (36.4) // 46.2% (33.6) // 44.9% (31.0)",
        "shotsAgainst": "51.3% (29.9) // 46.6% (25.6) // 44.4% (22.4) // 43.6% (22.0)",
        "scoringAgainst": "53.8% (29.9) // 50.4% (27.0) // 47.4% (21.4) // 44.7% (19.0)",
        "oppCorsi": "51.8% (63.1) // 55.0% (69.9) // 57.1% (75.4) // 54.1% (74.0)",
        "oppFenwick": "51.7% (47.2) // 56.3% (52.2) // 57.8% (56.2) // 55.2% (57.0)",
        "oppShots": "51.0% (34.2) // 57.3% (38.5) // 59.5% (41.8) // 56.7% (42.3)",
        "oppScoring": "52.4% (33.2) // 58.0% (37.4) // 57.9% (39.8) // 51.8% (37.7)",
        "oppCorsiAgainst": "48.2% (58.7) // 45.0% (57.0) // 42.9% (56.6) // 45.9% (62.7)",
        "oppFenwickAgainst": "48.3% (44.1) // 43.7% (40.4) // 42.2% (41.0) // 44.8% (46.3)",
        "oppShotsAgainst": "49.0% (32.8) // 42.7% (28.6) // 40.5% (28.4) // 43.3% (32.3)",
        "oppScoringAgainst": "47.6% (30.1) // 42.0% (27.0) // 42.1% (29.0) // 48.2% (35.0)",
        "savesPerGame": 27.0,
        "savesPerGameLast1": 19.0,
        "savesPerGameLast3": 19.0,
        "savesPerGameLast5": 19.0,
        "savesPer60": 27.1,
        "savesPer60Last1": 18.1,
        "savesPer60Last3": 18.9,
        "savesPer60Last5": 18.9,
        "shotsPerGame": 28.8,
        "shotsPerGameLast5": 28.6,
        "shotsAgainstPerGame": 30.3,
        "shotsAgainstPerGameLast5": 22.8,
        "oppSavesAgainstPer60": 31.4,
        "oppSavesAgainstPer60Last1": 36.0,
        "oppSavesAgainstPer60Last3": 38.2,
        "oppSavesAgainstPer60Last5": 39.0,
        "oppShotsAgainstPerGame": 33.2,
        "oppShotsAgainstPerGameLast5": 28.4,
        "savesProj": 28.3,
        "savesProjLast5": 24.8,
        "savesProjLast3": 24.4,
        "oppSavesAgainstProj": 30.0,
        "oppSavesAgainstProjLast5": 26.6,
        "oppSavesAgainstProjLast3": 28.2,
        "totalOver": 35,
        "totalOverLast5": 0,
        "totalOverLast15": 27,
        "lastTotalOver": 49,
        "last5": "1,0,2,0,1,1,1,4,4,4",
        "overOdds": "+120",
        "underOdds": "-150",
        "overUnder": "+120 / -150"
    },
    {
        "player": "Dominik Kubalik",
        "team": "DET",
        "opponent": "PIT",
        "propType": "sog",
        "line": 2.5,
        "ppLine": "PP2",
        "avg": 2.24,
        "hit": false,
        "diffAvg": -0.1,
        "diffAbs": 0.2,
        "lastAvg": 2.06,
        "diff": -0.18,
        "avgMin": 14,
        "proj": 2.0,
        "lastAvgMin": 14.52,
        "oppOver": 0,
        "teamOver": 0,
        "gameLine": "+155",
        "+/-": -12,
        "L5_+/-": -3.0,
        "prevMatchup": "2022-12-28 3.0 sog",
        "winLossSplits": "2.12 - 2.0",
        "awayHome": "H",
        "playedYesterday": "N",
        "awayHomeSplits": "2.25 - 2.23",
        "savesAboveExp": 0.033,
        "gsaa": 4.8,
        "corsi": "47.5% (52.4) // 51.6% (54.5) // 55.0% (53.9) // 58.5% (57.0)",
        "fenwick": "48.1% (39.2) // 53.0% (41.0) // 53.8% (39.1) // 55.1% (38.0)",
        "shots": "48.7% (28.4) // 53.4% (29.4) // 55.6% (28.1) // 56.4% (28.5)",
        "scoring": "46.2% (25.7) // 49.6% (26.6) // 52.6% (23.8) // 55.3% (23.5)",
        "corsiAgainst": "52.5% (57.8) // 48.4% (51.1) // 45.0% (44.1) // 41.5% (40.5)",
        "fenwickAgainst": "51.9% (42.2) // 47.0% (36.4) // 46.2% (33.6) // 44.9% (31.0)",
        "shotsAgainst": "51.3% (29.9) // 46.6% (25.6) // 44.4% (22.4) // 43.6% (22.0)",
        "scoringAgainst": "53.8% (29.9) // 50.4% (27.0) // 47.4% (21.4) // 44.7% (19.0)",
        "oppCorsi": "51.8% (63.1) // 55.0% (69.9) // 57.1% (75.4) // 54.1% (74.0)",
        "oppFenwick": "51.7% (47.2) // 56.3% (52.2) // 57.8% (56.2) // 55.2% (57.0)",
        "oppShots": "51.0% (34.2) // 57.3% (38.5) // 59.5% (41.8) // 56.7% (42.3)",
        "oppScoring": "52.4% (33.2) // 58.0% (37.4) // 57.9% (39.8) // 51.8% (37.7)",
        "oppCorsiAgainst": "48.2% (58.7) // 45.0% (57.0) // 42.9% (56.6) // 45.9% (62.7)",
        "oppFenwickAgainst": "48.3% (44.1) // 43.7% (40.4) // 42.2% (41.0) // 44.8% (46.3)",
        "oppShotsAgainst": "49.0% (32.8) // 42.7% (28.6) // 40.5% (28.4) // 43.3% (32.3)",
        "oppScoringAgainst": "47.6% (30.1) // 42.0% (27.0) // 42.1% (29.0) // 48.2% (35.0)",
        "savesPerGame": 27.0,
        "savesPerGameLast1": 19.0,
        "savesPerGameLast3": 19.0,
        "savesPerGameLast5": 19.0,
        "savesPer60": 27.1,
        "savesPer60Last1": 18.1,
        "savesPer60Last3": 18.9,
        "savesPer60Last5": 18.9,
        "shotsPerGame": 28.8,
        "shotsPerGameLast5": 28.6,
        "shotsAgainstPerGame": 30.3,
        "shotsAgainstPerGameLast5": 22.8,
        "oppSavesAgainstPer60": 31.4,
        "oppSavesAgainstPer60Last1": 36.0,
        "oppSavesAgainstPer60Last3": 38.2,
        "oppSavesAgainstPer60Last5": 39.0,
        "oppShotsAgainstPerGame": 33.2,
        "oppShotsAgainstPerGameLast5": 28.4,
        "savesProj": 28.3,
        "savesProjLast5": 24.8,
        "savesProjLast3": 24.4,
        "oppSavesAgainstProj": 30.0,
        "oppSavesAgainstProjLast5": 26.6,
        "oppSavesAgainstProjLast3": 28.2,
        "totalOver": 41,
        "totalOverLast5": 60,
        "totalOverLast15": 40,
        "lastTotalOver": 30,
        "last5": "4,0,2,3,4,3,3,1,2,2",
        "overOdds": "+140",
        "underOdds": "-175",
        "overUnder": "+140 / -175"
    },
    {
        "player": "Dylan Larkin",
        "team": "DET",
        "opponent": "PIT",
        "propType": "sog",
        "line": 2.5,
        "ppLine": "PP1",
        "avg": 3.06,
        "hit": false,
        "diffAvg": 0.22,
        "diffAbs": 0.12,
        "lastAvg": 2.94,
        "diff": 0.18,
        "avgMin": 19,
        "proj": 2.8,
        "lastAvgMin": 19.65,
        "oppOver": 0,
        "teamOver": 0,
        "gameLine": "+155",
        "+/-": -7,
        "L5_+/-": -2.0,
        "prevMatchup": "2022-12-28 5.0 sog",
        "winLossSplits": "3.28 - 2.61",
        "awayHome": "H",
        "playedYesterday": "N",
        "awayHomeSplits": "2.91 - 3.19",
        "savesAboveExp": 0.033,
        "gsaa": 4.8,
        "corsi": "47.5% (52.4) // 51.6% (54.5) // 55.0% (53.9) // 58.5% (57.0)",
        "fenwick": "48.1% (39.2) // 53.0% (41.0) // 53.8% (39.1) // 55.1% (38.0)",
        "shots": "48.7% (28.4) // 53.4% (29.4) // 55.6% (28.1) // 56.4% (28.5)",
        "scoring": "46.2% (25.7) // 49.6% (26.6) // 52.6% (23.8) // 55.3% (23.5)",
        "corsiAgainst": "52.5% (57.8) // 48.4% (51.1) // 45.0% (44.1) // 41.5% (40.5)",
        "fenwickAgainst": "51.9% (42.2) // 47.0% (36.4) // 46.2% (33.6) // 44.9% (31.0)",
        "shotsAgainst": "51.3% (29.9) // 46.6% (25.6) // 44.4% (22.4) // 43.6% (22.0)",
        "scoringAgainst": "53.8% (29.9) // 50.4% (27.0) // 47.4% (21.4) // 44.7% (19.0)",
        "oppCorsi": "51.8% (63.1) // 55.0% (69.9) // 57.1% (75.4) // 54.1% (74.0)",
        "oppFenwick": "51.7% (47.2) // 56.3% (52.2) // 57.8% (56.2) // 55.2% (57.0)",
        "oppShots": "51.0% (34.2) // 57.3% (38.5) // 59.5% (41.8) // 56.7% (42.3)",
        "oppScoring": "52.4% (33.2) // 58.0% (37.4) // 57.9% (39.8) // 51.8% (37.7)",
        "oppCorsiAgainst": "48.2% (58.7) // 45.0% (57.0) // 42.9% (56.6) // 45.9% (62.7)",
        "oppFenwickAgainst": "48.3% (44.1) // 43.7% (40.4) // 42.2% (41.0) // 44.8% (46.3)",
        "oppShotsAgainst": "49.0% (32.8) // 42.7% (28.6) // 40.5% (28.4) // 43.3% (32.3)",
        "oppScoringAgainst": "47.6% (30.1) // 42.0% (27.0) // 42.1% (29.0) // 48.2% (35.0)",
        "savesPerGame": 27.0,
        "savesPerGameLast1": 19.0,
        "savesPerGameLast3": 19.0,
        "savesPerGameLast5": 19.0,
        "savesPer60": 27.1,
        "savesPer60Last1": 18.1,
        "savesPer60Last3": 18.9,
        "savesPer60Last5": 18.9,
        "shotsPerGame": 28.8,
        "shotsPerGameLast5": 28.6,
        "shotsAgainstPerGame": 30.3,
        "shotsAgainstPerGameLast5": 22.8,
        "oppSavesAgainstPer60": 31.4,
        "oppSavesAgainstPer60Last1": 36.0,
        "oppSavesAgainstPer60Last3": 38.2,
        "oppSavesAgainstPer60Last5": 39.0,
        "oppShotsAgainstPerGame": 33.2,
        "oppShotsAgainstPerGameLast5": 28.4,
        "savesProj": 28.3,
        "savesProjLast5": 24.8,
        "savesProjLast3": 24.4,
        "oppSavesAgainstProj": 30.0,
        "oppSavesAgainstProjLast5": 26.6,
        "oppSavesAgainstProjLast3": 28.2,
        "totalOver": 59,
        "totalOverLast5": 20,
        "totalOverLast15": 47,
        "lastTotalOver": 55,
        "last5": "2,2,2,1,3,5,3,3,5,3",
        "overOdds": "-165",
        "underOdds": "+135",
        "overUnder": "-165 / +135"
    },
    {
        "player": "Evgeni Malkin",
        "team": "PIT",
        "opponent": "DET",
        "propType": "sog",
        "line": 2.5,
        "ppLine": "PP1",
        "avg": 2.85,
        "hit": false,
        "diffAvg": 0.14,
        "diffAbs": 0.04,
        "lastAvg": 2.69,
        "diff": 0.08,
        "avgMin": 18,
        "proj": 2.6,
        "lastAvgMin": 18.32,
        "oppOver": 0,
        "teamOver": 0,
        "gameLine": "-180",
        "+/-": -8,
        "L5_+/-": -2.0,
        "prevMatchup": "2022-12-28 0.0 sog",
        "winLossSplits": "3.21 - 2.34",
        "awayHome": "A",
        "playedYesterday": "N",
        "awayHomeSplits": "2.62 - 3.08",
        "savesAboveExp": -1.293,
        "gsaa": -7.11,
        "corsi": "51.8% (63.1) // 55.0% (69.9) // 57.1% (75.4) // 54.1% (74.0)",
        "fenwick": "51.7% (47.2) // 56.3% (52.2) // 57.8% (56.2) // 55.2% (57.0)",
        "shots": "51.0% (34.2) // 57.3% (38.5) // 59.5% (41.8) // 56.7% (42.3)",
        "scoring": "52.4% (33.2) // 58.0% (37.4) // 57.9% (39.8) // 51.8% (37.7)",
        "corsiAgainst": "48.2% (58.7) // 45.0% (57.0) // 42.9% (56.6) // 45.9% (62.7)",
        "fenwickAgainst": "48.3% (44.1) // 43.7% (40.4) // 42.2% (41.0) // 44.8% (46.3)",
        "shotsAgainst": "49.0% (32.8) // 42.7% (28.6) // 40.5% (28.4) // 43.3% (32.3)",
        "scoringAgainst": "47.6% (30.1) // 42.0% (27.0) // 42.1% (29.0) // 48.2% (35.0)",
        "oppCorsi": "47.5% (52.4) // 51.6% (54.5) // 55.0% (53.9) // 58.5% (57.0)",
        "oppFenwick": "48.1% (39.2) // 53.0% (41.0) // 53.8% (39.1) // 55.1% (38.0)",
        "oppShots": "48.7% (28.4) // 53.4% (29.4) // 55.6% (28.1) // 56.4% (28.5)",
        "oppScoring": "46.2% (25.7) // 49.6% (26.6) // 52.6% (23.8) // 55.3% (23.5)",
        "oppCorsiAgainst": "52.5% (57.8) // 48.4% (51.1) // 45.0% (44.1) // 41.5% (40.5)",
        "oppFenwickAgainst": "51.9% (42.2) // 47.0% (36.4) // 46.2% (33.6) // 44.9% (31.0)",
        "oppShotsAgainst": "51.3% (29.9) // 46.6% (25.6) // 44.4% (22.4) // 43.6% (22.0)",
        "oppScoringAgainst": "53.8% (29.9) // 50.4% (27.0) // 47.4% (21.4) // 44.7% (19.0)",
        "savesPerGame": 29.9,
        "savesPerGameLast1": 31.0,
        "savesPerGameLast3": 29.7,
        "savesPerGameLast5": 25.2,
        "savesPer60": 30.0,
        "savesPer60Last1": 31.0,
        "savesPer60Last3": 29.3,
        "savesPer60Last5": 24.8,
        "shotsPerGame": 34.5,
        "shotsPerGameLast5": 41.8,
        "shotsAgainstPerGame": 33.2,
        "shotsAgainstPerGameLast5": 28.4,
        "oppSavesAgainstPer60": 26.0,
        "oppSavesAgainstPer60Last1": 30.4,
        "oppSavesAgainstPer60Last3": 28.5,
        "oppSavesAgainstPer60Last5": 27.8,
        "oppShotsAgainstPerGame": 30.3,
        "oppShotsAgainstPerGameLast5": 22.8,
        "savesProj": 28.6,
        "savesProjLast5": 24.7,
        "savesProjLast3": 29.6,
        "oppSavesAgainstProj": 27.5,
        "oppSavesAgainstProjLast5": 24.1,
        "oppSavesAgainstProjLast3": 29.1,
        "totalOver": 52,
        "totalOverLast5": 40,
        "totalOverLast15": 40,
        "lastTotalOver": 50,
        "last5": "2,3,2,4,2,0,3,2,3,1",
        "overOdds": "-120",
        "underOdds": "-110",
        "overUnder": "-120 / -110"
    },
    {
        "player": "Jake Guentzel",
        "team": "PIT",
        "opponent": "DET",
        "propType": "sog",
        "line": 3.5,
        "ppLine": "PP1",
        "avg": 3.26,
        "hit": false,
        "diffAvg": -0.07,
        "diffAbs": 0.11,
        "lastAvg": 3.11,
        "diff": -0.11,
        "avgMin": 20,
        "proj": 3.1,
        "lastAvgMin": 20.08,
        "oppOver": 0,
        "teamOver": 0,
        "gameLine": "-180",
        "+/-": "+1",
        "L5_+/-": -3.0,
        "prevMatchup": "2022-12-28 1.0 sog",
        "winLossSplits": "4.13 - 2.36",
        "awayHome": "A",
        "playedYesterday": "N",
        "awayHomeSplits": "2.88 - 3.61",
        "savesAboveExp": -1.293,
        "gsaa": -7.11,
        "corsi": "51.8% (63.1) // 55.0% (69.9) // 57.1% (75.4) // 54.1% (74.0)",
        "fenwick": "51.7% (47.2) // 56.3% (52.2) // 57.8% (56.2) // 55.2% (57.0)",
        "shots": "51.0% (34.2) // 57.3% (38.5) // 59.5% (41.8) // 56.7% (42.3)",
        "scoring": "52.4% (33.2) // 58.0% (37.4) // 57.9% (39.8) // 51.8% (37.7)",
        "corsiAgainst": "48.2% (58.7) // 45.0% (57.0) // 42.9% (56.6) // 45.9% (62.7)",
        "fenwickAgainst": "48.3% (44.1) // 43.7% (40.4) // 42.2% (41.0) // 44.8% (46.3)",
        "shotsAgainst": "49.0% (32.8) // 42.7% (28.6) // 40.5% (28.4) // 43.3% (32.3)",
        "scoringAgainst": "47.6% (30.1) // 42.0% (27.0) // 42.1% (29.0) // 48.2% (35.0)",
        "oppCorsi": "47.5% (52.4) // 51.6% (54.5) // 55.0% (53.9) // 58.5% (57.0)",
        "oppFenwick": "48.1% (39.2) // 53.0% (41.0) // 53.8% (39.1) // 55.1% (38.0)",
        "oppShots": "48.7% (28.4) // 53.4% (29.4) // 55.6% (28.1) // 56.4% (28.5)",
        "oppScoring": "46.2% (25.7) // 49.6% (26.6) // 52.6% (23.8) // 55.3% (23.5)",
        "oppCorsiAgainst": "52.5% (57.8) // 48.4% (51.1) // 45.0% (44.1) // 41.5% (40.5)",
        "oppFenwickAgainst": "51.9% (42.2) // 47.0% (36.4) // 46.2% (33.6) // 44.9% (31.0)",
        "oppShotsAgainst": "51.3% (29.9) // 46.6% (25.6) // 44.4% (22.4) // 43.6% (22.0)",
        "oppScoringAgainst": "53.8% (29.9) // 50.4% (27.0) // 47.4% (21.4) // 44.7% (19.0)",
        "savesPerGame": 29.9,
        "savesPerGameLast1": 31.0,
        "savesPerGameLast3": 29.7,
        "savesPerGameLast5": 25.2,
        "savesPer60": 30.0,
        "savesPer60Last1": 31.0,
        "savesPer60Last3": 29.3,
        "savesPer60Last5": 24.8,
        "shotsPerGame": 34.5,
        "shotsPerGameLast5": 41.8,
        "shotsAgainstPerGame": 33.2,
        "shotsAgainstPerGameLast5": 28.4,
        "oppSavesAgainstPer60": 26.0,
        "oppSavesAgainstPer60Last1": 30.4,
        "oppSavesAgainstPer60Last3": 28.5,
        "oppSavesAgainstPer60Last5": 27.8,
        "oppShotsAgainstPerGame": 30.3,
        "oppShotsAgainstPerGameLast5": 22.8,
        "savesProj": 28.6,
        "savesProjLast5": 24.7,
        "savesProjLast3": 29.6,
        "oppSavesAgainstProj": 27.5,
        "oppSavesAgainstProjLast5": 24.1,
        "oppSavesAgainstProjLast3": 29.1,
        "totalOver": 41,
        "totalOverLast5": 60,
        "totalOverLast15": 53,
        "lastTotalOver": 47,
        "last5": "7,2,4,5,3,6,6,4,3,3",
        "overOdds": "+100",
        "underOdds": "-130",
        "overUnder": "+100 / -130"
    },
    {
        "player": "Jake Walman",
        "team": "DET",
        "opponent": "PIT",
        "propType": "sog",
        "line": 2.5,
        "ppLine": "PP2",
        "avg": 2.3,
        "hit": false,
        "diffAvg": -0.08,
        "diffAbs": 0.08,
        "lastAvg": 1.71,
        "diff": -0.32,
        "avgMin": 19,
        "proj": 2.3,
        "lastAvgMin": 14.02,
        "oppOver": 0,
        "teamOver": 0,
        "gameLine": "+155",
        "+/-": "+13",
        "L5_+/-": -3.0,
        "prevMatchup": "2022-12-28 3.0 sog",
        "winLossSplits": "2.11 - 2.29",
        "awayHome": "H",
        "playedYesterday": "N",
        "awayHomeSplits": "2.0 - 2.62",
        "savesAboveExp": 0.033,
        "gsaa": 4.8,
        "corsi": "47.5% (52.4) // 51.6% (54.5) // 55.0% (53.9) // 58.5% (57.0)",
        "fenwick": "48.1% (39.2) // 53.0% (41.0) // 53.8% (39.1) // 55.1% (38.0)",
        "shots": "48.7% (28.4) // 53.4% (29.4) // 55.6% (28.1) // 56.4% (28.5)",
        "scoring": "46.2% (25.7) // 49.6% (26.6) // 52.6% (23.8) // 55.3% (23.5)",
        "corsiAgainst": "52.5% (57.8) // 48.4% (51.1) // 45.0% (44.1) // 41.5% (40.5)",
        "fenwickAgainst": "51.9% (42.2) // 47.0% (36.4) // 46.2% (33.6) // 44.9% (31.0)",
        "shotsAgainst": "51.3% (29.9) // 46.6% (25.6) // 44.4% (22.4) // 43.6% (22.0)",
        "scoringAgainst": "53.8% (29.9) // 50.4% (27.0) // 47.4% (21.4) // 44.7% (19.0)",
        "oppCorsi": "51.8% (63.1) // 55.0% (69.9) // 57.1% (75.4) // 54.1% (74.0)",
        "oppFenwick": "51.7% (47.2) // 56.3% (52.2) // 57.8% (56.2) // 55.2% (57.0)",
        "oppShots": "51.0% (34.2) // 57.3% (38.5) // 59.5% (41.8) // 56.7% (42.3)",
        "oppScoring": "52.4% (33.2) // 58.0% (37.4) // 57.9% (39.8) // 51.8% (37.7)",
        "oppCorsiAgainst": "48.2% (58.7) // 45.0% (57.0) // 42.9% (56.6) // 45.9% (62.7)",
        "oppFenwickAgainst": "48.3% (44.1) // 43.7% (40.4) // 42.2% (41.0) // 44.8% (46.3)",
        "oppShotsAgainst": "49.0% (32.8) // 42.7% (28.6) // 40.5% (28.4) // 43.3% (32.3)",
        "oppScoringAgainst": "47.6% (30.1) // 42.0% (27.0) // 42.1% (29.0) // 48.2% (35.0)",
        "savesPerGame": 27.0,
        "savesPerGameLast1": 19.0,
        "savesPerGameLast3": 19.0,
        "savesPerGameLast5": 19.0,
        "savesPer60": 27.1,
        "savesPer60Last1": 18.1,
        "savesPer60Last3": 18.9,
        "savesPer60Last5": 18.9,
        "shotsPerGame": 28.8,
        "shotsPerGameLast5": 28.6,
        "shotsAgainstPerGame": 30.3,
        "shotsAgainstPerGameLast5": 22.8,
        "oppSavesAgainstPer60": 31.4,
        "oppSavesAgainstPer60Last1": 36.0,
        "oppSavesAgainstPer60Last3": 38.2,
        "oppSavesAgainstPer60Last5": 39.0,
        "oppShotsAgainstPerGame": 33.2,
        "oppShotsAgainstPerGameLast5": 28.4,
        "savesProj": 28.3,
        "savesProjLast5": 24.8,
        "savesProjLast3": 24.4,
        "oppSavesAgainstProj": 30.0,
        "oppSavesAgainstProjLast5": 26.6,
        "oppSavesAgainstProjLast3": 28.2,
        "totalOver": 42,
        "totalOverLast5": 60,
        "totalOverLast15": 27,
        "lastTotalOver": 46,
        "last5": "0,4,3,4,2,0,1,2,4,2",
        "overOdds": "+110",
        "underOdds": "-140",
        "overUnder": "+110 / -140"
    },
    {
        "player": "Jason Zucker",
        "team": "PIT",
        "opponent": "DET",
        "propType": "sog",
        "line": 2.5,
        "ppLine": "PP2",
        "avg": 2.65,
        "hit": false,
        "diffAvg": 0.06,
        "diffAbs": 0.12,
        "lastAvg": 2.22,
        "diff": -0.11,
        "avgMin": 15,
        "proj": 2.2,
        "lastAvgMin": 14.82,
        "oppOver": 0,
        "teamOver": 0,
        "gameLine": "-180",
        "+/-": 0,
        "L5_+/-": -1.0,
        "prevMatchup": "2022-12-28 7.0 sog",
        "winLossSplits": "2.87 - 2.23",
        "awayHome": "A",
        "playedYesterday": "N",
        "awayHomeSplits": "2.3 - 2.97",
        "savesAboveExp": -1.293,
        "gsaa": -7.11,
        "corsi": "51.8% (63.1) // 55.0% (69.9) // 57.1% (75.4) // 54.1% (74.0)",
        "fenwick": "51.7% (47.2) // 56.3% (52.2) // 57.8% (56.2) // 55.2% (57.0)",
        "shots": "51.0% (34.2) // 57.3% (38.5) // 59.5% (41.8) // 56.7% (42.3)",
        "scoring": "52.4% (33.2) // 58.0% (37.4) // 57.9% (39.8) // 51.8% (37.7)",
        "corsiAgainst": "48.2% (58.7) // 45.0% (57.0) // 42.9% (56.6) // 45.9% (62.7)",
        "fenwickAgainst": "48.3% (44.1) // 43.7% (40.4) // 42.2% (41.0) // 44.8% (46.3)",
        "shotsAgainst": "49.0% (32.8) // 42.7% (28.6) // 40.5% (28.4) // 43.3% (32.3)",
        "scoringAgainst": "47.6% (30.1) // 42.0% (27.0) // 42.1% (29.0) // 48.2% (35.0)",
        "oppCorsi": "47.5% (52.4) // 51.6% (54.5) // 55.0% (53.9) // 58.5% (57.0)",
        "oppFenwick": "48.1% (39.2) // 53.0% (41.0) // 53.8% (39.1) // 55.1% (38.0)",
        "oppShots": "48.7% (28.4) // 53.4% (29.4) // 55.6% (28.1) // 56.4% (28.5)",
        "oppScoring": "46.2% (25.7) // 49.6% (26.6) // 52.6% (23.8) // 55.3% (23.5)",
        "oppCorsiAgainst": "52.5% (57.8) // 48.4% (51.1) // 45.0% (44.1) // 41.5% (40.5)",
        "oppFenwickAgainst": "51.9% (42.2) // 47.0% (36.4) // 46.2% (33.6) // 44.9% (31.0)",
        "oppShotsAgainst": "51.3% (29.9) // 46.6% (25.6) // 44.4% (22.4) // 43.6% (22.0)",
        "oppScoringAgainst": "53.8% (29.9) // 50.4% (27.0) // 47.4% (21.4) // 44.7% (19.0)",
        "savesPerGame": 29.9,
        "savesPerGameLast1": 31.0,
        "savesPerGameLast3": 29.7,
        "savesPerGameLast5": 25.2,
        "savesPer60": 30.0,
        "savesPer60Last1": 31.0,
        "savesPer60Last3": 29.3,
        "savesPer60Last5": 24.8,
        "shotsPerGame": 34.5,
        "shotsPerGameLast5": 41.8,
        "shotsAgainstPerGame": 33.2,
        "shotsAgainstPerGameLast5": 28.4,
        "oppSavesAgainstPer60": 26.0,
        "oppSavesAgainstPer60Last1": 30.4,
        "oppSavesAgainstPer60Last3": 28.5,
        "oppSavesAgainstPer60Last5": 27.8,
        "oppShotsAgainstPerGame": 30.3,
        "oppShotsAgainstPerGameLast5": 22.8,
        "savesProj": 28.6,
        "savesProjLast5": 24.7,
        "savesProjLast3": 29.6,
        "oppSavesAgainstProj": 27.5,
        "oppSavesAgainstProjLast5": 24.1,
        "oppSavesAgainstProjLast3": 29.1,
        "totalOver": 49,
        "totalOverLast5": 80,
        "totalOverLast15": 67,
        "lastTotalOver": 50,
        "last5": "6,3,5,2,3,4,4,8,4,2",
        "overOdds": "-120",
        "underOdds": "-110",
        "overUnder": "-120 / -110"
    },
    {
        "player": "Kris Letang",
        "team": "PIT",
        "opponent": "DET",
        "propType": "sog",
        "line": 2.5,
        "ppLine": "PP1",
        "avg": 2.47,
        "hit": false,
        "diffAvg": -0.01,
        "diffAbs": 0.08,
        "lastAvg": 2.52,
        "diff": 0.01,
        "avgMin": 24,
        "proj": 2.3,
        "lastAvgMin": 25.77,
        "oppOver": 0,
        "teamOver": 0,
        "gameLine": "-180",
        "+/-": -11,
        "L5_+/-": "+1.0",
        "prevMatchup": "2022-12-28 2.0 sog",
        "winLossSplits": "2.34 - 2.42",
        "awayHome": "A",
        "playedYesterday": "N",
        "awayHomeSplits": "1.97 - 3.04",
        "savesAboveExp": -1.293,
        "gsaa": -7.11,
        "corsi": "51.8% (63.1) // 55.0% (69.9) // 57.1% (75.4) // 54.1% (74.0)",
        "fenwick": "51.7% (47.2) // 56.3% (52.2) // 57.8% (56.2) // 55.2% (57.0)",
        "shots": "51.0% (34.2) // 57.3% (38.5) // 59.5% (41.8) // 56.7% (42.3)",
        "scoring": "52.4% (33.2) // 58.0% (37.4) // 57.9% (39.8) // 51.8% (37.7)",
        "corsiAgainst": "48.2% (58.7) // 45.0% (57.0) // 42.9% (56.6) // 45.9% (62.7)",
        "fenwickAgainst": "48.3% (44.1) // 43.7% (40.4) // 42.2% (41.0) // 44.8% (46.3)",
        "shotsAgainst": "49.0% (32.8) // 42.7% (28.6) // 40.5% (28.4) // 43.3% (32.3)",
        "scoringAgainst": "47.6% (30.1) // 42.0% (27.0) // 42.1% (29.0) // 48.2% (35.0)",
        "oppCorsi": "47.5% (52.4) // 51.6% (54.5) // 55.0% (53.9) // 58.5% (57.0)",
        "oppFenwick": "48.1% (39.2) // 53.0% (41.0) // 53.8% (39.1) // 55.1% (38.0)",
        "oppShots": "48.7% (28.4) // 53.4% (29.4) // 55.6% (28.1) // 56.4% (28.5)",
        "oppScoring": "46.2% (25.7) // 49.6% (26.6) // 52.6% (23.8) // 55.3% (23.5)",
        "oppCorsiAgainst": "52.5% (57.8) // 48.4% (51.1) // 45.0% (44.1) // 41.5% (40.5)",
        "oppFenwickAgainst": "51.9% (42.2) // 47.0% (36.4) // 46.2% (33.6) // 44.9% (31.0)",
        "oppShotsAgainst": "51.3% (29.9) // 46.6% (25.6) // 44.4% (22.4) // 43.6% (22.0)",
        "oppScoringAgainst": "53.8% (29.9) // 50.4% (27.0) // 47.4% (21.4) // 44.7% (19.0)",
        "savesPerGame": 29.9,
        "savesPerGameLast1": 31.0,
        "savesPerGameLast3": 29.7,
        "savesPerGameLast5": 25.2,
        "savesPer60": 30.0,
        "savesPer60Last1": 31.0,
        "savesPer60Last3": 29.3,
        "savesPer60Last5": 24.8,
        "shotsPerGame": 34.5,
        "shotsPerGameLast5": 41.8,
        "shotsAgainstPerGame": 33.2,
        "shotsAgainstPerGameLast5": 28.4,
        "oppSavesAgainstPer60": 26.0,
        "oppSavesAgainstPer60Last1": 30.4,
        "oppSavesAgainstPer60Last3": 28.5,
        "oppSavesAgainstPer60Last5": 27.8,
        "oppShotsAgainstPerGame": 30.3,
        "oppShotsAgainstPerGameLast5": 22.8,
        "savesProj": 28.6,
        "savesProjLast5": 24.7,
        "savesProjLast3": 29.6,
        "oppSavesAgainstProj": 27.5,
        "oppSavesAgainstProjLast5": 24.1,
        "oppSavesAgainstProjLast3": 29.1,
        "totalOver": 49,
        "totalOverLast5": 100,
        "totalOverLast15": 73,
        "lastTotalOver": 55,
        "last5": "4,3,3,5,3,1,4,3,5,5",
        "overOdds": "-155",
        "underOdds": "+125",
        "overUnder": "-155 / +125"
    },
    {
        "player": "Lucas Raymond",
        "team": "DET",
        "opponent": "PIT",
        "propType": "sog",
        "line": 2.5,
        "ppLine": "PP1",
        "avg": 1.89,
        "hit": false,
        "diffAvg": -0.24,
        "diffAbs": 0.16,
        "lastAvg": 2.24,
        "diff": -0.1,
        "avgMin": 17,
        "proj": 2.1,
        "lastAvgMin": 18.15,
        "oppOver": 0,
        "teamOver": 0,
        "gameLine": "+155",
        "+/-": -18,
        "L5_+/-": -5.0,
        "prevMatchup": "2022-12-28 0.0 sog",
        "winLossSplits": "1.76 - 1.85",
        "awayHome": "H",
        "playedYesterday": "N",
        "awayHomeSplits": "1.42 - 2.33",
        "savesAboveExp": 0.033,
        "gsaa": 4.8,
        "corsi": "47.5% (52.4) // 51.6% (54.5) // 55.0% (53.9) // 58.5% (57.0)",
        "fenwick": "48.1% (39.2) // 53.0% (41.0) // 53.8% (39.1) // 55.1% (38.0)",
        "shots": "48.7% (28.4) // 53.4% (29.4) // 55.6% (28.1) // 56.4% (28.5)",
        "scoring": "46.2% (25.7) // 49.6% (26.6) // 52.6% (23.8) // 55.3% (23.5)",
        "corsiAgainst": "52.5% (57.8) // 48.4% (51.1) // 45.0% (44.1) // 41.5% (40.5)",
        "fenwickAgainst": "51.9% (42.2) // 47.0% (36.4) // 46.2% (33.6) // 44.9% (31.0)",
        "shotsAgainst": "51.3% (29.9) // 46.6% (25.6) // 44.4% (22.4) // 43.6% (22.0)",
        "scoringAgainst": "53.8% (29.9) // 50.4% (27.0) // 47.4% (21.4) // 44.7% (19.0)",
        "oppCorsi": "51.8% (63.1) // 55.0% (69.9) // 57.1% (75.4) // 54.1% (74.0)",
        "oppFenwick": "51.7% (47.2) // 56.3% (52.2) // 57.8% (56.2) // 55.2% (57.0)",
        "oppShots": "51.0% (34.2) // 57.3% (38.5) // 59.5% (41.8) // 56.7% (42.3)",
        "oppScoring": "52.4% (33.2) // 58.0% (37.4) // 57.9% (39.8) // 51.8% (37.7)",
        "oppCorsiAgainst": "48.2% (58.7) // 45.0% (57.0) // 42.9% (56.6) // 45.9% (62.7)",
        "oppFenwickAgainst": "48.3% (44.1) // 43.7% (40.4) // 42.2% (41.0) // 44.8% (46.3)",
        "oppShotsAgainst": "49.0% (32.8) // 42.7% (28.6) // 40.5% (28.4) // 43.3% (32.3)",
        "oppScoringAgainst": "47.6% (30.1) // 42.0% (27.0) // 42.1% (29.0) // 48.2% (35.0)",
        "savesPerGame": 27.0,
        "savesPerGameLast1": 19.0,
        "savesPerGameLast3": 19.0,
        "savesPerGameLast5": 19.0,
        "savesPer60": 27.1,
        "savesPer60Last1": 18.1,
        "savesPer60Last3": 18.9,
        "savesPer60Last5": 18.9,
        "shotsPerGame": 28.8,
        "shotsPerGameLast5": 28.6,
        "shotsAgainstPerGame": 30.3,
        "shotsAgainstPerGameLast5": 22.8,
        "oppSavesAgainstPer60": 31.4,
        "oppSavesAgainstPer60Last1": 36.0,
        "oppSavesAgainstPer60Last3": 38.2,
        "oppSavesAgainstPer60Last5": 39.0,
        "oppShotsAgainstPerGame": 33.2,
        "oppShotsAgainstPerGameLast5": 28.4,
        "savesProj": 28.3,
        "savesProjLast5": 24.8,
        "savesProjLast3": 24.4,
        "oppSavesAgainstProj": 30.0,
        "oppSavesAgainstProjLast5": 26.6,
        "oppSavesAgainstProjLast3": 28.2,
        "totalOver": 30,
        "totalOverLast5": 40,
        "totalOverLast15": 47,
        "lastTotalOver": 36,
        "last5": "5,3,2,0,2,3,0,3,5,2",
        "overOdds": "+125",
        "underOdds": "-155",
        "overUnder": "+125 / -155"
    },
    {
        "player": "Moritz Seider",
        "team": "DET",
        "opponent": "PIT",
        "propType": "sog",
        "line": 2.5,
        "ppLine": "PP1",
        "avg": 1.76,
        "hit": false,
        "diffAvg": -0.3,
        "diffAbs": 0.08,
        "lastAvg": 2.28,
        "diff": -0.09,
        "avgMin": 23,
        "proj": 2.3,
        "lastAvgMin": 23.03,
        "oppOver": 0,
        "teamOver": 0,
        "gameLine": "+155",
        "+/-": -8,
        "L5_+/-": 0.0,
        "prevMatchup": "2022-12-28 2.0 sog",
        "winLossSplits": "1.7 - 1.82",
        "awayHome": "H",
        "playedYesterday": "N",
        "awayHomeSplits": "1.47 - 2.06",
        "savesAboveExp": 0.033,
        "gsaa": 4.8,
        "corsi": "47.5% (52.4) // 51.6% (54.5) // 55.0% (53.9) // 58.5% (57.0)",
        "fenwick": "48.1% (39.2) // 53.0% (41.0) // 53.8% (39.1) // 55.1% (38.0)",
        "shots": "48.7% (28.4) // 53.4% (29.4) // 55.6% (28.1) // 56.4% (28.5)",
        "scoring": "46.2% (25.7) // 49.6% (26.6) // 52.6% (23.8) // 55.3% (23.5)",
        "corsiAgainst": "52.5% (57.8) // 48.4% (51.1) // 45.0% (44.1) // 41.5% (40.5)",
        "fenwickAgainst": "51.9% (42.2) // 47.0% (36.4) // 46.2% (33.6) // 44.9% (31.0)",
        "shotsAgainst": "51.3% (29.9) // 46.6% (25.6) // 44.4% (22.4) // 43.6% (22.0)",
        "scoringAgainst": "53.8% (29.9) // 50.4% (27.0) // 47.4% (21.4) // 44.7% (19.0)",
        "oppCorsi": "51.8% (63.1) // 55.0% (69.9) // 57.1% (75.4) // 54.1% (74.0)",
        "oppFenwick": "51.7% (47.2) // 56.3% (52.2) // 57.8% (56.2) // 55.2% (57.0)",
        "oppShots": "51.0% (34.2) // 57.3% (38.5) // 59.5% (41.8) // 56.7% (42.3)",
        "oppScoring": "52.4% (33.2) // 58.0% (37.4) // 57.9% (39.8) // 51.8% (37.7)",
        "oppCorsiAgainst": "48.2% (58.7) // 45.0% (57.0) // 42.9% (56.6) // 45.9% (62.7)",
        "oppFenwickAgainst": "48.3% (44.1) // 43.7% (40.4) // 42.2% (41.0) // 44.8% (46.3)",
        "oppShotsAgainst": "49.0% (32.8) // 42.7% (28.6) // 40.5% (28.4) // 43.3% (32.3)",
        "oppScoringAgainst": "47.6% (30.1) // 42.0% (27.0) // 42.1% (29.0) // 48.2% (35.0)",
        "savesPerGame": 27.0,
        "savesPerGameLast1": 19.0,
        "savesPerGameLast3": 19.0,
        "savesPerGameLast5": 19.0,
        "savesPer60": 27.1,
        "savesPer60Last1": 18.1,
        "savesPer60Last3": 18.9,
        "savesPer60Last5": 18.9,
        "shotsPerGame": 28.8,
        "shotsPerGameLast5": 28.6,
        "shotsAgainstPerGame": 30.3,
        "shotsAgainstPerGameLast5": 22.8,
        "oppSavesAgainstPer60": 31.4,
        "oppSavesAgainstPer60Last1": 36.0,
        "oppSavesAgainstPer60Last3": 38.2,
        "oppSavesAgainstPer60Last5": 39.0,
        "oppShotsAgainstPerGame": 33.2,
        "oppShotsAgainstPerGameLast5": 28.4,
        "savesProj": 28.3,
        "savesProjLast5": 24.8,
        "savesProjLast3": 24.4,
        "oppSavesAgainstProj": 30.0,
        "oppSavesAgainstProjLast5": 26.6,
        "oppSavesAgainstProjLast3": 28.2,
        "totalOver": 26,
        "totalOverLast5": 20,
        "totalOverLast15": 40,
        "lastTotalOver": 38,
        "last5": "6,2,2,2,2,4,2,3,0,3",
        "overOdds": "+140",
        "underOdds": "-175",
        "overUnder": "+140 / -175"
    },
    {
        "player": "Rickard Rakell",
        "team": "PIT",
        "opponent": "DET",
        "propType": "sog",
        "line": 2.5,
        "ppLine": "PP1",
        "avg": 3.01,
        "hit": false,
        "diffAvg": 0.2,
        "diffAbs": 0.04,
        "lastAvg": 2.56,
        "diff": 0.02,
        "avgMin": 18,
        "proj": 2.6,
        "lastAvgMin": 17.98,
        "oppOver": 0,
        "teamOver": 0,
        "gameLine": "-180",
        "+/-": "+1",
        "L5_+/-": -2.0,
        "prevMatchup": "2022-12-28 3.0 sog",
        "winLossSplits": "2.8 - 3.07",
        "awayHome": "A",
        "playedYesterday": "N",
        "awayHomeSplits": "2.73 - 3.31",
        "savesAboveExp": -1.293,
        "gsaa": -7.11,
        "corsi": "51.8% (63.1) // 55.0% (69.9) // 57.1% (75.4) // 54.1% (74.0)",
        "fenwick": "51.7% (47.2) // 56.3% (52.2) // 57.8% (56.2) // 55.2% (57.0)",
        "shots": "51.0% (34.2) // 57.3% (38.5) // 59.5% (41.8) // 56.7% (42.3)",
        "scoring": "52.4% (33.2) // 58.0% (37.4) // 57.9% (39.8) // 51.8% (37.7)",
        "corsiAgainst": "48.2% (58.7) // 45.0% (57.0) // 42.9% (56.6) // 45.9% (62.7)",
        "fenwickAgainst": "48.3% (44.1) // 43.7% (40.4) // 42.2% (41.0) // 44.8% (46.3)",
        "shotsAgainst": "49.0% (32.8) // 42.7% (28.6) // 40.5% (28.4) // 43.3% (32.3)",
        "scoringAgainst": "47.6% (30.1) // 42.0% (27.0) // 42.1% (29.0) // 48.2% (35.0)",
        "oppCorsi": "47.5% (52.4) // 51.6% (54.5) // 55.0% (53.9) // 58.5% (57.0)",
        "oppFenwick": "48.1% (39.2) // 53.0% (41.0) // 53.8% (39.1) // 55.1% (38.0)",
        "oppShots": "48.7% (28.4) // 53.4% (29.4) // 55.6% (28.1) // 56.4% (28.5)",
        "oppScoring": "46.2% (25.7) // 49.6% (26.6) // 52.6% (23.8) // 55.3% (23.5)",
        "oppCorsiAgainst": "52.5% (57.8) // 48.4% (51.1) // 45.0% (44.1) // 41.5% (40.5)",
        "oppFenwickAgainst": "51.9% (42.2) // 47.0% (36.4) // 46.2% (33.6) // 44.9% (31.0)",
        "oppShotsAgainst": "51.3% (29.9) // 46.6% (25.6) // 44.4% (22.4) // 43.6% (22.0)",
        "oppScoringAgainst": "53.8% (29.9) // 50.4% (27.0) // 47.4% (21.4) // 44.7% (19.0)",
        "savesPerGame": 29.9,
        "savesPerGameLast1": 31.0,
        "savesPerGameLast3": 29.7,
        "savesPerGameLast5": 25.2,
        "savesPer60": 30.0,
        "savesPer60Last1": 31.0,
        "savesPer60Last3": 29.3,
        "savesPer60Last5": 24.8,
        "shotsPerGame": 34.5,
        "shotsPerGameLast5": 41.8,
        "shotsAgainstPerGame": 33.2,
        "shotsAgainstPerGameLast5": 28.4,
        "oppSavesAgainstPer60": 26.0,
        "oppSavesAgainstPer60Last1": 30.4,
        "oppSavesAgainstPer60Last3": 28.5,
        "oppSavesAgainstPer60Last5": 27.8,
        "oppShotsAgainstPerGame": 30.3,
        "oppShotsAgainstPerGameLast5": 22.8,
        "savesProj": 28.6,
        "savesProjLast5": 24.7,
        "savesProjLast3": 29.6,
        "oppSavesAgainstProj": 27.5,
        "oppSavesAgainstProjLast5": 24.1,
        "oppSavesAgainstProjLast3": 29.1,
        "totalOver": 56,
        "totalOverLast5": 60,
        "totalOverLast15": 67,
        "lastTotalOver": 49,
        "last5": "3,3,0,2,4,3,6,2,4,3",
        "overOdds": "-130",
        "underOdds": "+100",
        "overUnder": "-130 / +100"
    },
    {
        "player": "Sidney Crosby",
        "team": "PIT",
        "opponent": "DET",
        "propType": "sog",
        "line": 3.5,
        "ppLine": "PP1",
        "avg": 3.05,
        "hit": false,
        "diffAvg": -0.13,
        "diffAbs": 0.2,
        "lastAvg": 2.77,
        "diff": -0.21,
        "avgMin": 20,
        "proj": 2.8,
        "lastAvgMin": 19.97,
        "oppOver": 0,
        "teamOver": 0,
        "gameLine": "-180",
        "+/-": "+5",
        "L5_+/-": -2.0,
        "prevMatchup": "2022-12-28 2.0 sog",
        "winLossSplits": "3.47 - 2.66",
        "awayHome": "A",
        "playedYesterday": "N",
        "awayHomeSplits": "3.03 - 3.08",
        "savesAboveExp": -1.293,
        "gsaa": -7.11,
        "corsi": "51.8% (63.1) // 55.0% (69.9) // 57.1% (75.4) // 54.1% (74.0)",
        "fenwick": "51.7% (47.2) // 56.3% (52.2) // 57.8% (56.2) // 55.2% (57.0)",
        "shots": "51.0% (34.2) // 57.3% (38.5) // 59.5% (41.8) // 56.7% (42.3)",
