[
    {
        "player": "Rasmus Dahlin",
        "team": "BUF",
        "opponent": "MTL",
        "propType": "bs",
        "line": 1.5,
        "ppLine": "PP1",
        "avg": 1.69,
        "hit": false,
        "diffAvg": 0.13,
        "diffAbs": 1.0,
        "lastAvg": 0.0,
        "diff": 0,
        "avgMin": 25,
        "proj": 0.0,
        "lastAvgMin": 24.0,
        "oppOver": 0,
        "teamOver": 0,
        "gameLine": "-180",
        "+/-": "+9",
        "L5_+/-": -13.0,
        "prevMatchup": "2022-11-22 0.0 bs 2022-10-27 2.0 bs",
        "winLossSplits": "2.06 - 1.21",
        "awayHome": "H",
        "playedYesterday": "N",
        "awayHomeSplits": "2.21 - 1.2",
        "savesAboveExp": 0.116,
        "gsaa": -17.08,
        "corsi": "51.1% (57.6) \u2022 51.2% (55.9) \u2022 53.7% (56.6) \u2022 49.5% (53.0)",
        "fenwick": "49.7% (43.5) \u2022 49.8% (41.5) \u2022 54.7% (45.2) \u2022 51.8% (43.3)",
        "shots": "49.4% (31.9) \u2022 48.9% (29.5) \u2022 54.4% (31.2) \u2022 52.3% (30.7)",
        "scoring": "49.9% (30.5) \u2022 47.1% (27.0) \u2022 48.2% (27.0) \u2022 44.1% (25.0)",
        "corsiAgainst": "48.9% (55.0) \u2022 48.8% (53.4) \u2022 46.3% (48.8) \u2022 50.5% (54.0)",
        "fenwickAgainst": "50.3% (43.9) \u2022 50.2% (41.8) \u2022 45.3% (37.4) \u2022 48.2% (40.3)",
        "shotsAgainst": "50.6% (32.6) \u2022 51.1% (30.8) \u2022 45.6% (26.2) \u2022 47.7% (28.0)",
        "scoringAgainst": "50.1% (30.6) \u2022 52.9% (30.2) \u2022 51.8% (29.0) \u2022 55.9% (31.7)",
        "oppCorsi": "44.8% (51.0) \u2022 42.6% (47.9) \u2022 47.9% (50.8) \u2022 53.4% (55.3)",
        "oppFenwick": "44.8% (37.2) \u2022 43.6% (35.6) \u2022 50.6% (40.2) \u2022 56.5% (43.7)",
        "oppShots": "44.8% (27.1) \u2022 41.9% (24.5) \u2022 46.9% (26.0) \u2022 51.9% (27.7)",
        "oppScoring": "42.7% (25.2) \u2022 40.0% (22.3) \u2022 44.9% (23.0) \u2022 50.3% (26.0)",
        "oppCorsiAgainst": "55.2% (63.0) \u2022 57.4% (64.6) \u2022 52.1% (55.2) \u2022 46.6% (48.3)",
        "oppFenwickAgainst": "55.2% (45.8) \u2022 56.4% (46.1) \u2022 49.4% (39.2) \u2022 43.5% (33.7)",
        "oppShotsAgainst": "55.2% (33.4) \u2022 58.1% (33.9) \u2022 53.1% (29.5) \u2022 48.1% (25.7)",
        "oppScoringAgainst": "57.3% (33.8) \u2022 60.0% (33.5) \u2022 55.1% (28.2) \u2022 49.7% (25.7)",
        "savesPerGame": 29.2,
        "savesPerGameLast1": 26.0,
        "savesPerGameLast3": 24.3,
        "savesPerGameLast5": 21.6,
        "savesPer60": 29.3,
        "savesPer60Last1": 25.6,
        "savesPer60Last3": 24.1,
        "savesPer60Last5": 21.5,
        "shotsPerGame": 32.2,
        "shotsPerGameLast5": 31.2,
        "shotsAgainstPerGame": 32.9,
        "shotsAgainstPerGameLast5": 26.2,
        "oppSavesAgainstPer60": 24.7,
        "oppSavesAgainstPer60Last1": 24.0,
        "oppSavesAgainstPer60Last3": 23.4,
        "oppSavesAgainstPer60Last5": 22.6,
        "oppShotsAgainstPerGame": 33.7,
        "oppShotsAgainstPerGameLast5": 31.8,
        "savesProj": 23.9,
        "savesProjLast5": 16.1,
        "savesProjLast3": 18.7,
        "oppSavesAgainstProj": 25.5,
        "oppSavesAgainstProjLast5": 17.2,
        "oppSavesAgainstProjLast3": 19.9,
        "totalOver": 51,
        "totalOverLast5": 40,
        "totalOverLast15": 47,
        "lastTotalOver": 0,
        "last5": "2,1,2,0,1,3,2,2,0,2",
        "overOdds": "+115",
        "underOdds": "-145",
        "overUnder": "+115 / -145"
    },
    {
        "player": "Ilya Lyubushkin",
        "team": "BUF",
        "opponent": "MTL",
        "propType": "bs",
        "line": 1.5,
        "ppLine": "",
        "avg": 1.43,
        "hit": false,
        "diffAvg": -0.05,
        "diffAbs": 1.0,
        "lastAvg": 0.0,
        "diff": 0,
        "avgMin": 15,
        "proj": 0.0,
        "lastAvgMin": 17.45,
        "oppOver": 0,
        "teamOver": 0,
        "gameLine": "-180",
        "+/-": -2,
        "L5_+/-": 0.0,
        "prevMatchup": "2022-11-22 3.0 bs 2022-10-27 2.0 bs",
        "winLossSplits": "1.4 - 1.48",
        "awayHome": "H",
        "playedYesterday": "N",
        "awayHomeSplits": "1.39 - 1.47",
        "savesAboveExp": 0.116,
        "gsaa": -17.08,
        "corsi": "51.1% (57.6) \u2022 51.2% (55.9) \u2022 53.7% (56.6) \u2022 49.5% (53.0)",
        "fenwick": "49.7% (43.5) \u2022 49.8% (41.5) \u2022 54.7% (45.2) \u2022 51.8% (43.3)",
        "shots": "49.4% (31.9) \u2022 48.9% (29.5) \u2022 54.4% (31.2) \u2022 52.3% (30.7)",
        "scoring": "49.9% (30.5) \u2022 47.1% (27.0) \u2022 48.2% (27.0) \u2022 44.1% (25.0)",
        "corsiAgainst": "48.9% (55.0) \u2022 48.8% (53.4) \u2022 46.3% (48.8) \u2022 50.5% (54.0)",
        "fenwickAgainst": "50.3% (43.9) \u2022 50.2% (41.8) \u2022 45.3% (37.4) \u2022 48.2% (40.3)",
        "shotsAgainst": "50.6% (32.6) \u2022 51.1% (30.8) \u2022 45.6% (26.2) \u2022 47.7% (28.0)",
        "scoringAgainst": "50.1% (30.6) \u2022 52.9% (30.2) \u2022 51.8% (29.0) \u2022 55.9% (31.7)",
        "oppCorsi": "44.8% (51.0) \u2022 42.6% (47.9) \u2022 47.9% (50.8) \u2022 53.4% (55.3)",
        "oppFenwick": "44.8% (37.2) \u2022 43.6% (35.6) \u2022 50.6% (40.2) \u2022 56.5% (43.7)",
        "oppShots": "44.8% (27.1) \u2022 41.9% (24.5) \u2022 46.9% (26.0) \u2022 51.9% (27.7)",
        "oppScoring": "42.7% (25.2) \u2022 40.0% (22.3) \u2022 44.9% (23.0) \u2022 50.3% (26.0)",
        "oppCorsiAgainst": "55.2% (63.0) \u2022 57.4% (64.6) \u2022 52.1% (55.2) \u2022 46.6% (48.3)",
        "oppFenwickAgainst": "55.2% (45.8) \u2022 56.4% (46.1) \u2022 49.4% (39.2) \u2022 43.5% (33.7)",
        "oppShotsAgainst": "55.2% (33.4) \u2022 58.1% (33.9) \u2022 53.1% (29.5) \u2022 48.1% (25.7)",
        "oppScoringAgainst": "57.3% (33.8) \u2022 60.0% (33.5) \u2022 55.1% (28.2) \u2022 49.7% (25.7)",
        "savesPerGame": 29.2,
        "savesPerGameLast1": 26.0,
        "savesPerGameLast3": 24.3,
        "savesPerGameLast5": 21.6,
        "savesPer60": 29.3,
        "savesPer60Last1": 25.6,
        "savesPer60Last3": 24.1,
        "savesPer60Last5": 21.5,
        "shotsPerGame": 32.2,
        "shotsPerGameLast5": 31.2,
        "shotsAgainstPerGame": 32.9,
        "shotsAgainstPerGameLast5": 26.2,
        "oppSavesAgainstPer60": 24.7,
        "oppSavesAgainstPer60Last1": 24.0,
        "oppSavesAgainstPer60Last3": 23.4,
        "oppSavesAgainstPer60Last5": 22.6,
        "oppShotsAgainstPerGame": 33.7,
        "oppShotsAgainstPerGameLast5": 31.8,
        "savesProj": 23.9,
        "savesProjLast5": 16.1,
        "savesProjLast3": 18.7,
        "oppSavesAgainstProj": 25.5,
        "oppSavesAgainstProjLast5": 17.2,
        "oppSavesAgainstProjLast3": 19.9,
        "totalOver": 41,
        "totalOverLast5": 20,
        "totalOverLast15": 40,
        "lastTotalOver": 0,
        "last5": "0,1,3,1,1,4,1,1,1,2",
        "overOdds": "+110",
        "underOdds": "-140",
        "overUnder": "+110 / -140"
    },
    {
        "player": "David Savard",
        "team": "MTL",
        "opponent": "BUF",
        "propType": "bs",
        "line": 2.5,
        "ppLine": "",
        "avg": 2.88,
        "hit": false,
        "diffAvg": 0.15,
        "diffAbs": 1.0,
        "lastAvg": 0.0,
        "diff": 0,
        "avgMin": 22,
        "proj": 0.0,
        "lastAvgMin": 20.78,
        "oppOver": 0,
        "teamOver": 0,
        "gameLine": "+155",
        "+/-": -15,
        "L5_+/-": -6.0,
        "prevMatchup": "2022-11-22 3.0 bs 2022-10-27 4.0 bs",
        "winLossSplits": "3.68 - 2.17",
        "awayHome": "A",
        "playedYesterday": "N",
        "awayHomeSplits": "2.82 - 2.94",
        "savesAboveExp": -0.339,
        "gsaa": -11.94,
        "corsi": "44.8% (51.0) \u2022 42.6% (47.9) \u2022 47.9% (50.8) \u2022 53.4% (55.3)",
        "fenwick": "44.8% (37.2) \u2022 43.6% (35.6) \u2022 50.6% (40.2) \u2022 56.5% (43.7)",
        "shots": "44.8% (27.1) \u2022 41.9% (24.5) \u2022 46.9% (26.0) \u2022 51.9% (27.7)",
        "scoring": "42.7% (25.2) \u2022 40.0% (22.3) \u2022 44.9% (23.0) \u2022 50.3% (26.0)",
        "corsiAgainst": "55.2% (63.0) \u2022 57.4% (64.6) \u2022 52.1% (55.2) \u2022 46.6% (48.3)",
        "fenwickAgainst": "55.2% (45.8) \u2022 56.4% (46.1) \u2022 49.4% (39.2) \u2022 43.5% (33.7)",
        "shotsAgainst": "55.2% (33.4) \u2022 58.1% (33.9) \u2022 53.1% (29.5) \u2022 48.1% (25.7)",
        "scoringAgainst": "57.3% (33.8) \u2022 60.0% (33.5) \u2022 55.1% (28.2) \u2022 49.7% (25.7)",
        "oppCorsi": "51.1% (57.6) \u2022 51.2% (55.9) \u2022 53.7% (56.6) \u2022 49.5% (53.0)",
        "oppFenwick": "49.7% (43.5) \u2022 49.8% (41.5) \u2022 54.7% (45.2) \u2022 51.8% (43.3)",
        "oppShots": "49.4% (31.9) \u2022 48.9% (29.5) \u2022 54.4% (31.2) \u2022 52.3% (30.7)",
        "oppScoring": "49.9% (30.5) \u2022 47.1% (27.0) \u2022 48.2% (27.0) \u2022 44.1% (25.0)",
        "oppCorsiAgainst": "48.9% (55.0) \u2022 48.8% (53.4) \u2022 46.3% (48.8) \u2022 50.5% (54.0)",
        "oppFenwickAgainst": "50.3% (43.9) \u2022 50.2% (41.8) \u2022 45.3% (37.4) \u2022 48.2% (40.3)",
        "oppShotsAgainst": "50.6% (32.6) \u2022 51.1% (30.8) \u2022 45.6% (26.2) \u2022 47.7% (28.0)",
        "oppScoringAgainst": "50.1% (30.6) \u2022 52.9% (30.2) \u2022 51.8% (29.0) \u2022 55.9% (31.7)",
        "savesPerGame": 30.1,
        "savesPerGameLast1": 20.0,
        "savesPerGameLast3": 22.7,
        "savesPerGameLast5": 27.4,
        "savesPer60": 30.1,
        "savesPer60Last1": 20.0,
        "savesPer60Last3": 22.4,
        "savesPer60Last5": 27.1,
        "shotsPerGame": 27.4,
        "shotsPerGameLast5": 26.8,
        "shotsAgainstPerGame": 33.7,
        "shotsAgainstPerGameLast5": 31.8,
        "oppSavesAgainstPer60": 28.6,
        "oppSavesAgainstPer60Last1": 33.0,
        "oppSavesAgainstPer60Last3": 27.2,
        "oppSavesAgainstPer60Last5": 28.7,
        "oppShotsAgainstPerGame": 32.9,
        "oppShotsAgainstPerGameLast5": 26.2,
        "savesProj": 29.4,
        "savesProjLast5": 26.6,
        "savesProjLast3": 20.9,
        "oppSavesAgainstProj": 30.3,
        "oppSavesAgainstProjLast5": 26.9,
        "oppSavesAgainstProjLast3": 22.1,
        "totalOver": 52,
        "totalOverLast5": 60,
        "totalOverLast15": 53,
        "lastTotalOver": 0,
        "last5": "6,1,3,3,2,4,2,1,3,3",
        "overOdds": "-130",
        "underOdds": "+100",
        "overUnder": "-130 / +100"
    },
    {
        "player": "Joel Edmundson",
        "team": "MTL",
        "opponent": "BUF",
        "propType": "bs",
        "line": 2.5,
        "ppLine": "",
        "avg": 2.58,
        "hit": false,
        "diffAvg": 0.03,
        "diffAbs": 1.0,
        "lastAvg": 0.0,
        "diff": 0,
        "avgMin": 19,
        "proj": 0.0,
        "lastAvgMin": 19.58,
        "oppOver": 0,
        "teamOver": 0,
        "gameLine": "+155",
        "+/-": -19,
        "L5_+/-": "+3.0",
        "prevMatchup": "2022-11-22 4.0 bs",
        "winLossSplits": "2.88 - 2.18",
        "awayHome": "A",
        "playedYesterday": "N",
        "awayHomeSplits": "2.54 - 2.62",
        "savesAboveExp": -0.339,
        "gsaa": -11.94,
        "corsi": "44.8% (51.0) \u2022 42.6% (47.9) \u2022 47.9% (50.8) \u2022 53.4% (55.3)",
        "fenwick": "44.8% (37.2) \u2022 43.6% (35.6) \u2022 50.6% (40.2) \u2022 56.5% (43.7)",
        "shots": "44.8% (27.1) \u2022 41.9% (24.5) \u2022 46.9% (26.0) \u2022 51.9% (27.7)",
        "scoring": "42.7% (25.2) \u2022 40.0% (22.3) \u2022 44.9% (23.0) \u2022 50.3% (26.0)",
        "corsiAgainst": "55.2% (63.0) \u2022 57.4% (64.6) \u2022 52.1% (55.2) \u2022 46.6% (48.3)",
        "fenwickAgainst": "55.2% (45.8) \u2022 56.4% (46.1) \u2022 49.4% (39.2) \u2022 43.5% (33.7)",
        "shotsAgainst": "55.2% (33.4) \u2022 58.1% (33.9) \u2022 53.1% (29.5) \u2022 48.1% (25.7)",
        "scoringAgainst": "57.3% (33.8) \u2022 60.0% (33.5) \u2022 55.1% (28.2) \u2022 49.7% (25.7)",
        "oppCorsi": "51.1% (57.6) \u2022 51.2% (55.9) \u2022 53.7% (56.6) \u2022 49.5% (53.0)",
        "oppFenwick": "49.7% (43.5) \u2022 49.8% (41.5) \u2022 54.7% (45.2) \u2022 51.8% (43.3)",
        "oppShots": "49.4% (31.9) \u2022 48.9% (29.5) \u2022 54.4% (31.2) \u2022 52.3% (30.7)",
        "oppScoring": "49.9% (30.5) \u2022 47.1% (27.0) \u2022 48.2% (27.0) \u2022 44.1% (25.0)",
        "oppCorsiAgainst": "48.9% (55.0) \u2022 48.8% (53.4) \u2022 46.3% (48.8) \u2022 50.5% (54.0)",
        "oppFenwickAgainst": "50.3% (43.9) \u2022 50.2% (41.8) \u2022 45.3% (37.4) \u2022 48.2% (40.3)",
        "oppShotsAgainst": "50.6% (32.6) \u2022 51.1% (30.8) \u2022 45.6% (26.2) \u2022 47.7% (28.0)",
        "oppScoringAgainst": "50.1% (30.6) \u2022 52.9% (30.2) \u2022 51.8% (29.0) \u2022 55.9% (31.7)",
        "savesPerGame": 30.1,
        "savesPerGameLast1": 20.0,
        "savesPerGameLast3": 22.7,
        "savesPerGameLast5": 27.4,
        "savesPer60": 30.1,
        "savesPer60Last1": 20.0,
        "savesPer60Last3": 22.4,
        "savesPer60Last5": 27.1,
        "shotsPerGame": 27.4,
        "shotsPerGameLast5": 26.8,
        "shotsAgainstPerGame": 33.7,
        "shotsAgainstPerGameLast5": 31.8,
        "oppSavesAgainstPer60": 28.6,
        "oppSavesAgainstPer60Last1": 33.0,
        "oppSavesAgainstPer60Last3": 27.2,
        "oppSavesAgainstPer60Last5": 28.7,
        "oppShotsAgainstPerGame": 32.9,
        "oppShotsAgainstPerGameLast5": 26.2,
        "savesProj": 29.4,
        "savesProjLast5": 26.6,
        "savesProjLast3": 20.9,
        "oppSavesAgainstProj": 30.3,
        "oppSavesAgainstProjLast5": 26.9,
        "oppSavesAgainstProjLast3": 22.1,
        "totalOver": 48,
        "totalOverLast5": 40,
        "totalOverLast15": 27,
        "lastTotalOver": 0,
        "last5": "3,1,2,3,0,2,2,3,1,3",
        "overOdds": "+150",
        "underOdds": "-185",
        "overUnder": "+150 / -185"
    },
    {
        "player": "Jake Sanderson",
        "team": "OTT",
        "opponent": "FLA",
        "propType": "bs",
        "line": 1.5,
        "ppLine": "PP1",
        "avg": 1.82,
        "hit": false,
        "diffAvg": 0.21,
        "diffAbs": 1.0,
        "lastAvg": 0,
        "diff": 0,
        "avgMin": 21,
        "proj": 0.0,
        "lastAvgMin": 0,
        "oppOver": 0,
        "teamOver": 0,
        "gameLine": "+130",
        "+/-": -5,
        "L5_+/-": -6.0,
        "prevMatchup": "2022-10-29 1.0 bs",
        "winLossSplits": "1.79 - 1.77",
        "awayHome": "H",
        "playedYesterday": "N",
        "awayHomeSplits": "1.74 - 1.91",
        "savesAboveExp": -0.102,
        "gsaa": -2.84,
        "corsi": "51.0% (61.2) \u2022 47.8% (59.6) \u2022 49.1% (64.3) \u2022 48.0% (60.7)",
        "fenwick": "51.2% (45.7) \u2022 48.9% (45.0) \u2022 51.5% (49.0) \u2022 50.9% (47.0)",
        "shots": "51.0% (32.9) \u2022 48.9% (32.4) \u2022 50.0% (34.8) \u2022 51.2% (34.7)",
        "scoring": "50.3% (32.2) \u2022 42.8% (29.7) \u2022 44.4% (31.3) \u2022 43.6% (31.7)",
        "corsiAgainst": "49.0% (58.9) \u2022 52.2% (65.2) \u2022 50.9% (66.7) \u2022 52.0% (65.7)",
        "fenwickAgainst": "48.8% (43.5) \u2022 51.1% (47.0) \u2022 48.5% (46.0) \u2022 49.1% (45.3)",
        "shotsAgainst": "49.0% (31.6) \u2022 51.1% (33.9) \u2022 50.0% (34.8) \u2022 48.8% (33.0)",
        "scoringAgainst": "49.7% (31.8) \u2022 57.2% (39.6) \u2022 55.6% (39.1) \u2022 56.4% (41.0)",
        "oppCorsi": "54.4% (66.4) \u2022 58.7% (68.5) \u2022 56.6% (65.8) \u2022 57.1% (69.7)",
        "oppFenwick": "53.8% (49.9) \u2022 56.9% (50.7) \u2022 54.8% (49.0) \u2022 55.7% (50.7)",
        "oppShots": "53.8% (36.6) \u2022 57.6% (38.3) \u2022 54.4% (35.8) \u2022 54.9% (37.7)",
        "oppScoring": "54.8% (34.9) \u2022 59.5% (35.3) \u2022 55.5% (33.6) \u2022 53.9% (34.3)",
        "oppCorsiAgainst": "45.6% (55.6) \u2022 41.3% (48.2) \u2022 43.4% (50.4) \u2022 42.9% (52.3)",
        "oppFenwickAgainst": "46.2% (42.9) \u2022 43.1% (38.4) \u2022 45.2% (40.4) \u2022 44.3% (40.3)",
        "oppShotsAgainst": "46.2% (31.4) \u2022 42.4% (28.3) \u2022 45.6% (30.0) \u2022 45.1% (31.0)",
        "oppScoringAgainst": "45.2% (28.8) \u2022 40.5% (24.0) \u2022 44.5% (27.0) \u2022 46.1% (29.3)",
        "savesPerGame": 28.7,
        "savesPerGameLast1": 30.0,
        "savesPerGameLast3": 30.0,
        "savesPerGameLast5": 32.6,
        "savesPer60": 28.6,
        "savesPer60Last1": 29.4,
        "savesPer60Last3": 29.6,
        "savesPer60Last5": 32.7,
        "shotsPerGame": 33.2,
        "shotsPerGameLast5": 35.4,
        "shotsAgainstPerGame": 31.9,
        "shotsAgainstPerGameLast5": 35.4,
        "oppSavesAgainstPer60": 33.3,
        "oppSavesAgainstPer60Last1": 31.9,
        "oppSavesAgainstPer60Last3": 34.8,
        "oppSavesAgainstPer60Last5": 32.3,
        "oppShotsAgainstPerGame": 31.7,
        "oppShotsAgainstPerGameLast5": 30.0,
        "savesProj": 34.1,
        "savesProjLast5": 37.7,
        "savesProjLast3": 36.9,
        "oppSavesAgainstProj": 34.0,
        "oppSavesAgainstProjLast5": 35.2,
        "oppSavesAgainstProjLast3": 35.3,
        "totalOver": 47,
        "totalOverLast5": 60,
        "totalOverLast15": 60,
        "lastTotalOver": 0,
        "last5": "1,1,3,5,4,4,0,4,2,2",
        "overOdds": "-185",
        "underOdds": "+150",
        "overUnder": "-185 / +150"
    },
    {
        "player": "Travis Hamonic",
        "team": "OTT",
        "opponent": "FLA",
        "propType": "bs",
        "line": 2.5,
        "ppLine": "",
        "avg": 1.92,
        "hit": false,
        "diffAvg": -0.23,
        "diffAbs": 1.0,
        "lastAvg": 0.0,
        "diff": 0,
        "avgMin": 18,
        "proj": 0.0,
        "lastAvgMin": 18.83,
        "oppOver": 0,
        "teamOver": 0,
        "gameLine": "+130",
        "+/-": -6,
        "L5_+/-": "+1.0",
        "prevMatchup": "2022-10-29 3.0 bs",
        "winLossSplits": "2.16 - 1.56",
        "awayHome": "H",
        "playedYesterday": "N",
        "awayHomeSplits": "2.03 - 1.81",
        "savesAboveExp": -0.102,
        "gsaa": -2.84,
        "corsi": "51.0% (61.2) \u2022 47.8% (59.6) \u2022 49.1% (64.3) \u2022 48.0% (60.7)",
        "fenwick": "51.2% (45.7) \u2022 48.9% (45.0) \u2022 51.5% (49.0) \u2022 50.9% (47.0)",
        "shots": "51.0% (32.9) \u2022 48.9% (32.4) \u2022 50.0% (34.8) \u2022 51.2% (34.7)",
        "scoring": "50.3% (32.2) \u2022 42.8% (29.7) \u2022 44.4% (31.3) \u2022 43.6% (31.7)",
        "corsiAgainst": "49.0% (58.9) \u2022 52.2% (65.2) \u2022 50.9% (66.7) \u2022 52.0% (65.7)",
        "fenwickAgainst": "48.8% (43.5) \u2022 51.1% (47.0) \u2022 48.5% (46.0) \u2022 49.1% (45.3)",
        "shotsAgainst": "49.0% (31.6) \u2022 51.1% (33.9) \u2022 50.0% (34.8) \u2022 48.8% (33.0)",
        "scoringAgainst": "49.7% (31.8) \u2022 57.2% (39.6) \u2022 55.6% (39.1) \u2022 56.4% (41.0)",
        "oppCorsi": "54.4% (66.4) \u2022 58.7% (68.5) \u2022 56.6% (65.8) \u2022 57.1% (69.7)",
        "oppFenwick": "53.8% (49.9) \u2022 56.9% (50.7) \u2022 54.8% (49.0) \u2022 55.7% (50.7)",
        "oppShots": "53.8% (36.6) \u2022 57.6% (38.3) \u2022 54.4% (35.8) \u2022 54.9% (37.7)",
        "oppScoring": "54.8% (34.9) \u2022 59.5% (35.3) \u2022 55.5% (33.6) \u2022 53.9% (34.3)",
        "oppCorsiAgainst": "45.6% (55.6) \u2022 41.3% (48.2) \u2022 43.4% (50.4) \u2022 42.9% (52.3)",
        "oppFenwickAgainst": "46.2% (42.9) \u2022 43.1% (38.4) \u2022 45.2% (40.4) \u2022 44.3% (40.3)",
        "oppShotsAgainst": "46.2% (31.4) \u2022 42.4% (28.3) \u2022 45.6% (30.0) \u2022 45.1% (31.0)",
        "oppScoringAgainst": "45.2% (28.8) \u2022 40.5% (24.0) \u2022 44.5% (27.0) \u2022 46.1% (29.3)",
        "savesPerGame": 28.7,
        "savesPerGameLast1": 30.0,
        "savesPerGameLast3": 30.0,
        "savesPerGameLast5": 32.6,
        "savesPer60": 28.6,
        "savesPer60Last1": 29.4,
        "savesPer60Last3": 29.6,
        "savesPer60Last5": 32.7,
        "shotsPerGame": 33.2,
        "shotsPerGameLast5": 35.4,
        "shotsAgainstPerGame": 31.9,
        "shotsAgainstPerGameLast5": 35.4,
        "oppSavesAgainstPer60": 33.3,
        "oppSavesAgainstPer60Last1": 31.9,
        "oppSavesAgainstPer60Last3": 34.8,
        "oppSavesAgainstPer60Last5": 32.3,
        "oppShotsAgainstPerGame": 31.7,
        "oppShotsAgainstPerGameLast5": 30.0,
        "savesProj": 34.1,
        "savesProjLast5": 37.7,
        "savesProjLast3": 36.9,
        "oppSavesAgainstProj": 34.0,
        "oppSavesAgainstProjLast5": 35.2,
        "oppSavesAgainstProjLast3": 35.3,
        "totalOver": 33,
        "totalOverLast5": 60,
        "totalOverLast15": 33,
        "lastTotalOver": 0,
        "last5": "1,2,4,3,3,0,2,4,1,2",
        "overOdds": "+120",
        "underOdds": "-150",
        "overUnder": "+120 / -150"
    },
    {
        "player": "Radko Gudas",
        "team": "FLA",
        "opponent": "OTT",
        "propType": "bs",
        "line": 1.5,
        "ppLine": "",
        "avg": 1.71,
        "hit": false,
        "diffAvg": 0.14,
        "diffAbs": 1.0,
        "lastAvg": 0.0,
        "diff": 0,
        "avgMin": 17,
        "proj": 0.0,
        "lastAvgMin": 18.0,
        "oppOver": 0,
        "teamOver": 0,
        "gameLine": "-150",
        "+/-": "+9",
        "L5_+/-": "+1.0",
        "prevMatchup": "2022-10-29 3.0 bs",
        "winLossSplits": "1.47 - 1.95",
        "awayHome": "A",
        "playedYesterday": "N",
        "awayHomeSplits": "1.52 - 1.91",
        "savesAboveExp": "-",
        "gsaa": -5.48,
        "corsi": "54.4% (66.4) \u2022 58.7% (68.5) \u2022 56.6% (65.8) \u2022 57.1% (69.7)",
        "fenwick": "53.8% (49.9) \u2022 56.9% (50.7) \u2022 54.8% (49.0) \u2022 55.7% (50.7)",
        "shots": "53.8% (36.6) \u2022 57.6% (38.3) \u2022 54.4% (35.8) \u2022 54.9% (37.7)",
        "scoring": "54.8% (34.9) \u2022 59.5% (35.3) \u2022 55.5% (33.6) \u2022 53.9% (34.3)",
        "corsiAgainst": "45.6% (55.6) \u2022 41.3% (48.2) \u2022 43.4% (50.4) \u2022 42.9% (52.3)",
        "fenwickAgainst": "46.2% (42.9) \u2022 43.1% (38.4) \u2022 45.2% (40.4) \u2022 44.3% (40.3)",
        "shotsAgainst": "46.2% (31.4) \u2022 42.4% (28.3) \u2022 45.6% (30.0) \u2022 45.1% (31.0)",
        "scoringAgainst": "45.2% (28.8) \u2022 40.5% (24.0) \u2022 44.5% (27.0) \u2022 46.1% (29.3)",
        "oppCorsi": "51.0% (61.2) \u2022 47.8% (59.6) \u2022 49.1% (64.3) \u2022 48.0% (60.7)",
        "oppFenwick": "51.2% (45.7) \u2022 48.9% (45.0) \u2022 51.5% (49.0) \u2022 50.9% (47.0)",
        "oppShots": "51.0% (32.9) \u2022 48.9% (32.4) \u2022 50.0% (34.8) \u2022 51.2% (34.7)",
        "oppScoring": "50.3% (32.2) \u2022 42.8% (29.7) \u2022 44.4% (31.3) \u2022 43.6% (31.7)",
        "oppCorsiAgainst": "49.0% (58.9) \u2022 52.2% (65.2) \u2022 50.9% (66.7) \u2022 52.0% (65.7)",
        "oppFenwickAgainst": "48.8% (43.5) \u2022 51.1% (47.0) \u2022 48.5% (46.0) \u2022 49.1% (45.3)",
        "oppShotsAgainst": "49.0% (31.6) \u2022 51.1% (33.9) \u2022 50.0% (34.8) \u2022 48.8% (33.0)",
        "oppScoringAgainst": "49.7% (31.8) \u2022 57.2% (39.6) \u2022 55.6% (39.1) \u2022 56.4% (41.0)",
        "savesPerGame": 28.2,
        "savesPerGameLast1": 38.0,
        "savesPerGameLast3": 25.7,
        "savesPerGameLast5": 26.0,
        "savesPer60": 28.1,
        "savesPer60Last1": 37.0,
        "savesPer60Last3": 24.7,
        "savesPer60Last5": 25.4,
        "shotsPerGame": 36.9,
        "shotsPerGameLast5": 35.8,
        "shotsAgainstPerGame": 31.7,
        "shotsAgainstPerGameLast5": 30.0,
        "oppSavesAgainstPer60": 30.1,
        "oppSavesAgainstPer60Last1": 25.0,
        "oppSavesAgainstPer60Last3": 30.8,
        "oppSavesAgainstPer60Last5": 31.9,
        "oppShotsAgainstPerGame": 31.9,
        "oppShotsAgainstPerGameLast5": 35.4,
        "savesProj": 29.5,
        "savesProjLast5": 28.4,
        "savesProjLast3": 26.8,
        "oppSavesAgainstProj": 30.4,
        "oppSavesAgainstProjLast5": 29.3,
        "oppSavesAgainstProjLast3": 28.3,
        "totalOver": 49,
        "totalOverLast5": 20,
        "totalOverLast15": 40,
        "lastTotalOver": 0,
        "last5": "2,0,1,0,0,2,0,2,4,1",
        "overOdds": "-120",
        "underOdds": "-110",
        "overUnder": "-120 / -110"
    },
    {
        "player": "Adam Pelech",
        "team": "NYI",
        "opponent": "NJ",
        "propType": "bs",
        "line": 1.5,
        "ppLine": "",
        "avg": 1.79,
        "hit": false,
        "diffAvg": 0.19,
        "diffAbs": 1.0,
        "lastAvg": 0.0,
        "diff": 0,
        "avgMin": 21,
        "proj": 0.0,
        "lastAvgMin": 21.27,
        "oppOver": 0,
        "teamOver": 0,
        "gameLine": "+110",
        "+/-": "+16",
        "L5_+/-": "+3.0",
        "prevMatchup": "2022-10-20 1.0 bs",
        "winLossSplits": "1.74 - 1.79",
        "awayHome": "H",
        "playedYesterday": "N",
        "awayHomeSplits": "1.85 - 1.74",
        "savesAboveExp": 0.109,
        "gsaa": 5.74,
        "corsi": "49.0% (57.8) \u2022 51.7% (59.2) \u2022 49.1% (57.1) \u2022 48.1% (55.8)",
        "fenwick": "49.0% (42.2) \u2022 52.6% (43.6) \u2022 51.2% (43.6) \u2022 49.6% (42.5)",
        "shots": "49.4% (30.2) \u2022 51.7% (30.8) \u2022 51.4% (31.4) \u2022 51.1% (30.9)",
        "scoring": "49.7% (30.3) \u2022 51.5% (29.9) \u2022 48.3% (28.4) \u2022 48.4% (29.2)",
        "corsiAgainst": "51.0% (60.1) \u2022 48.3% (55.2) \u2022 50.9% (59.1) \u2022 51.9% (60.1)",
        "fenwickAgainst": "51.0% (44.0) \u2022 47.4% (39.3) \u2022 48.8% (41.6) \u2022 50.4% (43.2)",
        "shotsAgainst": "50.6% (31.0) \u2022 48.3% (28.8) \u2022 48.6% (29.7) \u2022 48.9% (29.6)",
        "scoringAgainst": "50.3% (30.7) \u2022 48.5% (28.1) \u2022 51.7% (30.4) \u2022 51.6% (31.2)",
        "oppCorsi": "53.5% (63.3) \u2022 53.7% (64.0) \u2022 53.8% (65.9) \u2022 57.1% (70.4)",
        "oppFenwick": "53.8% (46.8) \u2022 54.0% (46.9) \u2022 53.7% (49.8) \u2022 55.8% (51.3)",
        "oppShots": "55.0% (34.0) \u2022 55.3% (33.8) \u2022 56.0% (37.0) \u2022 57.9% (37.0)",
        "oppScoring": "55.9% (34.5) \u2022 58.4% (35.9) \u2022 57.1% (36.2) \u2022 61.7% (39.3)",
        "oppCorsiAgainst": "46.5% (55.0) \u2022 46.3% (55.2) \u2022 46.2% (56.7) \u2022 42.9% (52.9)",
        "oppFenwickAgainst": "46.2% (40.2) \u2022 46.0% (39.9) \u2022 46.3% (42.9) \u2022 44.2% (40.5)",
        "oppShotsAgainst": "45.0% (27.8) \u2022 44.7% (27.3) \u2022 44.0% (29.1) \u2022 42.1% (26.9)",
        "oppScoringAgainst": "44.1% (27.3) \u2022 41.6% (25.6) \u2022 42.9% (27.2) \u2022 38.3% (24.3)",
        "savesPerGame": 28.6,
        "savesPerGameLast1": 33.0,
        "savesPerGameLast3": 26.7,
        "savesPerGameLast5": 25.8,
        "savesPer60": 28.6,
        "savesPer60Last1": 32.1,
        "savesPer60Last3": 26.5,
        "savesPer60Last5": 25.7,
        "shotsPerGame": 30.6,
        "shotsPerGameLast5": 31.8,
        "shotsAgainstPerGame": 31.3,
        "shotsAgainstPerGameLast5": 28.4,
        "oppSavesAgainstPer60": 31.1,
        "oppSavesAgainstPer60Last1": 30.0,
        "oppSavesAgainstPer60Last3": 34.4,
        "oppSavesAgainstPer60Last5": 33.8,
        "oppShotsAgainstPerGame": 28.2,
        "oppShotsAgainstPerGameLast5": 29.6,
        "savesProj": 34.5,
        "savesProjLast5": 34.2,
        "savesProjLast3": 35.7,
        "oppSavesAgainstProj": 31.4,
        "oppSavesAgainstProjLast5": 31.7,
        "oppSavesAgainstProjLast3": 32.7,
        "totalOver": 51,
        "totalOverLast5": 60,
        "totalOverLast15": 60,
        "lastTotalOver": 0,
        "last5": "4,3,4,1,1,0,5,2,2,1",
        "overOdds": "-180",
        "underOdds": "+145",
        "overUnder": "-180 / +145"
    },
    {
        "player": "Scott Mayfield",
        "team": "NYI",
        "opponent": "NJ",
        "propType": "bs",
        "line": 1.5,
        "ppLine": "",
        "avg": 2.03,
        "hit": false,
        "diffAvg": 0.35,
        "diffAbs": 1.0,
        "lastAvg": 0.0,
        "diff": 0,
        "avgMin": 20,
        "proj": 0.0,
        "lastAvgMin": 19.77,
        "oppOver": 0,
        "teamOver": 0,
        "gameLine": "+110",
        "+/-": "+4",
        "L5_+/-": "+1.0",
        "prevMatchup": "2022-12-09 5.0 bs 2022-10-20 2.0 bs",
        "winLossSplits": "1.82 - 2.0",
        "awayHome": "H",
        "playedYesterday": "N",
        "awayHomeSplits": "2.14 - 1.92",
        "savesAboveExp": 0.109,
        "gsaa": 5.74,
        "corsi": "49.0% (57.8) \u2022 51.7% (59.2) \u2022 49.1% (57.1) \u2022 48.1% (55.8)",
        "fenwick": "49.0% (42.2) \u2022 52.6% (43.6) \u2022 51.2% (43.6) \u2022 49.6% (42.5)",
        "shots": "49.4% (30.2) \u2022 51.7% (30.8) \u2022 51.4% (31.4) \u2022 51.1% (30.9)",
        "scoring": "49.7% (30.3) \u2022 51.5% (29.9) \u2022 48.3% (28.4) \u2022 48.4% (29.2)",
        "corsiAgainst": "51.0% (60.1) \u2022 48.3% (55.2) \u2022 50.9% (59.1) \u2022 51.9% (60.1)",
        "fenwickAgainst": "51.0% (44.0) \u2022 47.4% (39.3) \u2022 48.8% (41.6) \u2022 50.4% (43.2)",
        "shotsAgainst": "50.6% (31.0) \u2022 48.3% (28.8) \u2022 48.6% (29.7) \u2022 48.9% (29.6)",
        "scoringAgainst": "50.3% (30.7) \u2022 48.5% (28.1) \u2022 51.7% (30.4) \u2022 51.6% (31.2)",
        "oppCorsi": "53.5% (63.3) \u2022 53.7% (64.0) \u2022 53.8% (65.9) \u2022 57.1% (70.4)",
        "oppFenwick": "53.8% (46.8) \u2022 54.0% (46.9) \u2022 53.7% (49.8) \u2022 55.8% (51.3)",
        "oppShots": "55.0% (34.0) \u2022 55.3% (33.8) \u2022 56.0% (37.0) \u2022 57.9% (37.0)",
        "oppScoring": "55.9% (34.5) \u2022 58.4% (35.9) \u2022 57.1% (36.2) \u2022 61.7% (39.3)",
        "oppCorsiAgainst": "46.5% (55.0) \u2022 46.3% (55.2) \u2022 46.2% (56.7) \u2022 42.9% (52.9)",
        "oppFenwickAgainst": "46.2% (40.2) \u2022 46.0% (39.9) \u2022 46.3% (42.9) \u2022 44.2% (40.5)",
        "oppShotsAgainst": "45.0% (27.8) \u2022 44.7% (27.3) \u2022 44.0% (29.1) \u2022 42.1% (26.9)",
        "oppScoringAgainst": "44.1% (27.3) \u2022 41.6% (25.6) \u2022 42.9% (27.2) \u2022 38.3% (24.3)",
        "savesPerGame": 28.6,
        "savesPerGameLast1": 33.0,
        "savesPerGameLast3": 26.7,
        "savesPerGameLast5": 25.8,
        "savesPer60": 28.6,
        "savesPer60Last1": 32.1,
        "savesPer60Last3": 26.5,
        "savesPer60Last5": 25.7,
        "shotsPerGame": 30.6,
        "shotsPerGameLast5": 31.8,
        "shotsAgainstPerGame": 31.3,
        "shotsAgainstPerGameLast5": 28.4,
        "oppSavesAgainstPer60": 31.1,
        "oppSavesAgainstPer60Last1": 30.0,
        "oppSavesAgainstPer60Last3": 34.4,
        "oppSavesAgainstPer60Last5": 33.8,
        "oppShotsAgainstPerGame": 28.2,
        "oppShotsAgainstPerGameLast5": 29.6,
        "savesProj": 34.5,
        "savesProjLast5": 34.2,
        "savesProjLast3": 35.7,
        "oppSavesAgainstProj": 31.4,
        "oppSavesAgainstProjLast5": 31.7,
        "oppSavesAgainstProjLast3": 32.7,
        "totalOver": 55,
        "totalOverLast5": 80,
        "totalOverLast15": 60,
        "lastTotalOver": 0,
        "last5": "2,2,2,1,2,4,0,0,3,1",
        "overOdds": "-175",
        "underOdds": "+140",
        "overUnder": "-175 / +140"
    },
    {
        "player": "Ryan Graves",
        "team": "NJ",
        "opponent": "NYI",
        "propType": "bs",
        "line": 1.5,
        "ppLine": "",
        "avg": 1.94,
        "hit": false,
        "diffAvg": 0.29,
        "diffAbs": 1.0,
        "lastAvg": 0.0,
        "diff": 0,
        "avgMin": 19,
        "proj": 0.0,
        "lastAvgMin": 20.72,
        "oppOver": 0,
        "teamOver": 0,
        "gameLine": "-130",
        "+/-": "+27",
        "L5_+/-": -4.0,
        "prevMatchup": "2022-12-09 1.0 bs 2022-10-20 1.0 bs",
        "winLossSplits": "1.82 - 1.73",
        "awayHome": "A",
        "playedYesterday": "N",
        "awayHomeSplits": "1.94 - 1.94",
        "savesAboveExp": 0.704,
        "gsaa": 29.92,
        "corsi": "53.5% (63.3) \u2022 53.7% (64.0) \u2022 53.8% (65.9) \u2022 57.1% (70.4)",
        "fenwick": "53.8% (46.8) \u2022 54.0% (46.9) \u2022 53.7% (49.8) \u2022 55.8% (51.3)",
        "shots": "55.0% (34.0) \u2022 55.3% (33.8) \u2022 56.0% (37.0) \u2022 57.9% (37.0)",
        "scoring": "55.9% (34.5) \u2022 58.4% (35.9) \u2022 57.1% (36.2) \u2022 61.7% (39.3)",
        "corsiAgainst": "46.5% (55.0) \u2022 46.3% (55.2) \u2022 46.2% (56.7) \u2022 42.9% (52.9)",
        "fenwickAgainst": "46.2% (40.2) \u2022 46.0% (39.9) \u2022 46.3% (42.9) \u2022 44.2% (40.5)",
        "shotsAgainst": "45.0% (27.8) \u2022 44.7% (27.3) \u2022 44.0% (29.1) \u2022 42.1% (26.9)",
        "scoringAgainst": "44.1% (27.3) \u2022 41.6% (25.6) \u2022 42.9% (27.2) \u2022 38.3% (24.3)",
        "oppCorsi": "49.0% (57.8) \u2022 51.7% (59.2) \u2022 49.1% (57.1) \u2022 48.1% (55.8)",
        "oppFenwick": "49.0% (42.2) \u2022 52.6% (43.6) \u2022 51.2% (43.6) \u2022 49.6% (42.5)",
        "oppShots": "49.4% (30.2) \u2022 51.7% (30.8) \u2022 51.4% (31.4) \u2022 51.1% (30.9)",
        "oppScoring": "49.7% (30.3) \u2022 51.5% (29.9) \u2022 48.3% (28.4) \u2022 48.4% (29.2)",
        "oppCorsiAgainst": "51.0% (60.1) \u2022 48.3% (55.2) \u2022 50.9% (59.1) \u2022 51.9% (60.1)",
        "oppFenwickAgainst": "51.0% (44.0) \u2022 47.4% (39.3) \u2022 48.8% (41.6) \u2022 50.4% (43.2)",
        "oppShotsAgainst": "50.6% (31.0) \u2022 48.3% (28.8) \u2022 48.6% (29.7) \u2022 48.9% (29.6)",
        "oppScoringAgainst": "50.3% (30.7) \u2022 48.5% (28.1) \u2022 51.7% (30.4) \u2022 51.6% (31.2)",
        "savesPerGame": 25.5,
        "savesPerGameLast1": 25.0,
        "savesPerGameLast3": 24.3,
        "savesPerGameLast5": 26.4,
        "savesPer60": 25.7,
        "savesPer60Last1": 25.0,
        "savesPer60Last3": 24.8,
        "savesPer60Last5": 26.5,
        "shotsPerGame": 34.5,
        "shotsPerGameLast5": 37.6,
        "shotsAgainstPerGame": 28.2,
        "shotsAgainstPerGameLast5": 29.6,
        "oppSavesAgainstPer60": 27.6,
        "oppSavesAgainstPer60Last1": 26.0,
        "oppSavesAgainstPer60Last3": 27.3,
        "oppSavesAgainstPer60Last5": 27.6,
        "oppShotsAgainstPerGame": 31.3,
        "oppShotsAgainstPerGameLast5": 28.4,
        "savesProj": 24.8,
        "savesProjLast5": 25.6,
        "savesProjLast3": 23.7,
        "oppSavesAgainstProj": 24.9,
        "oppSavesAgainstProjLast5": 24.2,
        "oppSavesAgainstProjLast3": 22.8,
        "totalOver": 53,
        "totalOverLast5": 60,
        "totalOverLast15": 53,
        "lastTotalOver": 0,
        "last5": "4,1,2,0,3,3,0,1,3,2",
        "overOdds": "-160",
        "underOdds": "+130",
        "overUnder": "-160 / +130"
    },
    {
        "player": "Jonas Siegenthaler",
        "team": "NJ",
        "opponent": "NYI",
        "propType": "bs",
        "line": 1.5,
        "ppLine": "",
        "avg": 1.92,
        "hit": false,
        "diffAvg": 0.28,
        "diffAbs": 1.0,
        "lastAvg": 0.0,
        "diff": 0,
        "avgMin": 20,
        "proj": 0.0,
        "lastAvgMin": 20.57,
        "oppOver": 0,
        "teamOver": 0,
        "gameLine": "-130",
        "+/-": "+25",
        "L5_+/-": -1.0,
        "prevMatchup": "2022-12-09 1.0 bs 2022-10-20 2.0 bs",
        "winLossSplits": "1.86 - 1.91",
        "awayHome": "A",
        "playedYesterday": "N",
        "awayHomeSplits": "1.94 - 1.89",
        "savesAboveExp": 0.704,
        "gsaa": 29.92,
        "corsi": "53.5% (63.3) \u2022 53.7% (64.0) \u2022 53.8% (65.9) \u2022 57.1% (70.4)",
        "fenwick": "53.8% (46.8) \u2022 54.0% (46.9) \u2022 53.7% (49.8) \u2022 55.8% (51.3)",
        "shots": "55.0% (34.0) \u2022 55.3% (33.8) \u2022 56.0% (37.0) \u2022 57.9% (37.0)",
        "scoring": "55.9% (34.5) \u2022 58.4% (35.9) \u2022 57.1% (36.2) \u2022 61.7% (39.3)",
        "corsiAgainst": "46.5% (55.0) \u2022 46.3% (55.2) \u2022 46.2% (56.7) \u2022 42.9% (52.9)",
        "fenwickAgainst": "46.2% (40.2) \u2022 46.0% (39.9) \u2022 46.3% (42.9) \u2022 44.2% (40.5)",
        "shotsAgainst": "45.0% (27.8) \u2022 44.7% (27.3) \u2022 44.0% (29.1) \u2022 42.1% (26.9)",
        "scoringAgainst": "44.1% (27.3) \u2022 41.6% (25.6) \u2022 42.9% (27.2) \u2022 38.3% (24.3)",
        "oppCorsi": "49.0% (57.8) \u2022 51.7% (59.2) \u2022 49.1% (57.1) \u2022 48.1% (55.8)",
        "oppFenwick": "49.0% (42.2) \u2022 52.6% (43.6) \u2022 51.2% (43.6) \u2022 49.6% (42.5)",
        "oppShots": "49.4% (30.2) \u2022 51.7% (30.8) \u2022 51.4% (31.4) \u2022 51.1% (30.9)",
        "oppScoring": "49.7% (30.3) \u2022 51.5% (29.9) \u2022 48.3% (28.4) \u2022 48.4% (29.2)",
        "oppCorsiAgainst": "51.0% (60.1) \u2022 48.3% (55.2) \u2022 50.9% (59.1) \u2022 51.9% (60.1)",
        "oppFenwickAgainst": "51.0% (44.0) \u2022 47.4% (39.3) \u2022 48.8% (41.6) \u2022 50.4% (43.2)",
        "oppShotsAgainst": "50.6% (31.0) \u2022 48.3% (28.8) \u2022 48.6% (29.7) \u2022 48.9% (29.6)",
        "oppScoringAgainst": "50.3% (30.7) \u2022 48.5% (28.1) \u2022 51.7% (30.4) \u2022 51.6% (31.2)",
        "savesPerGame": 25.5,
        "savesPerGameLast1": 25.0,
        "savesPerGameLast3": 24.3,
        "savesPerGameLast5": 26.4,
        "savesPer60": 25.7,
        "savesPer60Last1": 25.0,
        "savesPer60Last3": 24.8,
        "savesPer60Last5": 26.5,
        "shotsPerGame": 34.5,
        "shotsPerGameLast5": 37.6,
        "shotsAgainstPerGame": 28.2,
        "shotsAgainstPerGameLast5": 29.6,
        "oppSavesAgainstPer60": 27.6,
        "oppSavesAgainstPer60Last1": 26.0,
        "oppSavesAgainstPer60Last3": 27.3,
        "oppSavesAgainstPer60Last5": 27.6,
        "oppShotsAgainstPerGame": 31.3,
        "oppShotsAgainstPerGameLast5": 28.4,
        "savesProj": 24.8,
        "savesProjLast5": 25.6,
        "savesProjLast3": 23.7,
        "oppSavesAgainstProj": 24.9,
        "oppSavesAgainstProjLast5": 24.2,
        "oppSavesAgainstProjLast3": 22.8,
        "totalOver": 60,
        "totalOverLast5": 60,
        "totalOverLast15": 60,
        "lastTotalOver": 0,
        "last5": "3,0,3,5,0,3,4,3,1,2",
        "overOdds": "-150",
        "underOdds": "+120",
        "overUnder": "-150 / +120"
    },
    {
        "player": "Adam Larsson",
        "team": "SEA",
        "opponent": "MIN",
        "propType": "bs",
        "line": 1.5,
        "ppLine": "",
        "avg": 2.15,
        "hit": false,
        "diffAvg": 0.43,
        "diffAbs": 1.0,
        "lastAvg": 0.0,
        "diff": 0,
        "avgMin": 23,
        "proj": 0.0,
        "lastAvgMin": 22.27,
        "oppOver": 0,
        "teamOver": 0,
        "gameLine": "+100",
        "+/-": "+27",
        "L5_+/-": "+7.0",
        "prevMatchup": "2022-11-11 1.0 bs 2022-11-03 3.0 bs",
        "winLossSplits": "2.14 - 1.95",
        "awayHome": "A",
        "playedYesterday": "N",
        "awayHomeSplits": "2.11 - 2.2",
        "savesAboveExp": "-",
        "gsaa": "-",
        "corsi": "51.6% (57.1) \u2022 52.6% (57.0) \u2022 53.6% (56.6) \u2022 51.5% (54.6)",
        "fenwick": "51.9% (42.8) \u2022 55.0% (45.4) \u2022 56.1% (45.9) \u2022 54.6% (44.0)",
        "shots": "52.4% (30.0) \u2022 55.5% (31.4) \u2022 58.7% (31.8) \u2022 57.7% (30.2)",
        "scoring": "50.0% (27.5) \u2022 52.4% (27.7) \u2022 54.5% (28.0) \u2022 54.7% (27.9)",
        "corsiAgainst": "48.4% (53.4) \u2022 47.4% (51.3) \u2022 46.4% (49.1) \u2022 48.5% (51.4)",
        "fenwickAgainst": "48.1% (39.7) \u2022 45.0% (37.2) \u2022 43.9% (36.0) \u2022 45.4% (36.6)",
        "shotsAgainst": "47.6% (27.3) \u2022 44.5% (25.1) \u2022 41.3% (22.4) \u2022 42.3% (22.2)",
        "scoringAgainst": "50.0% (27.5) \u2022 47.6% (25.1) \u2022 45.5% (23.3) \u2022 45.3% (23.1)",
        "oppCorsi": "50.3% (57.7) \u2022 48.0% (54.7) \u2022 48.6% (55.6) \u2022 47.0% (53.7)",
        "oppFenwick": "51.3% (43.6) \u2022 49.3% (43.0) \u2022 48.8% (43.7) \u2022 47.3% (41.1)",
        "oppShots": "50.5% (30.7) \u2022 47.0% (30.0) \u2022 45.4% (28.8) \u2022 42.6% (24.6)",
        "oppScoring": "51.0% (28.3) \u2022 48.4% (26.3) \u2022 48.2% (25.4) \u2022 44.5% (23.1)",
        "oppCorsiAgainst": "49.7% (56.9) \u2022 52.0% (59.2) \u2022 51.4% (58.8) \u2022 53.0% (60.6)",
        "oppFenwickAgainst": "48.7% (41.4) \u2022 50.7% (44.3) \u2022 51.2% (45.9) \u2022 52.7% (45.8)",
