[
    {
        "player": "Aaron Ekblad",
        "team": "FLA",
        "opponent": "MTL",
        "propType": "sog",
        "line": 3.5,
        "ppLine": "PP2",
        "avg": 3.14,
        "hit": false,
        "diffAvg": -0.1,
        "diffAbs": 0.34,
        "lastAvg": 2.54,
        "diff": -0.27,
        "avgMin": 23,
        "proj": 2.3,
        "lastAvgMin": 24.92,
        "oppOver": 0,
        "teamOver": 0,
        "gameLine": "-330",
        "+/-": -17,
        "L5_+/-": -5.0,
        "prevMatchup": "2023-01-19 6.0 sog, 2022-12-29 2.0 sog",
        "winLossSplits": "2.86 - 3.13",
        "awayHome": "H",
        "playedYesterday": "N",
        "awayHomeSplits": "2.68 - 3.61",
        "savesAboveExp": 0.116,
        "gsaa": -11.64,
        "corsi": "54.1% (66.3) // 58.6% (72.9) // 61.8% (72.1) // 61.5% (71.7)",
        "fenwick": "53.6% (49.9) // 59.1% (55.5) // 59.9% (50.6) // 60.6% (53.8)",
        "shots": "53.7% (36.6) // 59.5% (40.7) // 62.8% (40.1) // 64.1% (42.9)",
        "scoring": "54.6% (35.0) // 58.3% (38.5) // 63.9% (36.9) // 61.8% (35.8)",
        "corsiAgainst": "45.9% (56.2) // 41.4% (51.4) // 38.2% (44.5) // 38.5% (44.8)",
        "fenwickAgainst": "46.4% (43.2) // 40.9% (38.3) // 40.1% (34.0) // 39.4% (34.9)",
        "shotsAgainst": "46.3% (31.6) // 40.5% (27.7) // 37.2% (23.7) // 35.9% (24.1)",
        "scoringAgainst": "45.4% (29.0) // 41.7% (27.6) // 36.1% (20.8) // 38.2% (22.2)",
        "oppCorsi": "44.7% (51.2) // 42.0% (48.9) // 39.7% (46.5) // 38.4% (46.0)",
        "oppFenwick": "44.5% (37.0) // 41.9% (34.4) // 38.6% (31.2) // 37.9% (30.7)",
        "oppShots": "44.8% (27.2) // 43.0% (25.2) // 38.3% (22.3) // 36.5% (21.7)",
        "oppScoring": "42.7% (25.4) // 40.4% (23.7) // 37.2% (22.3) // 33.3% (21.0)",
        "oppCorsiAgainst": "55.3% (63.3) // 58.0% (67.6) // 60.3% (70.5) // 61.6% (73.7)",
        "oppFenwickAgainst": "55.5% (46.1) // 58.1% (47.7) // 61.4% (49.5) // 62.1% (50.3)",
        "oppShotsAgainst": "55.2% (33.5) // 57.0% (33.4) // 61.7% (35.8) // 63.5% (37.7)",
        "oppScoringAgainst": "57.3% (34.1) // 59.6% (35.0) // 62.8% (37.5) // 66.7% (42.0)",
        "savesPerGame": 28.5,
        "savesPerGameLast1": 22.0,
        "savesPerGameLast3": 21.7,
        "savesPerGameLast5": 23.4,
        "savesPer60": 28.3,
        "savesPer60Last1": 23.7,
        "savesPer60Last3": 22.5,
        "savesPer60Last5": 23.8,
        "shotsPerGame": 36.9,
        "shotsPerGameLast5": 39.6,
        "shotsAgainstPerGame": 31.8,
        "shotsAgainstPerGameLast5": 25.8,
        "oppSavesAgainstPer60": 24.9,
        "oppSavesAgainstPer60Last1": 16.0,
        "oppSavesAgainstPer60Last3": 18.0,
        "oppSavesAgainstPer60Last5": 19.6,
        "oppShotsAgainstPerGame": 33.9,
        "oppShotsAgainstPerGameLast5": 37.0,
        "savesProj": 23.1,
        "savesProjLast5": 15.4,
        "savesProjLast3": 13.4,
        "oppSavesAgainstProj": 25.3,
        "oppSavesAgainstProjLast5": 17.7,
        "oppSavesAgainstProjLast3": 16.6,
        "totalOver": 43,
        "totalOverLast5": 80,
        "lastTotalOver": 27,
        "last5": "2,4,4,4,5,2,7,4,0,6",
        "overOdds": "-120",
        "underOdds": "-110",
        "overUnder": "-120 / -110"
    },
    {
        "player": "Aleksander Barkov",
        "team": "FLA",
        "opponent": "MTL",
        "propType": "sog",
        "line": 2.5,
        "ppLine": "PP1",
        "avg": 3.08,
        "hit": false,
        "diffAvg": 0.23,
        "diffAbs": 0.16,
        "lastAvg": 2.78,
        "diff": 0.11,
        "avgMin": 21,
        "proj": 2.9,
        "lastAvgMin": 20.3,
        "oppOver": 0,
        "teamOver": 0,
        "gameLine": "-330",
        "+/-": "+5",
        "L5_+/-": 0.0,
        "prevMatchup": "2023-01-19 2.0 sog, 2022-12-29 5.0 sog",
        "winLossSplits": "3.12 - 2.98",
        "awayHome": "H",
        "playedYesterday": "N",
        "awayHomeSplits": "2.58 - 3.56",
        "savesAboveExp": 0.116,
        "gsaa": -11.64,
        "corsi": "54.1% (66.3) // 58.6% (72.9) // 61.8% (72.1) // 61.5% (71.7)",
        "fenwick": "53.6% (49.9) // 59.1% (55.5) // 59.9% (50.6) // 60.6% (53.8)",
        "shots": "53.7% (36.6) // 59.5% (40.7) // 62.8% (40.1) // 64.1% (42.9)",
        "scoring": "54.6% (35.0) // 58.3% (38.5) // 63.9% (36.9) // 61.8% (35.8)",
        "corsiAgainst": "45.9% (56.2) // 41.4% (51.4) // 38.2% (44.5) // 38.5% (44.8)",
        "fenwickAgainst": "46.4% (43.2) // 40.9% (38.3) // 40.1% (34.0) // 39.4% (34.9)",
        "shotsAgainst": "46.3% (31.6) // 40.5% (27.7) // 37.2% (23.7) // 35.9% (24.1)",
        "scoringAgainst": "45.4% (29.0) // 41.7% (27.6) // 36.1% (20.8) // 38.2% (22.2)",
        "oppCorsi": "44.7% (51.2) // 42.0% (48.9) // 39.7% (46.5) // 38.4% (46.0)",
        "oppFenwick": "44.5% (37.0) // 41.9% (34.4) // 38.6% (31.2) // 37.9% (30.7)",
        "oppShots": "44.8% (27.2) // 43.0% (25.2) // 38.3% (22.3) // 36.5% (21.7)",
        "oppScoring": "42.7% (25.4) // 40.4% (23.7) // 37.2% (22.3) // 33.3% (21.0)",
        "oppCorsiAgainst": "55.3% (63.3) // 58.0% (67.6) // 60.3% (70.5) // 61.6% (73.7)",
        "oppFenwickAgainst": "55.5% (46.1) // 58.1% (47.7) // 61.4% (49.5) // 62.1% (50.3)",
        "oppShotsAgainst": "55.2% (33.5) // 57.0% (33.4) // 61.7% (35.8) // 63.5% (37.7)",
        "oppScoringAgainst": "57.3% (34.1) // 59.6% (35.0) // 62.8% (37.5) // 66.7% (42.0)",
        "savesPerGame": 28.5,
        "savesPerGameLast1": 22.0,
        "savesPerGameLast3": 21.7,
        "savesPerGameLast5": 23.4,
        "savesPer60": 28.3,
        "savesPer60Last1": 23.7,
        "savesPer60Last3": 22.5,
        "savesPer60Last5": 23.8,
        "shotsPerGame": 36.9,
        "shotsPerGameLast5": 39.6,
        "shotsAgainstPerGame": 31.8,
        "shotsAgainstPerGameLast5": 25.8,
        "oppSavesAgainstPer60": 24.9,
        "oppSavesAgainstPer60Last1": 16.0,
        "oppSavesAgainstPer60Last3": 18.0,
        "oppSavesAgainstPer60Last5": 19.6,
        "oppShotsAgainstPerGame": 33.9,
        "oppShotsAgainstPerGameLast5": 37.0,
        "savesProj": 23.1,
        "savesProjLast5": 15.4,
        "savesProjLast3": 13.4,
        "oppSavesAgainstProj": 25.3,
        "oppSavesAgainstProjLast5": 17.7,
        "oppSavesAgainstProjLast3": 16.6,
        "totalOver": 55,
        "totalOverLast5": 100,
        "lastTotalOver": 66,
        "last5": "3,3,5,5,4,4,4,2,0,5",
        "overOdds": "-190",
        "underOdds": "+155",
        "overUnder": "-190 / +155"
    },
    {
        "player": "Brandon Montour",
        "team": "FLA",
        "opponent": "MTL",
        "propType": "sog",
        "line": 2.5,
        "ppLine": "PP1",
        "avg": 2.95,
        "hit": false,
        "diffAvg": 0.18,
        "diffAbs": 0.08,
        "lastAvg": 1.68,
        "diff": -0.33,
        "avgMin": 24,
        "proj": 2.3,
        "lastAvgMin": 17.88,
        "oppOver": 0,
        "teamOver": 0,
        "gameLine": "-330",
        "+/-": "+8",
        "L5_+/-": "+10.0",
        "prevMatchup": "2023-01-19 2.0 sog, 2022-12-29 2.0 sog",
        "winLossSplits": "2.96 - 2.9",
        "awayHome": "H",
        "playedYesterday": "N",
        "awayHomeSplits": "3.0 - 2.91",
        "savesAboveExp": 0.116,
        "gsaa": -11.64,
        "corsi": "54.1% (66.3) // 58.6% (72.9) // 61.8% (72.1) // 61.5% (71.7)",
        "fenwick": "53.6% (49.9) // 59.1% (55.5) // 59.9% (50.6) // 60.6% (53.8)",
        "shots": "53.7% (36.6) // 59.5% (40.7) // 62.8% (40.1) // 64.1% (42.9)",
        "scoring": "54.6% (35.0) // 58.3% (38.5) // 63.9% (36.9) // 61.8% (35.8)",
        "corsiAgainst": "45.9% (56.2) // 41.4% (51.4) // 38.2% (44.5) // 38.5% (44.8)",
        "fenwickAgainst": "46.4% (43.2) // 40.9% (38.3) // 40.1% (34.0) // 39.4% (34.9)",
        "shotsAgainst": "46.3% (31.6) // 40.5% (27.7) // 37.2% (23.7) // 35.9% (24.1)",
        "scoringAgainst": "45.4% (29.0) // 41.7% (27.6) // 36.1% (20.8) // 38.2% (22.2)",
        "oppCorsi": "44.7% (51.2) // 42.0% (48.9) // 39.7% (46.5) // 38.4% (46.0)",
        "oppFenwick": "44.5% (37.0) // 41.9% (34.4) // 38.6% (31.2) // 37.9% (30.7)",
        "oppShots": "44.8% (27.2) // 43.0% (25.2) // 38.3% (22.3) // 36.5% (21.7)",
        "oppScoring": "42.7% (25.4) // 40.4% (23.7) // 37.2% (22.3) // 33.3% (21.0)",
        "oppCorsiAgainst": "55.3% (63.3) // 58.0% (67.6) // 60.3% (70.5) // 61.6% (73.7)",
        "oppFenwickAgainst": "55.5% (46.1) // 58.1% (47.7) // 61.4% (49.5) // 62.1% (50.3)",
        "oppShotsAgainst": "55.2% (33.5) // 57.0% (33.4) // 61.7% (35.8) // 63.5% (37.7)",
        "oppScoringAgainst": "57.3% (34.1) // 59.6% (35.0) // 62.8% (37.5) // 66.7% (42.0)",
        "savesPerGame": 28.5,
        "savesPerGameLast1": 22.0,
        "savesPerGameLast3": 21.7,
        "savesPerGameLast5": 23.4,
        "savesPer60": 28.3,
        "savesPer60Last1": 23.7,
        "savesPer60Last3": 22.5,
        "savesPer60Last5": 23.8,
        "shotsPerGame": 36.9,
        "shotsPerGameLast5": 39.6,
        "shotsAgainstPerGame": 31.8,
        "shotsAgainstPerGameLast5": 25.8,
        "oppSavesAgainstPer60": 24.9,
        "oppSavesAgainstPer60Last1": 16.0,
        "oppSavesAgainstPer60Last3": 18.0,
        "oppSavesAgainstPer60Last5": 19.6,
        "oppShotsAgainstPerGame": 33.9,
        "oppShotsAgainstPerGameLast5": 37.0,
        "savesProj": 23.1,
        "savesProjLast5": 15.4,
        "savesProjLast3": 13.4,
        "oppSavesAgainstProj": 25.3,
        "oppSavesAgainstProjLast5": 17.7,
        "oppSavesAgainstProjLast3": 16.6,
        "totalOver": 57,
        "totalOverLast5": 80,
        "lastTotalOver": 48,
        "last5": "3,4,3,3,2,1,5,6,4,0",
        "overOdds": "-165",
        "underOdds": "+135",
        "overUnder": "-165 / +135"
    },
    {
        "player": "Carter Verhaeghe",
        "team": "FLA",
        "opponent": "MTL",
        "propType": "sog",
        "line": 3.5,
        "ppLine": "PP1",
        "avg": 3.29,
        "hit": false,
        "diffAvg": -0.06,
        "diffAbs": 0.43,
        "lastAvg": 1.9,
        "diff": -0.46,
        "avgMin": 17,
        "proj": 2.0,
        "lastAvgMin": 16.05,
        "oppOver": 0,
        "teamOver": 0,
        "gameLine": "-330",
        "+/-": "+9",
        "L5_+/-": "+3.0",
        "prevMatchup": "2023-01-19 4.0 sog, 2022-12-29 3.0 sog",
        "winLossSplits": "3.51 - 2.91",
        "awayHome": "H",
        "playedYesterday": "N",
        "awayHomeSplits": "2.94 - 3.66",
        "savesAboveExp": 0.116,
        "gsaa": -11.64,
        "corsi": "54.1% (66.3) // 58.6% (72.9) // 61.8% (72.1) // 61.5% (71.7)",
        "fenwick": "53.6% (49.9) // 59.1% (55.5) // 59.9% (50.6) // 60.6% (53.8)",
        "shots": "53.7% (36.6) // 59.5% (40.7) // 62.8% (40.1) // 64.1% (42.9)",
        "scoring": "54.6% (35.0) // 58.3% (38.5) // 63.9% (36.9) // 61.8% (35.8)",
        "corsiAgainst": "45.9% (56.2) // 41.4% (51.4) // 38.2% (44.5) // 38.5% (44.8)",
        "fenwickAgainst": "46.4% (43.2) // 40.9% (38.3) // 40.1% (34.0) // 39.4% (34.9)",
        "shotsAgainst": "46.3% (31.6) // 40.5% (27.7) // 37.2% (23.7) // 35.9% (24.1)",
        "scoringAgainst": "45.4% (29.0) // 41.7% (27.6) // 36.1% (20.8) // 38.2% (22.2)",
        "oppCorsi": "44.7% (51.2) // 42.0% (48.9) // 39.7% (46.5) // 38.4% (46.0)",
        "oppFenwick": "44.5% (37.0) // 41.9% (34.4) // 38.6% (31.2) // 37.9% (30.7)",
        "oppShots": "44.8% (27.2) // 43.0% (25.2) // 38.3% (22.3) // 36.5% (21.7)",
        "oppScoring": "42.7% (25.4) // 40.4% (23.7) // 37.2% (22.3) // 33.3% (21.0)",
        "oppCorsiAgainst": "55.3% (63.3) // 58.0% (67.6) // 60.3% (70.5) // 61.6% (73.7)",
        "oppFenwickAgainst": "55.5% (46.1) // 58.1% (47.7) // 61.4% (49.5) // 62.1% (50.3)",
        "oppShotsAgainst": "55.2% (33.5) // 57.0% (33.4) // 61.7% (35.8) // 63.5% (37.7)",
        "oppScoringAgainst": "57.3% (34.1) // 59.6% (35.0) // 62.8% (37.5) // 66.7% (42.0)",
        "savesPerGame": 28.5,
        "savesPerGameLast1": 22.0,
        "savesPerGameLast3": 21.7,
        "savesPerGameLast5": 23.4,
        "savesPer60": 28.3,
        "savesPer60Last1": 23.7,
        "savesPer60Last3": 22.5,
        "savesPer60Last5": 23.8,
        "shotsPerGame": 36.9,
        "shotsPerGameLast5": 39.6,
        "shotsAgainstPerGame": 31.8,
        "shotsAgainstPerGameLast5": 25.8,
        "oppSavesAgainstPer60": 24.9,
        "oppSavesAgainstPer60Last1": 16.0,
        "oppSavesAgainstPer60Last3": 18.0,
        "oppSavesAgainstPer60Last5": 19.6,
        "oppShotsAgainstPerGame": 33.9,
        "oppShotsAgainstPerGameLast5": 37.0,
        "savesProj": 23.1,
        "savesProjLast5": 15.4,
        "savesProjLast3": 13.4,
        "oppSavesAgainstProj": 25.3,
        "oppSavesAgainstProjLast5": 17.7,
        "oppSavesAgainstProjLast3": 16.6,
        "totalOver": 50,
        "totalOverLast5": 60,
        "lastTotalOver": 16,
        "last5": "5,1,5,6,2,2,6,5,2,4",
        "overOdds": "-105",
        "underOdds": "-125",
        "overUnder": "-105 / -125"
    },
    {
        "player": "Gustav Forsling",
        "team": "FLA",
        "opponent": "MTL",
        "propType": "sog",
        "line": 2.5,
        "ppLine": "PP2",
        "avg": 2.45,
        "hit": false,
        "diffAvg": -0.02,
        "diffAbs": 0.24,
        "lastAvg": 1.79,
        "diff": -0.28,
        "avgMin": 23,
        "proj": 1.9,
        "lastAvgMin": 21.22,
        "oppOver": 0,
        "teamOver": 0,
        "gameLine": "-330",
        "+/-": "+14",
        "L5_+/-": 0.0,
        "prevMatchup": "2023-01-19 0.0 sog, 2022-12-29 4.0 sog",
        "winLossSplits": "2.41 - 2.41",
        "awayHome": "H",
        "playedYesterday": "N",
        "awayHomeSplits": "2.5 - 2.39",
        "savesAboveExp": 0.116,
        "gsaa": -11.64,
        "corsi": "54.1% (66.3) // 58.6% (72.9) // 61.8% (72.1) // 61.5% (71.7)",
        "fenwick": "53.6% (49.9) // 59.1% (55.5) // 59.9% (50.6) // 60.6% (53.8)",
        "shots": "53.7% (36.6) // 59.5% (40.7) // 62.8% (40.1) // 64.1% (42.9)",
        "scoring": "54.6% (35.0) // 58.3% (38.5) // 63.9% (36.9) // 61.8% (35.8)",
        "corsiAgainst": "45.9% (56.2) // 41.4% (51.4) // 38.2% (44.5) // 38.5% (44.8)",
        "fenwickAgainst": "46.4% (43.2) // 40.9% (38.3) // 40.1% (34.0) // 39.4% (34.9)",
        "shotsAgainst": "46.3% (31.6) // 40.5% (27.7) // 37.2% (23.7) // 35.9% (24.1)",
        "scoringAgainst": "45.4% (29.0) // 41.7% (27.6) // 36.1% (20.8) // 38.2% (22.2)",
        "oppCorsi": "44.7% (51.2) // 42.0% (48.9) // 39.7% (46.5) // 38.4% (46.0)",
        "oppFenwick": "44.5% (37.0) // 41.9% (34.4) // 38.6% (31.2) // 37.9% (30.7)",
        "oppShots": "44.8% (27.2) // 43.0% (25.2) // 38.3% (22.3) // 36.5% (21.7)",
        "oppScoring": "42.7% (25.4) // 40.4% (23.7) // 37.2% (22.3) // 33.3% (21.0)",
        "oppCorsiAgainst": "55.3% (63.3) // 58.0% (67.6) // 60.3% (70.5) // 61.6% (73.7)",
        "oppFenwickAgainst": "55.5% (46.1) // 58.1% (47.7) // 61.4% (49.5) // 62.1% (50.3)",
        "oppShotsAgainst": "55.2% (33.5) // 57.0% (33.4) // 61.7% (35.8) // 63.5% (37.7)",
        "oppScoringAgainst": "57.3% (34.1) // 59.6% (35.0) // 62.8% (37.5) // 66.7% (42.0)",
        "savesPerGame": 28.5,
        "savesPerGameLast1": 22.0,
        "savesPerGameLast3": 21.7,
        "savesPerGameLast5": 23.4,
        "savesPer60": 28.3,
        "savesPer60Last1": 23.7,
        "savesPer60Last3": 22.5,
        "savesPer60Last5": 23.8,
        "shotsPerGame": 36.9,
        "shotsPerGameLast5": 39.6,
        "shotsAgainstPerGame": 31.8,
        "shotsAgainstPerGameLast5": 25.8,
        "oppSavesAgainstPer60": 24.9,
        "oppSavesAgainstPer60Last1": 16.0,
        "oppSavesAgainstPer60Last3": 18.0,
        "oppSavesAgainstPer60Last5": 19.6,
        "oppShotsAgainstPerGame": 33.9,
        "oppShotsAgainstPerGameLast5": 37.0,
        "savesProj": 23.1,
        "savesProjLast5": 15.4,
        "savesProjLast3": 13.4,
        "oppSavesAgainstProj": 25.3,
        "oppSavesAgainstProjLast5": 17.7,
        "oppSavesAgainstProjLast3": 16.6,
        "totalOver": 52,
        "totalOverLast5": 40,
        "lastTotalOver": 32,
        "last5": "4,1,3,2,1,1,2,3,3,2",
        "overOdds": "+110",
        "underOdds": "-140",
        "overUnder": "+110 / -140"
    },
    {
        "player": "Josh Anderson",
        "team": "MTL",
        "opponent": "FLA",
        "propType": "sog",
        "line": 2.5,
        "ppLine": "PP1",
        "avg": 2.39,
        "hit": false,
        "diffAvg": -0.04,
        "diffAbs": 0.2,
        "lastAvg": 2.19,
        "diff": -0.12,
        "avgMin": 16,
        "proj": 2.0,
        "lastAvgMin": 17.22,
        "oppOver": 0,
        "teamOver": 0,
        "gameLine": "+275",
        "+/-": -6,
        "L5_+/-": "+4.0",
        "prevMatchup": "2023-01-19 6.0 sog, 2022-12-29 4.0 sog",
        "winLossSplits": "2.57 - 2.12",
        "awayHome": "A",
        "playedYesterday": "N",
        "awayHomeSplits": "2.64 - 2.15",
        "savesAboveExp": -0.102,
        "gsaa": -0.55,
        "corsi": "44.7% (51.2) // 42.0% (48.9) // 39.7% (46.5) // 38.4% (46.0)",
        "fenwick": "44.5% (37.0) // 41.9% (34.4) // 38.6% (31.2) // 37.9% (30.7)",
        "shots": "44.8% (27.2) // 43.0% (25.2) // 38.3% (22.3) // 36.5% (21.7)",
        "scoring": "42.7% (25.4) // 40.4% (23.7) // 37.2% (22.3) // 33.3% (21.0)",
        "corsiAgainst": "55.3% (63.3) // 58.0% (67.6) // 60.3% (70.5) // 61.6% (73.7)",
        "fenwickAgainst": "55.5% (46.1) // 58.1% (47.7) // 61.4% (49.5) // 62.1% (50.3)",
        "shotsAgainst": "55.2% (33.5) // 57.0% (33.4) // 61.7% (35.8) // 63.5% (37.7)",
        "scoringAgainst": "57.3% (34.1) // 59.6% (35.0) // 62.8% (37.5) // 66.7% (42.0)",
        "oppCorsi": "54.1% (66.3) // 58.6% (72.9) // 61.8% (72.1) // 61.5% (71.7)",
        "oppFenwick": "53.6% (49.9) // 59.1% (55.5) // 59.9% (50.6) // 60.6% (53.8)",
        "oppShots": "53.7% (36.6) // 59.5% (40.7) // 62.8% (40.1) // 64.1% (42.9)",
        "oppScoring": "54.6% (35.0) // 58.3% (38.5) // 63.9% (36.9) // 61.8% (35.8)",
        "oppCorsiAgainst": "45.9% (56.2) // 41.4% (51.4) // 38.2% (44.5) // 38.5% (44.8)",
        "oppFenwickAgainst": "46.4% (43.2) // 40.9% (38.3) // 40.1% (34.0) // 39.4% (34.9)",
        "oppShotsAgainst": "46.3% (31.6) // 40.5% (27.7) // 37.2% (23.7) // 35.9% (24.1)",
        "oppScoringAgainst": "45.4% (29.0) // 41.7% (27.6) // 36.1% (20.8) // 38.2% (22.2)",
        "savesPerGame": 30.3,
        "savesPerGameLast1": 39.0,
        "savesPerGameLast3": 32.7,
        "savesPerGameLast5": 32.8,
        "savesPer60": 30.3,
        "savesPer60Last1": 39.0,
        "savesPer60Last3": 32.4,
        "savesPer60Last5": 33.8,
        "shotsPerGame": 27.5,
        "shotsPerGameLast5": 23.0,
        "shotsAgainstPerGame": 33.9,
        "shotsAgainstPerGameLast5": 37.0,
        "oppSavesAgainstPer60": 33.4,
        "oppSavesAgainstPer60Last1": 45.2,
        "oppSavesAgainstPer60Last3": 38.1,
        "oppSavesAgainstPer60Last5": 36.5,
        "oppShotsAgainstPerGame": 31.8,
        "oppShotsAgainstPerGameLast5": 25.8,
        "savesProj": 36.0,
        "savesProjLast5": 45.6,
        "savesProjLast3": 46.9,
        "oppSavesAgainstProj": 35.7,
        "oppSavesAgainstProjLast5": 39.1,
        "oppSavesAgainstProjLast3": 40.5,
        "totalOver": 48,
        "totalOverLast5": 40,
        "lastTotalOver": 34,
        "last5": "3,3,2,2,2,1,2,2,3,2",
        "overOdds": "+110",
        "underOdds": "-140",
        "overUnder": "+110 / -140"
    },
    {
        "player": "Matthew Tkachuk",
        "team": "FLA",
        "opponent": "MTL",
        "propType": "sog",
        "line": 4.5,
        "ppLine": "PP1",
        "avg": 4.08,
        "hit": false,
        "diffAvg": -0.09,
        "diffAbs": 0.33,
        "lastAvg": 2.69,
        "diff": -0.4,
        "avgMin": 20,
        "proj": 3.0,
        "lastAvgMin": 17.88,
        "oppOver": 0,
        "teamOver": 0,
        "gameLine": "-330",
        "+/-": "+17",
        "L5_+/-": "+2.0",
        "prevMatchup": "2023-01-19 9.0 sog, 2022-12-29 9.0 sog",
        "winLossSplits": "4.51 - 3.37",
        "awayHome": "H",
        "playedYesterday": "N",
        "awayHomeSplits": "3.64 - 4.55",
        "savesAboveExp": 0.116,
        "gsaa": -11.64,
        "corsi": "54.1% (66.3) // 58.6% (72.9) // 61.8% (72.1) // 61.5% (71.7)",
        "fenwick": "53.6% (49.9) // 59.1% (55.5) // 59.9% (50.6) // 60.6% (53.8)",
        "shots": "53.7% (36.6) // 59.5% (40.7) // 62.8% (40.1) // 64.1% (42.9)",
        "scoring": "54.6% (35.0) // 58.3% (38.5) // 63.9% (36.9) // 61.8% (35.8)",
        "corsiAgainst": "45.9% (56.2) // 41.4% (51.4) // 38.2% (44.5) // 38.5% (44.8)",
        "fenwickAgainst": "46.4% (43.2) // 40.9% (38.3) // 40.1% (34.0) // 39.4% (34.9)",
        "shotsAgainst": "46.3% (31.6) // 40.5% (27.7) // 37.2% (23.7) // 35.9% (24.1)",
        "scoringAgainst": "45.4% (29.0) // 41.7% (27.6) // 36.1% (20.8) // 38.2% (22.2)",
        "oppCorsi": "44.7% (51.2) // 42.0% (48.9) // 39.7% (46.5) // 38.4% (46.0)",
        "oppFenwick": "44.5% (37.0) // 41.9% (34.4) // 38.6% (31.2) // 37.9% (30.7)",
        "oppShots": "44.8% (27.2) // 43.0% (25.2) // 38.3% (22.3) // 36.5% (21.7)",
        "oppScoring": "42.7% (25.4) // 40.4% (23.7) // 37.2% (22.3) // 33.3% (21.0)",
        "oppCorsiAgainst": "55.3% (63.3) // 58.0% (67.6) // 60.3% (70.5) // 61.6% (73.7)",
        "oppFenwickAgainst": "55.5% (46.1) // 58.1% (47.7) // 61.4% (49.5) // 62.1% (50.3)",
        "oppShotsAgainst": "55.2% (33.5) // 57.0% (33.4) // 61.7% (35.8) // 63.5% (37.7)",
        "oppScoringAgainst": "57.3% (34.1) // 59.6% (35.0) // 62.8% (37.5) // 66.7% (42.0)",
        "savesPerGame": 28.5,
        "savesPerGameLast1": 22.0,
        "savesPerGameLast3": 21.7,
        "savesPerGameLast5": 23.4,
        "savesPer60": 28.3,
        "savesPer60Last1": 23.7,
        "savesPer60Last3": 22.5,
        "savesPer60Last5": 23.8,
        "shotsPerGame": 36.9,
        "shotsPerGameLast5": 39.6,
        "shotsAgainstPerGame": 31.8,
        "shotsAgainstPerGameLast5": 25.8,
        "oppSavesAgainstPer60": 24.9,
        "oppSavesAgainstPer60Last1": 16.0,
        "oppSavesAgainstPer60Last3": 18.0,
        "oppSavesAgainstPer60Last5": 19.6,
        "oppShotsAgainstPerGame": 33.9,
        "oppShotsAgainstPerGameLast5": 37.0,
        "savesProj": 23.1,
        "savesProjLast5": 15.4,
        "savesProjLast3": 13.4,
        "oppSavesAgainstProj": 25.3,
        "oppSavesAgainstProjLast5": 17.7,
        "oppSavesAgainstProjLast3": 16.6,
        "totalOver": 34,
        "totalOverLast5": 40,
        "lastTotalOver": 24,
        "last5": "9,7,4,4,3,6,6,6,3,2",
        "overOdds": "+135",
        "underOdds": "-165",
        "overUnder": "+135 / -165"
    },
    {
        "player": "Mike Hoffman",
        "team": "MTL",
        "opponent": "FLA",
        "propType": "sog",
        "line": 2.5,
        "ppLine": "PP2",
        "avg": 2.26,
        "hit": false,
        "diffAvg": -0.1,
        "diffAbs": 0.2,
        "lastAvg": 2.3,
        "diff": -0.08,
        "avgMin": 15,
        "proj": 2.0,
        "lastAvgMin": 17.03,
        "oppOver": 0,
        "teamOver": 0,
        "gameLine": "+275",
        "+/-": -5,
        "L5_+/-": -3.0,
        "prevMatchup": "2023-01-19 0.0 sog, 2022-12-29 5.0 sog",
        "winLossSplits": "2.37 - 2.07",
        "awayHome": "A",
        "playedYesterday": "N",
        "awayHomeSplits": "1.92 - 2.55",
        "savesAboveExp": -0.102,
        "gsaa": -0.55,
        "corsi": "44.7% (51.2) // 42.0% (48.9) // 39.7% (46.5) // 38.4% (46.0)",
        "fenwick": "44.5% (37.0) // 41.9% (34.4) // 38.6% (31.2) // 37.9% (30.7)",
        "shots": "44.8% (27.2) // 43.0% (25.2) // 38.3% (22.3) // 36.5% (21.7)",
        "scoring": "42.7% (25.4) // 40.4% (23.7) // 37.2% (22.3) // 33.3% (21.0)",
        "corsiAgainst": "55.3% (63.3) // 58.0% (67.6) // 60.3% (70.5) // 61.6% (73.7)",
        "fenwickAgainst": "55.5% (46.1) // 58.1% (47.7) // 61.4% (49.5) // 62.1% (50.3)",
        "shotsAgainst": "55.2% (33.5) // 57.0% (33.4) // 61.7% (35.8) // 63.5% (37.7)",
        "scoringAgainst": "57.3% (34.1) // 59.6% (35.0) // 62.8% (37.5) // 66.7% (42.0)",
        "oppCorsi": "54.1% (66.3) // 58.6% (72.9) // 61.8% (72.1) // 61.5% (71.7)",
        "oppFenwick": "53.6% (49.9) // 59.1% (55.5) // 59.9% (50.6) // 60.6% (53.8)",
        "oppShots": "53.7% (36.6) // 59.5% (40.7) // 62.8% (40.1) // 64.1% (42.9)",
        "oppScoring": "54.6% (35.0) // 58.3% (38.5) // 63.9% (36.9) // 61.8% (35.8)",
        "oppCorsiAgainst": "45.9% (56.2) // 41.4% (51.4) // 38.2% (44.5) // 38.5% (44.8)",
        "oppFenwickAgainst": "46.4% (43.2) // 40.9% (38.3) // 40.1% (34.0) // 39.4% (34.9)",
        "oppShotsAgainst": "46.3% (31.6) // 40.5% (27.7) // 37.2% (23.7) // 35.9% (24.1)",
        "oppScoringAgainst": "45.4% (29.0) // 41.7% (27.6) // 36.1% (20.8) // 38.2% (22.2)",
        "savesPerGame": 30.3,
        "savesPerGameLast1": 39.0,
        "savesPerGameLast3": 32.7,
        "savesPerGameLast5": 32.8,
        "savesPer60": 30.3,
        "savesPer60Last1": 39.0,
        "savesPer60Last3": 32.4,
        "savesPer60Last5": 33.8,
        "shotsPerGame": 27.5,
        "shotsPerGameLast5": 23.0,
        "shotsAgainstPerGame": 33.9,
        "shotsAgainstPerGameLast5": 37.0,
        "oppSavesAgainstPer60": 33.4,
        "oppSavesAgainstPer60Last1": 45.2,
        "oppSavesAgainstPer60Last3": 38.1,
        "oppSavesAgainstPer60Last5": 36.5,
        "oppShotsAgainstPerGame": 31.8,
        "oppShotsAgainstPerGameLast5": 25.8,
        "savesProj": 36.0,
        "savesProjLast5": 45.6,
        "savesProjLast3": 46.9,
        "oppSavesAgainstProj": 35.7,
        "oppSavesAgainstProjLast5": 39.1,
        "oppSavesAgainstProjLast3": 40.5,
        "totalOver": 41,
        "totalOverLast5": 20,
        "lastTotalOver": 29,
        "last5": "2,2,0,5,2,4,1,2,1,3",
        "overOdds": "+145",
        "underOdds": "-180",
        "overUnder": "+145 / -180"
    },
    {
        "player": "Mike Matheson",
        "team": "MTL",
        "opponent": "FLA",
        "propType": "sog",
        "line": 2.5,
        "ppLine": "PP2",
        "avg": 2.41,
        "hit": false,
        "diffAvg": -0.04,
        "diffAbs": 0.12,
        "lastAvg": 1.73,
        "diff": -0.31,
        "avgMin": 24,
        "proj": 2.2,
        "lastAvgMin": 18.78,
        "oppOver": 0,
        "teamOver": 0,
        "gameLine": "+275",
        "+/-": "+6",
        "L5_+/-": -2.0,
        "prevMatchup": "2023-01-19 1.0 sog",
        "winLossSplits": "2.3 - 2.47",
        "awayHome": "A",
        "playedYesterday": "N",
        "awayHomeSplits": "2.38 - 2.44",
        "savesAboveExp": -0.102,
        "gsaa": -0.55,
        "corsi": "44.7% (51.2) // 42.0% (48.9) // 39.7% (46.5) // 38.4% (46.0)",
        "fenwick": "44.5% (37.0) // 41.9% (34.4) // 38.6% (31.2) // 37.9% (30.7)",
        "shots": "44.8% (27.2) // 43.0% (25.2) // 38.3% (22.3) // 36.5% (21.7)",
        "scoring": "42.7% (25.4) // 40.4% (23.7) // 37.2% (22.3) // 33.3% (21.0)",
        "corsiAgainst": "55.3% (63.3) // 58.0% (67.6) // 60.3% (70.5) // 61.6% (73.7)",
        "fenwickAgainst": "55.5% (46.1) // 58.1% (47.7) // 61.4% (49.5) // 62.1% (50.3)",
        "shotsAgainst": "55.2% (33.5) // 57.0% (33.4) // 61.7% (35.8) // 63.5% (37.7)",
        "scoringAgainst": "57.3% (34.1) // 59.6% (35.0) // 62.8% (37.5) // 66.7% (42.0)",
        "oppCorsi": "54.1% (66.3) // 58.6% (72.9) // 61.8% (72.1) // 61.5% (71.7)",
        "oppFenwick": "53.6% (49.9) // 59.1% (55.5) // 59.9% (50.6) // 60.6% (53.8)",
        "oppShots": "53.7% (36.6) // 59.5% (40.7) // 62.8% (40.1) // 64.1% (42.9)",
        "oppScoring": "54.6% (35.0) // 58.3% (38.5) // 63.9% (36.9) // 61.8% (35.8)",
        "oppCorsiAgainst": "45.9% (56.2) // 41.4% (51.4) // 38.2% (44.5) // 38.5% (44.8)",
        "oppFenwickAgainst": "46.4% (43.2) // 40.9% (38.3) // 40.1% (34.0) // 39.4% (34.9)",
        "oppShotsAgainst": "46.3% (31.6) // 40.5% (27.7) // 37.2% (23.7) // 35.9% (24.1)",
        "oppScoringAgainst": "45.4% (29.0) // 41.7% (27.6) // 36.1% (20.8) // 38.2% (22.2)",
        "savesPerGame": 30.3,
        "savesPerGameLast1": 39.0,
        "savesPerGameLast3": 32.7,
        "savesPerGameLast5": 32.8,
        "savesPer60": 30.3,
        "savesPer60Last1": 39.0,
        "savesPer60Last3": 32.4,
        "savesPer60Last5": 33.8,
        "shotsPerGame": 27.5,
        "shotsPerGameLast5": 23.0,
        "shotsAgainstPerGame": 33.9,
        "shotsAgainstPerGameLast5": 37.0,
        "oppSavesAgainstPer60": 33.4,
        "oppSavesAgainstPer60Last1": 45.2,
        "oppSavesAgainstPer60Last3": 38.1,
        "oppSavesAgainstPer60Last5": 36.5,
        "oppShotsAgainstPerGame": 31.8,
        "oppShotsAgainstPerGameLast5": 25.8,
        "savesProj": 36.0,
        "savesProjLast5": 45.6,
        "savesProjLast3": 46.9,
        "oppSavesAgainstProj": 35.7,
        "oppSavesAgainstProjLast5": 39.1,
        "oppSavesAgainstProjLast3": 40.5,
        "totalOver": 47,
        "totalOverLast5": 40,
        "lastTotalOver": 44,
        "last5": "3,2,2,2,3,3,3,3,3,6",
        "overOdds": "-105",
        "underOdds": "-125",
        "overUnder": "-105 / -125"
    },
    {
        "player": "Nick Suzuki",
        "team": "MTL",
        "opponent": "FLA",
        "propType": "sog",
        "line": 1.5,
        "ppLine": "PP1",
        "avg": 1.9,
        "hit": false,
        "diffAvg": 0.27,
        "diffAbs": 0.53,
        "lastAvg": 2.24,
        "diff": 0.49,
        "avgMin": 21,
        "proj": 2.3,
        "lastAvgMin": 20.5,
        "oppOver": 0,
        "teamOver": 0,
        "gameLine": "+275",
        "+/-": -12,
        "L5_+/-": -1.0,
        "prevMatchup": "2023-01-19 0.0 sog, 2022-12-29 0.0 sog",
        "winLossSplits": "2.05 - 1.73",
        "awayHome": "A",
        "playedYesterday": "N",
        "awayHomeSplits": "1.53 - 2.26",
        "savesAboveExp": -0.102,
        "gsaa": -0.55,
        "corsi": "44.7% (51.2) // 42.0% (48.9) // 39.7% (46.5) // 38.4% (46.0)",
        "fenwick": "44.5% (37.0) // 41.9% (34.4) // 38.6% (31.2) // 37.9% (30.7)",
        "shots": "44.8% (27.2) // 43.0% (25.2) // 38.3% (22.3) // 36.5% (21.7)",
        "scoring": "42.7% (25.4) // 40.4% (23.7) // 37.2% (22.3) // 33.3% (21.0)",
        "corsiAgainst": "55.3% (63.3) // 58.0% (67.6) // 60.3% (70.5) // 61.6% (73.7)",
        "fenwickAgainst": "55.5% (46.1) // 58.1% (47.7) // 61.4% (49.5) // 62.1% (50.3)",
        "shotsAgainst": "55.2% (33.5) // 57.0% (33.4) // 61.7% (35.8) // 63.5% (37.7)",
        "scoringAgainst": "57.3% (34.1) // 59.6% (35.0) // 62.8% (37.5) // 66.7% (42.0)",
        "oppCorsi": "54.1% (66.3) // 58.6% (72.9) // 61.8% (72.1) // 61.5% (71.7)",
        "oppFenwick": "53.6% (49.9) // 59.1% (55.5) // 59.9% (50.6) // 60.6% (53.8)",
        "oppShots": "53.7% (36.6) // 59.5% (40.7) // 62.8% (40.1) // 64.1% (42.9)",
        "oppScoring": "54.6% (35.0) // 58.3% (38.5) // 63.9% (36.9) // 61.8% (35.8)",
        "oppCorsiAgainst": "45.9% (56.2) // 41.4% (51.4) // 38.2% (44.5) // 38.5% (44.8)",
        "oppFenwickAgainst": "46.4% (43.2) // 40.9% (38.3) // 40.1% (34.0) // 39.4% (34.9)",
        "oppShotsAgainst": "46.3% (31.6) // 40.5% (27.7) // 37.2% (23.7) // 35.9% (24.1)",
        "oppScoringAgainst": "45.4% (29.0) // 41.7% (27.6) // 36.1% (20.8) // 38.2% (22.2)",
        "savesPerGame": 30.3,
        "savesPerGameLast1": 39.0,
        "savesPerGameLast3": 32.7,
        "savesPerGameLast5": 32.8,
        "savesPer60": 30.3,
        "savesPer60Last1": 39.0,
        "savesPer60Last3": 32.4,
        "savesPer60Last5": 33.8,
        "shotsPerGame": 27.5,
        "shotsPerGameLast5": 23.0,
        "shotsAgainstPerGame": 33.9,
        "shotsAgainstPerGameLast5": 37.0,
        "oppSavesAgainstPer60": 33.4,
        "oppSavesAgainstPer60Last1": 45.2,
        "oppSavesAgainstPer60Last3": 38.1,
        "oppSavesAgainstPer60Last5": 36.5,
        "oppShotsAgainstPerGame": 31.8,
        "oppShotsAgainstPerGameLast5": 25.8,
        "savesProj": 36.0,
        "savesProjLast5": 45.6,
        "savesProjLast3": 46.9,
        "oppSavesAgainstProj": 35.7,
        "oppSavesAgainstProjLast5": 39.1,
        "oppSavesAgainstProjLast3": 40.5,
        "totalOver": 56,
        "totalOverLast5": 20,
        "lastTotalOver": 62,
        "last5": "1,1,0,1,3,0,3,0,3,2",
        "overOdds": "-155",
        "underOdds": "+125",
        "overUnder": "-155 / +125"
    },
    {
        "player": "Rafael Harvey-Pinard",
        "team": "MTL",
        "opponent": "FLA",
        "propType": "sog",
        "line": 1.5,
        "ppLine": "",
        "avg": 1.62,
        "hit": false,
        "diffAvg": 0.08,
        "diffAbs": 1.0,
        "lastAvg": 0,
        "diff": 0,
        "avgMin": 17,
        "proj": 0.0,
        "lastAvgMin": 0,
        "oppOver": 0,
        "teamOver": 0,
        "gameLine": "+275",
        "+/-": "+5",
        "L5_+/-": -2.0,
        "prevMatchup": "2023-01-19 2.0 sog",
        "winLossSplits": "1.09 - 1.92",
        "awayHome": "A",
        "playedYesterday": "N",
        "awayHomeSplits": "1.3 - 1.86",
        "savesAboveExp": -0.102,
        "gsaa": -0.55,
        "corsi": "44.7% (51.2) // 42.0% (48.9) // 39.7% (46.5) // 38.4% (46.0)",
        "fenwick": "44.5% (37.0) // 41.9% (34.4) // 38.6% (31.2) // 37.9% (30.7)",
        "shots": "44.8% (27.2) // 43.0% (25.2) // 38.3% (22.3) // 36.5% (21.7)",
        "scoring": "42.7% (25.4) // 40.4% (23.7) // 37.2% (22.3) // 33.3% (21.0)",
        "corsiAgainst": "55.3% (63.3) // 58.0% (67.6) // 60.3% (70.5) // 61.6% (73.7)",
        "fenwickAgainst": "55.5% (46.1) // 58.1% (47.7) // 61.4% (49.5) // 62.1% (50.3)",
        "shotsAgainst": "55.2% (33.5) // 57.0% (33.4) // 61.7% (35.8) // 63.5% (37.7)",
        "scoringAgainst": "57.3% (34.1) // 59.6% (35.0) // 62.8% (37.5) // 66.7% (42.0)",
        "oppCorsi": "54.1% (66.3) // 58.6% (72.9) // 61.8% (72.1) // 61.5% (71.7)",
        "oppFenwick": "53.6% (49.9) // 59.1% (55.5) // 59.9% (50.6) // 60.6% (53.8)",
        "oppShots": "53.7% (36.6) // 59.5% (40.7) // 62.8% (40.1) // 64.1% (42.9)",
        "oppScoring": "54.6% (35.0) // 58.3% (38.5) // 63.9% (36.9) // 61.8% (35.8)",
        "oppCorsiAgainst": "45.9% (56.2) // 41.4% (51.4) // 38.2% (44.5) // 38.5% (44.8)",
        "oppFenwickAgainst": "46.4% (43.2) // 40.9% (38.3) // 40.1% (34.0) // 39.4% (34.9)",
        "oppShotsAgainst": "46.3% (31.6) // 40.5% (27.7) // 37.2% (23.7) // 35.9% (24.1)",
        "oppScoringAgainst": "45.4% (29.0) // 41.7% (27.6) // 36.1% (20.8) // 38.2% (22.2)",
        "savesPerGame": 30.3,
        "savesPerGameLast1": 39.0,
        "savesPerGameLast3": 32.7,
        "savesPerGameLast5": 32.8,
        "savesPer60": 30.3,
        "savesPer60Last1": 39.0,
        "savesPer60Last3": 32.4,
        "savesPer60Last5": 33.8,
        "shotsPerGame": 27.5,
        "shotsPerGameLast5": 23.0,
        "shotsAgainstPerGame": 33.9,
        "shotsAgainstPerGameLast5": 37.0,
        "oppSavesAgainstPer60": 33.4,
        "oppSavesAgainstPer60Last1": 45.2,
        "oppSavesAgainstPer60Last3": 38.1,
        "oppSavesAgainstPer60Last5": 36.5,
        "oppShotsAgainstPerGame": 31.8,
        "oppShotsAgainstPerGameLast5": 25.8,
        "savesProj": 36.0,
        "savesProjLast5": 45.6,
        "savesProjLast3": 46.9,
        "oppSavesAgainstProj": 35.7,
        "oppSavesAgainstProjLast5": 39.1,
        "oppSavesAgainstProjLast3": 40.5,
        "totalOver": 42,
        "totalOverLast5": 40,
        "lastTotalOver": 0,
        "last5": "0,1,1,2,3,5,0,5,0,0",
        "overOdds": "-150",
        "underOdds": "+120",
        "overUnder": "-150 / +120"
    },
    {
        "player": "Sam Bennett",
        "team": "FLA",
        "opponent": "MTL",
        "propType": "sog",
        "line": 2.5,
        "ppLine": "PP2",
        "avg": 3.12,
        "hit": false,
        "diffAvg": 0.25,
        "diffAbs": 0.2,
        "lastAvg": 2.98,
        "diff": 0.19,
        "avgMin": 17,
        "proj": 3.0,
        "lastAvgMin": 16.93,
        "oppOver": 0,
        "teamOver": 0,
        "gameLine": "-330",
        "+/-": 0,
        "L5_+/-": "+3.0",
        "prevMatchup": "2023-01-19 4.0 sog, 2022-12-29 2.0 sog",
        "winLossSplits": "3.14 - 2.87",
        "awayHome": "H",
        "playedYesterday": "N",
        "awayHomeSplits": "2.7 - 3.53",
        "savesAboveExp": 0.116,
        "gsaa": -11.64,
        "corsi": "54.1% (66.3) // 58.6% (72.9) // 61.8% (72.1) // 61.5% (71.7)",
        "fenwick": "53.6% (49.9) // 59.1% (55.5) // 59.9% (50.6) // 60.6% (53.8)",
        "shots": "53.7% (36.6) // 59.5% (40.7) // 62.8% (40.1) // 64.1% (42.9)",
        "scoring": "54.6% (35.0) // 58.3% (38.5) // 63.9% (36.9) // 61.8% (35.8)",
        "corsiAgainst": "45.9% (56.2) // 41.4% (51.4) // 38.2% (44.5) // 38.5% (44.8)",
        "fenwickAgainst": "46.4% (43.2) // 40.9% (38.3) // 40.1% (34.0) // 39.4% (34.9)",
        "shotsAgainst": "46.3% (31.6) // 40.5% (27.7) // 37.2% (23.7) // 35.9% (24.1)",
        "scoringAgainst": "45.4% (29.0) // 41.7% (27.6) // 36.1% (20.8) // 38.2% (22.2)",
        "oppCorsi": "44.7% (51.2) // 42.0% (48.9) // 39.7% (46.5) // 38.4% (46.0)",
        "oppFenwick": "44.5% (37.0) // 41.9% (34.4) // 38.6% (31.2) // 37.9% (30.7)",
        "oppShots": "44.8% (27.2) // 43.0% (25.2) // 38.3% (22.3) // 36.5% (21.7)",
        "oppScoring": "42.7% (25.4) // 40.4% (23.7) // 37.2% (22.3) // 33.3% (21.0)",
        "oppCorsiAgainst": "55.3% (63.3) // 58.0% (67.6) // 60.3% (70.5) // 61.6% (73.7)",
        "oppFenwickAgainst": "55.5% (46.1) // 58.1% (47.7) // 61.4% (49.5) // 62.1% (50.3)",
        "oppShotsAgainst": "55.2% (33.5) // 57.0% (33.4) // 61.7% (35.8) // 63.5% (37.7)",
        "oppScoringAgainst": "57.3% (34.1) // 59.6% (35.0) // 62.8% (37.5) // 66.7% (42.0)",
        "savesPerGame": 28.5,
        "savesPerGameLast1": 22.0,
        "savesPerGameLast3": 21.7,
        "savesPerGameLast5": 23.4,
        "savesPer60": 28.3,
        "savesPer60Last1": 23.7,
        "savesPer60Last3": 22.5,
        "savesPer60Last5": 23.8,
        "shotsPerGame": 36.9,
        "shotsPerGameLast5": 39.6,
        "shotsAgainstPerGame": 31.8,
        "shotsAgainstPerGameLast5": 25.8,
        "oppSavesAgainstPer60": 24.9,
        "oppSavesAgainstPer60Last1": 16.0,
        "oppSavesAgainstPer60Last3": 18.0,
        "oppSavesAgainstPer60Last5": 19.6,
        "oppShotsAgainstPerGame": 33.9,
        "oppShotsAgainstPerGameLast5": 37.0,
        "savesProj": 23.1,
        "savesProjLast5": 15.4,
        "savesProjLast3": 13.4,
        "oppSavesAgainstProj": 25.3,
        "oppSavesAgainstProjLast5": 17.7,
        "oppSavesAgainstProjLast3": 16.6,
        "totalOver": 63,
        "totalOverLast5": 80,
        "lastTotalOver": 64,
        "last5": "4,6,3,7,0,2,5,5,4,3",
        "overOdds": "-165",
        "underOdds": "+135",
        "overUnder": "-165 / +135"
    },
    {
        "player": "Sam Reinhart",
        "team": "FLA",
        "opponent": "MTL",
        "propType": "sog",
        "line": 2.5,
        "ppLine": "PP1",
        "avg": 2.81,
        "hit": false,
        "diffAvg": 0.12,
        "diffAbs": 0.08,
        "lastAvg": 2.11,
        "diff": -0.16,
        "avgMin": 19,
        "proj": 2.3,
        "lastAvgMin": 17.75,
        "oppOver": 0,
        "teamOver": 0,
        "gameLine": "-330",
        "+/-": -17,
        "L5_+/-": -4.0,
        "prevMatchup": "2023-01-19 3.0 sog, 2022-12-29 1.0 sog",
        "winLossSplits": "3.17 - 2.34",
        "awayHome": "H",
        "playedYesterday": "N",
        "awayHomeSplits": "2.41 - 3.21",
        "savesAboveExp": 0.116,
        "gsaa": -11.64,
        "corsi": "54.1% (66.3) // 58.6% (72.9) // 61.8% (72.1) // 61.5% (71.7)",
        "fenwick": "53.6% (49.9) // 59.1% (55.5) // 59.9% (50.6) // 60.6% (53.8)",
        "shots": "53.7% (36.6) // 59.5% (40.7) // 62.8% (40.1) // 64.1% (42.9)",
        "scoring": "54.6% (35.0) // 58.3% (38.5) // 63.9% (36.9) // 61.8% (35.8)",
        "corsiAgainst": "45.9% (56.2) // 41.4% (51.4) // 38.2% (44.5) // 38.5% (44.8)",
