[
    {
        "player": "Alex Tuch",
        "team": "BUF",
        "opponent": "BOS",
        "propType": "pts",
        "line": 0.5,
        "ppLine": "",
        "avg": 1.07,
        "hit": false,
        "diffAvg": 1.14,
        "diffAbs": 0.6,
        "lastAvg": 0.76,
        "diff": 0.52,
        "avgMin": 19,
        "proj": 0.8,
        "lastAvgMin": 18.4,
        "oppOver": 0,
        "teamOver": 0,
        "gameLine": "+160",
        "+/-": "+10",
        "L5_+/-": 0.0,
        "prevMatchup": "2022-12-31 4.0 pts, 2022-11-12 0.0 pts",
        "winLossSplits": "1.58 - 0.6",
        "awayHome": "H",
        "playedYesterday": "N",
        "awayHomeSplits": "1.22 - 0.89",
        "savesAboveExp": 0.892,
        "gsaa": 37.45,
        "corsi": "51.1% (57.8) // 50.6% (58.8) // 51.0% (57.1) // 52.8% (58.7)",
        "fenwick": "49.6% (43.5) // 48.7% (43.8) // 50.2% (42.6) // 53.1% (44.1)",
        "shots": "49.3% (32.0) // 47.6% (31.7) // 48.8% (30.5) // 51.4% (30.5)",
        "scoring": "50.0% (30.7) // 49.0% (30.0) // 47.4% (26.4) // 51.8% (27.9)",
        "corsiAgainst": "48.9% (55.3) // 49.4% (57.4) // 49.0% (54.7) // 47.2% (52.5)",
        "fenwickAgainst": "50.4% (44.2) // 51.3% (46.2) // 49.8% (42.2) // 46.9% (38.9)",
        "shotsAgainst": "50.7% (33.0) // 52.4% (35.0) // 51.2% (32.0) // 48.6% (28.9)",
        "scoringAgainst": "50.0% (30.7) // 51.0% (31.2) // 52.6% (29.3) // 48.2% (25.9)",
        "oppCorsi": "51.5% (58.2) // 51.9% (58.2) // 55.1% (62.3) // 51.3% (59.0)",
        "oppFenwick": "52.0% (43.9) // 50.8% (42.7) // 53.8% (45.8) // 52.8% (47.3)",
        "oppShots": "52.7% (32.6) // 50.6% (31.4) // 53.7% (33.8) // 52.0% (34.7)",
        "oppScoring": "53.0% (32.2) // 53.3% (34.0) // 56.3% (35.0) // 51.6% (31.7)",
        "oppCorsiAgainst": "48.5% (54.7) // 48.1% (54.1) // 44.9% (50.8) // 48.7% (56.0)",
        "oppFenwickAgainst": "48.0% (40.6) // 49.2% (41.3) // 46.2% (39.3) // 47.2% (42.3)",
        "oppShotsAgainst": "47.3% (29.3) // 49.4% (30.6) // 46.3% (29.2) // 48.0% (32.0)",
        "oppScoringAgainst": "47.0% (28.6) // 46.7% (29.8) // 43.7% (27.2) // 48.4% (29.7)",
        "savesPerGame": 29.6,
        "savesPerGameLast1": 17.0,
        "savesPerGameLast3": 25.7,
        "savesPerGameLast5": 28.0,
        "savesPer60": 29.7,
        "savesPer60Last1": 17.0,
        "savesPer60Last3": 26.4,
        "savesPer60Last5": 28.7,
        "shotsPerGame": 32.3,
        "shotsPerGameLast5": 31.2,
        "shotsAgainstPerGame": 33.2,
        "shotsAgainstPerGameLast5": 32.8,
        "oppSavesAgainstPer60": 29.2,
        "oppSavesAgainstPer60Last1": 33.0,
        "oppSavesAgainstPer60Last3": 31.8,
        "oppSavesAgainstPer60Last5": 31.9,
        "oppShotsAgainstPerGame": 29.6,
        "oppShotsAgainstPerGameLast5": 30.6,
        "savesProj": 31.5,
        "savesProjLast5": 32.9,
        "savesProjLast3": 29.6,
        "oppSavesAgainstProj": 30.5,
        "oppSavesAgainstProjLast5": 31.6,
        "oppSavesAgainstProjLast3": 29.2,
        "totalOver": 63,
        "totalOverLast5": 40,
        "lastTotalOver": 54,
        "last5": "0,0,2,1,0,2,2,2,0,0",
        "overOdds": "-160",
        "underOdds": "+120",
        "overUnder": "-160 / +120"
    },
    {
        "player": "Brad Marchand",
        "team": "BOS",
        "opponent": "BUF",
        "propType": "pts",
        "line": 0.5,
        "ppLine": "PP1",
        "avg": 0.98,
        "hit": false,
        "diffAvg": 0.96,
        "diffAbs": 1.0,
        "lastAvg": 1.04,
        "diff": 1.08,
        "avgMin": 18,
        "proj": 1.0,
        "lastAvgMin": 19.25,
        "oppOver": 0,
        "teamOver": 0,
        "gameLine": "-190",
        "+/-": "+23",
        "L5_+/-": -1.0,
        "prevMatchup": "2023-03-02 0.0 pts, 2022-12-31 2.0 pts, 2022-11-12 2.0 pts",
        "winLossSplits": "1.09 - 0.62",
        "awayHome": "A",
        "playedYesterday": "Y",
        "awayHomeSplits": "0.88 - 1.11",
        "savesAboveExp": "-",
        "gsaa": "-",
        "corsi": "51.5% (58.2) // 51.9% (58.2) // 55.1% (62.3) // 51.3% (59.0)",
        "fenwick": "52.0% (43.9) // 50.8% (42.7) // 53.8% (45.8) // 52.8% (47.3)",
        "shots": "52.7% (32.6) // 50.6% (31.4) // 53.7% (33.8) // 52.0% (34.7)",
        "scoring": "53.0% (32.2) // 53.3% (34.0) // 56.3% (35.0) // 51.6% (31.7)",
        "corsiAgainst": "48.5% (54.7) // 48.1% (54.1) // 44.9% (50.8) // 48.7% (56.0)",
        "fenwickAgainst": "48.0% (40.6) // 49.2% (41.3) // 46.2% (39.3) // 47.2% (42.3)",
        "shotsAgainst": "47.3% (29.3) // 49.4% (30.6) // 46.3% (29.2) // 48.0% (32.0)",
        "scoringAgainst": "47.0% (28.6) // 46.7% (29.8) // 43.7% (27.2) // 48.4% (29.7)",
        "oppCorsi": "51.1% (57.8) // 50.6% (58.8) // 51.0% (57.1) // 52.8% (58.7)",
        "oppFenwick": "49.6% (43.5) // 48.7% (43.8) // 50.2% (42.6) // 53.1% (44.1)",
        "oppShots": "49.3% (32.0) // 47.6% (31.7) // 48.8% (30.5) // 51.4% (30.5)",
        "oppScoring": "50.0% (30.7) // 49.0% (30.0) // 47.4% (26.4) // 51.8% (27.9)",
        "oppCorsiAgainst": "48.9% (55.3) // 49.4% (57.4) // 49.0% (54.7) // 47.2% (52.5)",
        "oppFenwickAgainst": "50.4% (44.2) // 51.3% (46.2) // 49.8% (42.2) // 46.9% (38.9)",
        "oppShotsAgainst": "50.7% (33.0) // 52.4% (35.0) // 51.2% (32.0) // 48.6% (28.9)",
        "oppScoringAgainst": "50.0% (30.7) // 51.0% (31.2) // 52.6% (29.3) // 48.2% (25.9)",
        "savesPerGame": 27.5,
        "savesPerGameLast1": 29.0,
        "savesPerGameLast3": 29.3,
        "savesPerGameLast5": 27.6,
        "savesPer60": 27.6,
        "savesPer60Last1": 29.0,
        "savesPer60Last3": 29.2,
        "savesPer60Last5": 27.4,
        "shotsPerGame": 33.0,
        "shotsPerGameLast5": 35.0,
        "shotsAgainstPerGame": 29.6,
        "shotsAgainstPerGameLast5": 30.6,
        "oppSavesAgainstPer60": 28.7,
        "oppSavesAgainstPer60Last1": 36.0,
        "oppSavesAgainstPer60Last3": 27.8,
        "oppSavesAgainstPer60Last5": 28.1,
        "oppShotsAgainstPerGame": 33.2,
        "oppShotsAgainstPerGameLast5": 32.8,
        "savesProj": 26.7,
        "savesProjLast5": 26.0,
        "savesProjLast3": 27.5,
        "oppSavesAgainstProj": 27.6,
        "oppSavesAgainstProjLast5": 29.3,
        "oppSavesAgainstProjLast3": 30.4,
        "totalOver": 68,
        "totalOverLast5": 40,
        "lastTotalOver": 68,
        "last5": "3,0,1,0,0,1,1,0,1,0",
        "overOdds": "-180",
        "underOdds": "+140",
        "overUnder": "-180 / +140"
    },
    {
        "player": "David Pastrnak",
        "team": "BOS",
        "opponent": "BUF",
        "propType": "pts",
        "line": 1.5,
        "ppLine": "PP1",
        "avg": 1.34,
        "hit": false,
        "diffAvg": -0.11,
        "diffAbs": 0.33,
        "lastAvg": 0.97,
        "diff": -0.35,
        "avgMin": 19,
        "proj": 1.0,
        "lastAvgMin": 18.6,
        "oppOver": 0,
        "teamOver": 0,
        "gameLine": "-190",
        "+/-": "+31",
        "L5_+/-": "+3.0",
        "prevMatchup": "2023-03-02 3.0 pts, 2022-12-31 2.0 pts, 2022-11-12 1.0 pts",
        "winLossSplits": "1.47 - 0.92",
        "awayHome": "A",
        "playedYesterday": "Y",
        "awayHomeSplits": "1.31 - 1.36",
        "savesAboveExp": "-",
        "gsaa": "-",
        "corsi": "51.5% (58.2) // 51.9% (58.2) // 55.1% (62.3) // 51.3% (59.0)",
        "fenwick": "52.0% (43.9) // 50.8% (42.7) // 53.8% (45.8) // 52.8% (47.3)",
        "shots": "52.7% (32.6) // 50.6% (31.4) // 53.7% (33.8) // 52.0% (34.7)",
        "scoring": "53.0% (32.2) // 53.3% (34.0) // 56.3% (35.0) // 51.6% (31.7)",
        "corsiAgainst": "48.5% (54.7) // 48.1% (54.1) // 44.9% (50.8) // 48.7% (56.0)",
        "fenwickAgainst": "48.0% (40.6) // 49.2% (41.3) // 46.2% (39.3) // 47.2% (42.3)",
        "shotsAgainst": "47.3% (29.3) // 49.4% (30.6) // 46.3% (29.2) // 48.0% (32.0)",
        "scoringAgainst": "47.0% (28.6) // 46.7% (29.8) // 43.7% (27.2) // 48.4% (29.7)",
        "oppCorsi": "51.1% (57.8) // 50.6% (58.8) // 51.0% (57.1) // 52.8% (58.7)",
        "oppFenwick": "49.6% (43.5) // 48.7% (43.8) // 50.2% (42.6) // 53.1% (44.1)",
        "oppShots": "49.3% (32.0) // 47.6% (31.7) // 48.8% (30.5) // 51.4% (30.5)",
        "oppScoring": "50.0% (30.7) // 49.0% (30.0) // 47.4% (26.4) // 51.8% (27.9)",
        "oppCorsiAgainst": "48.9% (55.3) // 49.4% (57.4) // 49.0% (54.7) // 47.2% (52.5)",
        "oppFenwickAgainst": "50.4% (44.2) // 51.3% (46.2) // 49.8% (42.2) // 46.9% (38.9)",
        "oppShotsAgainst": "50.7% (33.0) // 52.4% (35.0) // 51.2% (32.0) // 48.6% (28.9)",
        "oppScoringAgainst": "50.0% (30.7) // 51.0% (31.2) // 52.6% (29.3) // 48.2% (25.9)",
        "savesPerGame": 27.5,
        "savesPerGameLast1": 29.0,
        "savesPerGameLast3": 29.3,
        "savesPerGameLast5": 27.6,
        "savesPer60": 27.6,
        "savesPer60Last1": 29.0,
        "savesPer60Last3": 29.2,
        "savesPer60Last5": 27.4,
        "shotsPerGame": 33.0,
        "shotsPerGameLast5": 35.0,
        "shotsAgainstPerGame": 29.6,
        "shotsAgainstPerGameLast5": 30.6,
        "oppSavesAgainstPer60": 28.7,
        "oppSavesAgainstPer60Last1": 36.0,
        "oppSavesAgainstPer60Last3": 27.8,
        "oppSavesAgainstPer60Last5": 28.1,
        "oppShotsAgainstPerGame": 33.2,
        "oppShotsAgainstPerGameLast5": 32.8,
        "savesProj": 26.7,
        "savesProjLast5": 26.0,
        "savesProjLast3": 27.5,
        "oppSavesAgainstProj": 27.6,
        "oppSavesAgainstProjLast5": 29.3,
        "oppSavesAgainstProjLast3": 30.4,
        "totalOver": 40,
        "totalOverLast5": 40,
        "lastTotalOver": 31,
        "last5": "2,1,1,2,0,2,1,3,0,1",
        "overOdds": "+150",
        "underOdds": "-200",
        "overUnder": "+150 / -200"
    },
    {
        "player": "Dylan Cozens",
        "team": "BUF",
        "opponent": "BOS",
        "propType": "pts",
        "line": 0.5,
        "ppLine": "",
        "avg": 0.85,
        "hit": false,
        "diffAvg": 0.7,
        "diffAbs": 0.0,
        "lastAvg": 0.48,
        "diff": -0.04,
        "avgMin": 16,
        "proj": 0.5,
        "lastAvgMin": 15.88,
        "oppOver": 0,
        "teamOver": 0,
        "gameLine": "+160",
        "+/-": "+1",
        "L5_+/-": -8.0,
        "prevMatchup": "2023-03-02 0.0 pts, 2022-12-31 2.0 pts, 2022-11-12 0.0 pts",
        "winLossSplits": "1.15 - 0.5",
        "awayHome": "H",
        "playedYesterday": "N",
        "awayHomeSplits": "0.79 - 0.91",
        "savesAboveExp": 0.892,
        "gsaa": 37.45,
        "corsi": "51.1% (57.8) // 50.6% (58.8) // 51.0% (57.1) // 52.8% (58.7)",
        "fenwick": "49.6% (43.5) // 48.7% (43.8) // 50.2% (42.6) // 53.1% (44.1)",
        "shots": "49.3% (32.0) // 47.6% (31.7) // 48.8% (30.5) // 51.4% (30.5)",
        "scoring": "50.0% (30.7) // 49.0% (30.0) // 47.4% (26.4) // 51.8% (27.9)",
        "corsiAgainst": "48.9% (55.3) // 49.4% (57.4) // 49.0% (54.7) // 47.2% (52.5)",
        "fenwickAgainst": "50.4% (44.2) // 51.3% (46.2) // 49.8% (42.2) // 46.9% (38.9)",
        "shotsAgainst": "50.7% (33.0) // 52.4% (35.0) // 51.2% (32.0) // 48.6% (28.9)",
        "scoringAgainst": "50.0% (30.7) // 51.0% (31.2) // 52.6% (29.3) // 48.2% (25.9)",
        "oppCorsi": "51.5% (58.2) // 51.9% (58.2) // 55.1% (62.3) // 51.3% (59.0)",
        "oppFenwick": "52.0% (43.9) // 50.8% (42.7) // 53.8% (45.8) // 52.8% (47.3)",
        "oppShots": "52.7% (32.6) // 50.6% (31.4) // 53.7% (33.8) // 52.0% (34.7)",
        "oppScoring": "53.0% (32.2) // 53.3% (34.0) // 56.3% (35.0) // 51.6% (31.7)",
        "oppCorsiAgainst": "48.5% (54.7) // 48.1% (54.1) // 44.9% (50.8) // 48.7% (56.0)",
        "oppFenwickAgainst": "48.0% (40.6) // 49.2% (41.3) // 46.2% (39.3) // 47.2% (42.3)",
        "oppShotsAgainst": "47.3% (29.3) // 49.4% (30.6) // 46.3% (29.2) // 48.0% (32.0)",
        "oppScoringAgainst": "47.0% (28.6) // 46.7% (29.8) // 43.7% (27.2) // 48.4% (29.7)",
        "savesPerGame": 29.6,
        "savesPerGameLast1": 17.0,
        "savesPerGameLast3": 25.7,
        "savesPerGameLast5": 28.0,
        "savesPer60": 29.7,
        "savesPer60Last1": 17.0,
        "savesPer60Last3": 26.4,
        "savesPer60Last5": 28.7,
        "shotsPerGame": 32.3,
        "shotsPerGameLast5": 31.2,
        "shotsAgainstPerGame": 33.2,
        "shotsAgainstPerGameLast5": 32.8,
        "oppSavesAgainstPer60": 29.2,
        "oppSavesAgainstPer60Last1": 33.0,
        "oppSavesAgainstPer60Last3": 31.8,
        "oppSavesAgainstPer60Last5": 31.9,
        "oppShotsAgainstPerGame": 29.6,
        "oppShotsAgainstPerGameLast5": 30.6,
        "savesProj": 31.5,
        "savesProjLast5": 32.9,
        "savesProjLast3": 29.6,
        "oppSavesAgainstProj": 30.5,
        "oppSavesAgainstProjLast5": 31.6,
        "oppSavesAgainstProjLast3": 29.2,
        "totalOver": 57,
        "totalOverLast5": 20,
        "lastTotalOver": 33,
        "last5": "0,0,2,0,0,1,1,1,0,0",
        "overOdds": "+110",
        "underOdds": "-150",
        "overUnder": "+110 / -150"
    },
    {
        "player": "Jake Debrusk",
        "team": "BOS",
        "opponent": "BUF",
        "propType": "pts",
        "line": 0.5,
        "ppLine": "PP1",
        "avg": 0.8,
        "hit": false,
        "diffAvg": 0.6,
        "diffAbs": 0.2,
        "lastAvg": 0.5,
        "diff": 0.0,
        "avgMin": 17,
        "proj": 0.6,
        "lastAvgMin": 15.03,
        "oppOver": 0,
        "teamOver": 0,
        "gameLine": "-190",
        "+/-": "+18",
        "L5_+/-": "+1.0",
        "prevMatchup": "2023-03-02 0.0 pts, 2022-12-31 1.0 pts, 2022-11-12 1.0 pts",
        "winLossSplits": "0.87 - 0.61",
        "awayHome": "A",
        "playedYesterday": "Y",
        "awayHomeSplits": "0.91 - 0.7",
        "savesAboveExp": "-",
        "gsaa": "-",
        "corsi": "51.5% (58.2) // 51.9% (58.2) // 55.1% (62.3) // 51.3% (59.0)",
        "fenwick": "52.0% (43.9) // 50.8% (42.7) // 53.8% (45.8) // 52.8% (47.3)",
        "shots": "52.7% (32.6) // 50.6% (31.4) // 53.7% (33.8) // 52.0% (34.7)",
        "scoring": "53.0% (32.2) // 53.3% (34.0) // 56.3% (35.0) // 51.6% (31.7)",
        "corsiAgainst": "48.5% (54.7) // 48.1% (54.1) // 44.9% (50.8) // 48.7% (56.0)",
        "fenwickAgainst": "48.0% (40.6) // 49.2% (41.3) // 46.2% (39.3) // 47.2% (42.3)",
        "shotsAgainst": "47.3% (29.3) // 49.4% (30.6) // 46.3% (29.2) // 48.0% (32.0)",
        "scoringAgainst": "47.0% (28.6) // 46.7% (29.8) // 43.7% (27.2) // 48.4% (29.7)",
        "oppCorsi": "51.1% (57.8) // 50.6% (58.8) // 51.0% (57.1) // 52.8% (58.7)",
        "oppFenwick": "49.6% (43.5) // 48.7% (43.8) // 50.2% (42.6) // 53.1% (44.1)",
        "oppShots": "49.3% (32.0) // 47.6% (31.7) // 48.8% (30.5) // 51.4% (30.5)",
        "oppScoring": "50.0% (30.7) // 49.0% (30.0) // 47.4% (26.4) // 51.8% (27.9)",
        "oppCorsiAgainst": "48.9% (55.3) // 49.4% (57.4) // 49.0% (54.7) // 47.2% (52.5)",
        "oppFenwickAgainst": "50.4% (44.2) // 51.3% (46.2) // 49.8% (42.2) // 46.9% (38.9)",
        "oppShotsAgainst": "50.7% (33.0) // 52.4% (35.0) // 51.2% (32.0) // 48.6% (28.9)",
        "oppScoringAgainst": "50.0% (30.7) // 51.0% (31.2) // 52.6% (29.3) // 48.2% (25.9)",
        "savesPerGame": 27.5,
        "savesPerGameLast1": 29.0,
        "savesPerGameLast3": 29.3,
        "savesPerGameLast5": 27.6,
        "savesPer60": 27.6,
        "savesPer60Last1": 29.0,
        "savesPer60Last3": 29.2,
        "savesPer60Last5": 27.4,
        "shotsPerGame": 33.0,
        "shotsPerGameLast5": 35.0,
        "shotsAgainstPerGame": 29.6,
        "shotsAgainstPerGameLast5": 30.6,
        "oppSavesAgainstPer60": 28.7,
        "oppSavesAgainstPer60Last1": 36.0,
        "oppSavesAgainstPer60Last3": 27.8,
        "oppSavesAgainstPer60Last5": 28.1,
        "oppShotsAgainstPerGame": 33.2,
        "oppShotsAgainstPerGameLast5": 32.8,
        "savesProj": 26.7,
        "savesProjLast5": 26.0,
        "savesProjLast3": 27.5,
        "oppSavesAgainstProj": 27.6,
        "oppSavesAgainstProjLast5": 29.3,
        "oppSavesAgainstProjLast3": 30.4,
        "totalOver": 60,
        "totalOverLast5": 60,
        "lastTotalOver": 40,
        "last5": "1,0,0,1,1,0,0,0,2,0",
        "overOdds": "-135",
        "underOdds": "-105",
        "overUnder": "-135 / -105"
    },
    {
        "player": "Jeff Skinner",
        "team": "BUF",
        "opponent": "BOS",
        "propType": "pts",
        "line": 0.5,
        "ppLine": "",
        "avg": 1.03,
        "hit": false,
        "diffAvg": 1.06,
        "diffAbs": 0.6,
        "lastAvg": 0.79,
        "diff": 0.58,
        "avgMin": 17,
        "proj": 0.8,
        "lastAvgMin": 17.1,
        "oppOver": 0,
        "teamOver": 0,
        "gameLine": "+160",
        "+/-": "+9",
        "L5_+/-": -4.0,
        "prevMatchup": "2023-03-02 0.0 pts, 2022-12-31 1.0 pts, 2022-11-12 0.0 pts",
        "winLossSplits": "1.65 - 0.5",
        "awayHome": "H",
        "playedYesterday": "N",
        "awayHomeSplits": "1.06 - 1.0",
        "savesAboveExp": 0.892,
        "gsaa": 37.45,
        "corsi": "51.1% (57.8) // 50.6% (58.8) // 51.0% (57.1) // 52.8% (58.7)",
        "fenwick": "49.6% (43.5) // 48.7% (43.8) // 50.2% (42.6) // 53.1% (44.1)",
        "shots": "49.3% (32.0) // 47.6% (31.7) // 48.8% (30.5) // 51.4% (30.5)",
        "scoring": "50.0% (30.7) // 49.0% (30.0) // 47.4% (26.4) // 51.8% (27.9)",
        "corsiAgainst": "48.9% (55.3) // 49.4% (57.4) // 49.0% (54.7) // 47.2% (52.5)",
        "fenwickAgainst": "50.4% (44.2) // 51.3% (46.2) // 49.8% (42.2) // 46.9% (38.9)",
        "shotsAgainst": "50.7% (33.0) // 52.4% (35.0) // 51.2% (32.0) // 48.6% (28.9)",
        "scoringAgainst": "50.0% (30.7) // 51.0% (31.2) // 52.6% (29.3) // 48.2% (25.9)",
        "oppCorsi": "51.5% (58.2) // 51.9% (58.2) // 55.1% (62.3) // 51.3% (59.0)",
        "oppFenwick": "52.0% (43.9) // 50.8% (42.7) // 53.8% (45.8) // 52.8% (47.3)",
        "oppShots": "52.7% (32.6) // 50.6% (31.4) // 53.7% (33.8) // 52.0% (34.7)",
        "oppScoring": "53.0% (32.2) // 53.3% (34.0) // 56.3% (35.0) // 51.6% (31.7)",
        "oppCorsiAgainst": "48.5% (54.7) // 48.1% (54.1) // 44.9% (50.8) // 48.7% (56.0)",
        "oppFenwickAgainst": "48.0% (40.6) // 49.2% (41.3) // 46.2% (39.3) // 47.2% (42.3)",
        "oppShotsAgainst": "47.3% (29.3) // 49.4% (30.6) // 46.3% (29.2) // 48.0% (32.0)",
        "oppScoringAgainst": "47.0% (28.6) // 46.7% (29.8) // 43.7% (27.2) // 48.4% (29.7)",
        "savesPerGame": 29.6,
        "savesPerGameLast1": 17.0,
        "savesPerGameLast3": 25.7,
        "savesPerGameLast5": 28.0,
        "savesPer60": 29.7,
        "savesPer60Last1": 17.0,
        "savesPer60Last3": 26.4,
        "savesPer60Last5": 28.7,
        "shotsPerGame": 32.3,
        "shotsPerGameLast5": 31.2,
        "shotsAgainstPerGame": 33.2,
        "shotsAgainstPerGameLast5": 32.8,
        "oppSavesAgainstPer60": 29.2,
        "oppSavesAgainstPer60Last1": 33.0,
        "oppSavesAgainstPer60Last3": 31.8,
        "oppSavesAgainstPer60Last5": 31.9,
        "oppShotsAgainstPerGame": 29.6,
        "oppShotsAgainstPerGameLast5": 30.6,
        "savesProj": 31.5,
        "savesProjLast5": 32.9,
        "savesProjLast3": 29.6,
        "oppSavesAgainstProj": 30.5,
        "oppSavesAgainstProjLast5": 31.6,
        "oppSavesAgainstProjLast3": 29.2,
        "totalOver": 65,
        "totalOverLast5": 60,
        "lastTotalOver": 48,
        "last5": "0,0,1,1,2,0,1,2,0,1",
        "overOdds": "-145",
        "underOdds": "+105",
        "overUnder": "-145 / +105"
    },
    {
        "player": "Patrice Bergeron",
        "team": "BOS",
        "opponent": "BUF",
        "propType": "pts",
        "line": 0.5,
        "ppLine": "PP1",
        "avg": 0.75,
        "hit": false,
        "diffAvg": 0.5,
        "diffAbs": 0.6,
        "lastAvg": 0.8,
        "diff": 0.6,
        "avgMin": 17,
        "proj": 0.8,
        "lastAvgMin": 18.17,
        "oppOver": 0,
        "teamOver": 0,
        "gameLine": "-190",
        "+/-": "+29",
        "L5_+/-": "+1.0",
        "prevMatchup": "2023-03-02 1.0 pts, 2022-12-31 1.0 pts, 2022-11-12 2.0 pts",
        "winLossSplits": "0.87 - 0.36",
        "awayHome": "A",
        "playedYesterday": "Y",
        "awayHomeSplits": "0.77 - 0.73",
        "savesAboveExp": "-",
        "gsaa": "-",
        "corsi": "51.5% (58.2) // 51.9% (58.2) // 55.1% (62.3) // 51.3% (59.0)",
        "fenwick": "52.0% (43.9) // 50.8% (42.7) // 53.8% (45.8) // 52.8% (47.3)",
        "shots": "52.7% (32.6) // 50.6% (31.4) // 53.7% (33.8) // 52.0% (34.7)",
        "scoring": "53.0% (32.2) // 53.3% (34.0) // 56.3% (35.0) // 51.6% (31.7)",
        "corsiAgainst": "48.5% (54.7) // 48.1% (54.1) // 44.9% (50.8) // 48.7% (56.0)",
        "fenwickAgainst": "48.0% (40.6) // 49.2% (41.3) // 46.2% (39.3) // 47.2% (42.3)",
        "shotsAgainst": "47.3% (29.3) // 49.4% (30.6) // 46.3% (29.2) // 48.0% (32.0)",
        "scoringAgainst": "47.0% (28.6) // 46.7% (29.8) // 43.7% (27.2) // 48.4% (29.7)",
        "oppCorsi": "51.1% (57.8) // 50.6% (58.8) // 51.0% (57.1) // 52.8% (58.7)",
        "oppFenwick": "49.6% (43.5) // 48.7% (43.8) // 50.2% (42.6) // 53.1% (44.1)",
        "oppShots": "49.3% (32.0) // 47.6% (31.7) // 48.8% (30.5) // 51.4% (30.5)",
        "oppScoring": "50.0% (30.7) // 49.0% (30.0) // 47.4% (26.4) // 51.8% (27.9)",
        "oppCorsiAgainst": "48.9% (55.3) // 49.4% (57.4) // 49.0% (54.7) // 47.2% (52.5)",
        "oppFenwickAgainst": "50.4% (44.2) // 51.3% (46.2) // 49.8% (42.2) // 46.9% (38.9)",
        "oppShotsAgainst": "50.7% (33.0) // 52.4% (35.0) // 51.2% (32.0) // 48.6% (28.9)",
        "oppScoringAgainst": "50.0% (30.7) // 51.0% (31.2) // 52.6% (29.3) // 48.2% (25.9)",
        "savesPerGame": 27.5,
        "savesPerGameLast1": 29.0,
        "savesPerGameLast3": 29.3,
        "savesPerGameLast5": 27.6,
        "savesPer60": 27.6,
        "savesPer60Last1": 29.0,
        "savesPer60Last3": 29.2,
        "savesPer60Last5": 27.4,
        "shotsPerGame": 33.0,
        "shotsPerGameLast5": 35.0,
        "shotsAgainstPerGame": 29.6,
        "shotsAgainstPerGameLast5": 30.6,
        "oppSavesAgainstPer60": 28.7,
        "oppSavesAgainstPer60Last1": 36.0,
        "oppSavesAgainstPer60Last3": 27.8,
        "oppSavesAgainstPer60Last5": 28.1,
        "oppShotsAgainstPerGame": 33.2,
        "oppShotsAgainstPerGameLast5": 32.8,
        "savesProj": 26.7,
        "savesProjLast5": 26.0,
        "savesProjLast3": 27.5,
        "oppSavesAgainstProj": 27.6,
        "oppSavesAgainstProjLast5": 29.3,
        "oppSavesAgainstProjLast3": 30.4,
        "totalOver": 56,
        "totalOverLast5": 40,
        "lastTotalOver": 57,
        "last5": "2,0,0,0,1,0,1,1,2,0",
        "overOdds": "-150",
        "underOdds": "+110",
        "overUnder": "-150 / +110"
    },
    {
        "player": "Rasmus Dahlin",
        "team": "BUF",
        "opponent": "BOS",
        "propType": "pts",
        "line": 0.5,
        "ppLine": "",
        "avg": 0.98,
        "hit": false,
        "diffAvg": 0.96,
        "diffAbs": 0.4,
        "lastAvg": 0.65,
        "diff": 0.3,
        "avgMin": 25,
        "proj": 0.7,
        "lastAvgMin": 24.0,
        "oppOver": 0,
        "teamOver": 0,
        "gameLine": "+160",
        "+/-": "+13",
        "L5_+/-": -8.0,
        "prevMatchup": "2022-12-31 1.0 pts, 2022-11-12 0.0 pts",
        "winLossSplits": "1.5 - 0.47",
        "awayHome": "H",
        "playedYesterday": "N",
        "awayHomeSplits": "1.0 - 0.97",
        "savesAboveExp": 0.892,
        "gsaa": 37.45,
        "corsi": "51.1% (57.8) // 50.6% (58.8) // 51.0% (57.1) // 52.8% (58.7)",
        "fenwick": "49.6% (43.5) // 48.7% (43.8) // 50.2% (42.6) // 53.1% (44.1)",
        "shots": "49.3% (32.0) // 47.6% (31.7) // 48.8% (30.5) // 51.4% (30.5)",
        "scoring": "50.0% (30.7) // 49.0% (30.0) // 47.4% (26.4) // 51.8% (27.9)",
        "corsiAgainst": "48.9% (55.3) // 49.4% (57.4) // 49.0% (54.7) // 47.2% (52.5)",
        "fenwickAgainst": "50.4% (44.2) // 51.3% (46.2) // 49.8% (42.2) // 46.9% (38.9)",
        "shotsAgainst": "50.7% (33.0) // 52.4% (35.0) // 51.2% (32.0) // 48.6% (28.9)",
        "scoringAgainst": "50.0% (30.7) // 51.0% (31.2) // 52.6% (29.3) // 48.2% (25.9)",
        "oppCorsi": "51.5% (58.2) // 51.9% (58.2) // 55.1% (62.3) // 51.3% (59.0)",
        "oppFenwick": "52.0% (43.9) // 50.8% (42.7) // 53.8% (45.8) // 52.8% (47.3)",
        "oppShots": "52.7% (32.6) // 50.6% (31.4) // 53.7% (33.8) // 52.0% (34.7)",
        "oppScoring": "53.0% (32.2) // 53.3% (34.0) // 56.3% (35.0) // 51.6% (31.7)",
        "oppCorsiAgainst": "48.5% (54.7) // 48.1% (54.1) // 44.9% (50.8) // 48.7% (56.0)",
        "oppFenwickAgainst": "48.0% (40.6) // 49.2% (41.3) // 46.2% (39.3) // 47.2% (42.3)",
        "oppShotsAgainst": "47.3% (29.3) // 49.4% (30.6) // 46.3% (29.2) // 48.0% (32.0)",
        "oppScoringAgainst": "47.0% (28.6) // 46.7% (29.8) // 43.7% (27.2) // 48.4% (29.7)",
        "savesPerGame": 29.6,
        "savesPerGameLast1": 17.0,
        "savesPerGameLast3": 25.7,
        "savesPerGameLast5": 28.0,
        "savesPer60": 29.7,
        "savesPer60Last1": 17.0,
        "savesPer60Last3": 26.4,
        "savesPer60Last5": 28.7,
        "shotsPerGame": 32.3,
        "shotsPerGameLast5": 31.2,
        "shotsAgainstPerGame": 33.2,
        "shotsAgainstPerGameLast5": 32.8,
        "oppSavesAgainstPer60": 29.2,
        "oppSavesAgainstPer60Last1": 33.0,
        "oppSavesAgainstPer60Last3": 31.8,
        "oppSavesAgainstPer60Last5": 31.9,
        "oppShotsAgainstPerGame": 29.6,
        "oppShotsAgainstPerGameLast5": 30.6,
        "savesProj": 31.5,
        "savesProjLast5": 32.9,
        "savesProjLast3": 29.6,
        "oppSavesAgainstProj": 30.5,
        "oppSavesAgainstProjLast5": 31.6,
        "oppSavesAgainstProjLast3": 29.2,
        "totalOver": 62,
        "totalOverLast5": 0,
        "lastTotalOver": 45,
        "last5": "0,0,0,0,0,0,0,1,0,2",
        "overOdds": "-130",
        "underOdds": "-110",
        "overUnder": "-130 / -110"
    },
    {
        "player": "Tage Thompson",
        "team": "BUF",
        "opponent": "BOS",
        "propType": "pts",
        "line": 0.5,
        "ppLine": "",
        "avg": 1.28,
        "hit": false,
        "diffAvg": 1.56,
        "diffAbs": 0.8,
        "lastAvg": 0.87,
        "diff": 0.74,
        "avgMin": 18,
        "proj": 0.9,
        "lastAvgMin": 17.87,
        "oppOver": 0,
        "teamOver": 0,
        "gameLine": "+160",
        "+/-": "+7",
        "L5_+/-": -7.0,
        "prevMatchup": "2023-03-02 0.0 pts, 2022-12-31 1.0 pts, 2022-11-12 1.0 pts",
        "winLossSplits": "1.98 - 0.62",
        "awayHome": "H",
        "playedYesterday": "N",
        "awayHomeSplits": "1.32 - 1.24",
        "savesAboveExp": 0.892,
        "gsaa": 37.45,
        "corsi": "51.1% (57.8) // 50.6% (58.8) // 51.0% (57.1) // 52.8% (58.7)",
        "fenwick": "49.6% (43.5) // 48.7% (43.8) // 50.2% (42.6) // 53.1% (44.1)",
        "shots": "49.3% (32.0) // 47.6% (31.7) // 48.8% (30.5) // 51.4% (30.5)",
        "scoring": "50.0% (30.7) // 49.0% (30.0) // 47.4% (26.4) // 51.8% (27.9)",
        "corsiAgainst": "48.9% (55.3) // 49.4% (57.4) // 49.0% (54.7) // 47.2% (52.5)",
        "fenwickAgainst": "50.4% (44.2) // 51.3% (46.2) // 49.8% (42.2) // 46.9% (38.9)",
        "shotsAgainst": "50.7% (33.0) // 52.4% (35.0) // 51.2% (32.0) // 48.6% (28.9)",
        "scoringAgainst": "50.0% (30.7) // 51.0% (31.2) // 52.6% (29.3) // 48.2% (25.9)",
        "oppCorsi": "51.5% (58.2) // 51.9% (58.2) // 55.1% (62.3) // 51.3% (59.0)",
        "oppFenwick": "52.0% (43.9) // 50.8% (42.7) // 53.8% (45.8) // 52.8% (47.3)",
        "oppShots": "52.7% (32.6) // 50.6% (31.4) // 53.7% (33.8) // 52.0% (34.7)",
        "oppScoring": "53.0% (32.2) // 53.3% (34.0) // 56.3% (35.0) // 51.6% (31.7)",
        "oppCorsiAgainst": "48.5% (54.7) // 48.1% (54.1) // 44.9% (50.8) // 48.7% (56.0)",
        "oppFenwickAgainst": "48.0% (40.6) // 49.2% (41.3) // 46.2% (39.3) // 47.2% (42.3)",
        "oppShotsAgainst": "47.3% (29.3) // 49.4% (30.6) // 46.3% (29.2) // 48.0% (32.0)",
        "oppScoringAgainst": "47.0% (28.6) // 46.7% (29.8) // 43.7% (27.2) // 48.4% (29.7)",
        "savesPerGame": 29.6,
        "savesPerGameLast1": 17.0,
        "savesPerGameLast3": 25.7,
        "savesPerGameLast5": 28.0,
        "savesPer60": 29.7,
        "savesPer60Last1": 17.0,
        "savesPer60Last3": 26.4,
        "savesPer60Last5": 28.7,
        "shotsPerGame": 32.3,
        "shotsPerGameLast5": 31.2,
        "shotsAgainstPerGame": 33.2,
        "shotsAgainstPerGameLast5": 32.8,
        "oppSavesAgainstPer60": 29.2,
        "oppSavesAgainstPer60Last1": 33.0,
        "oppSavesAgainstPer60Last3": 31.8,
        "oppSavesAgainstPer60Last5": 31.9,
        "oppShotsAgainstPerGame": 29.6,
        "oppShotsAgainstPerGameLast5": 30.6,
        "savesProj": 31.5,
        "savesProjLast5": 32.9,
        "savesProjLast3": 29.6,
        "oppSavesAgainstProj": 30.5,
        "oppSavesAgainstProjLast5": 31.6,
        "oppSavesAgainstProjLast3": 29.2,
        "totalOver": 69,
        "totalOverLast5": 60,
        "lastTotalOver": 59,
        "last5": "0,0,1,1,2,0,1,2,0,1",
        "overOdds": "-180",
        "underOdds": "+140",
        "overUnder": "-180 / +140"
    },
    {
        "player": "Tyler Bertuzzi",
        "team": "BOS",
        "opponent": "BUF",
        "propType": "pts",
        "line": 0.5,
        "ppLine": "PP2",
        "avg": 0.47,
        "hit": false,
        "diffAvg": -0.06,
        "diffAbs": 0.4,
        "lastAvg": 0.91,
        "diff": 0.82,
        "avgMin": 16,
        "proj": 0.7,
        "lastAvgMin": 19.87,
        "oppOver": 0,
        "teamOver": 0,
        "gameLine": "-190",
        "+/-": "+1",
        "L5_+/-": -3.0,
        "prevMatchup": "2022-11-30 0.0 pts",
        "winLossSplits": "0.63 - 0.32",
        "awayHome": "A",
        "playedYesterday": "Y",
        "awayHomeSplits": "0.6 - 0.31",
        "savesAboveExp": "-",
        "gsaa": "-",
        "corsi": "51.5% (58.2) // 51.9% (58.2) // 55.1% (62.3) // 51.3% (59.0)",
        "fenwick": "52.0% (43.9) // 50.8% (42.7) // 53.8% (45.8) // 52.8% (47.3)",
        "shots": "52.7% (32.6) // 50.6% (31.4) // 53.7% (33.8) // 52.0% (34.7)",
        "scoring": "53.0% (32.2) // 53.3% (34.0) // 56.3% (35.0) // 51.6% (31.7)",
        "corsiAgainst": "48.5% (54.7) // 48.1% (54.1) // 44.9% (50.8) // 48.7% (56.0)",
        "fenwickAgainst": "48.0% (40.6) // 49.2% (41.3) // 46.2% (39.3) // 47.2% (42.3)",
        "shotsAgainst": "47.3% (29.3) // 49.4% (30.6) // 46.3% (29.2) // 48.0% (32.0)",
        "scoringAgainst": "47.0% (28.6) // 46.7% (29.8) // 43.7% (27.2) // 48.4% (29.7)",
        "oppCorsi": "51.1% (57.8) // 50.6% (58.8) // 51.0% (57.1) // 52.8% (58.7)",
        "oppFenwick": "49.6% (43.5) // 48.7% (43.8) // 50.2% (42.6) // 53.1% (44.1)",
        "oppShots": "49.3% (32.0) // 47.6% (31.7) // 48.8% (30.5) // 51.4% (30.5)",
        "oppScoring": "50.0% (30.7) // 49.0% (30.0) // 47.4% (26.4) // 51.8% (27.9)",
        "oppCorsiAgainst": "48.9% (55.3) // 49.4% (57.4) // 49.0% (54.7) // 47.2% (52.5)",
        "oppFenwickAgainst": "50.4% (44.2) // 51.3% (46.2) // 49.8% (42.2) // 46.9% (38.9)",
        "oppShotsAgainst": "50.7% (33.0) // 52.4% (35.0) // 51.2% (32.0) // 48.6% (28.9)",
        "oppScoringAgainst": "50.0% (30.7) // 51.0% (31.2) // 52.6% (29.3) // 48.2% (25.9)",
        "savesPerGame": 27.5,
        "savesPerGameLast1": 29.0,
        "savesPerGameLast3": 29.3,
        "savesPerGameLast5": 27.6,
        "savesPer60": 27.6,
        "savesPer60Last1": 29.0,
        "savesPer60Last3": 29.2,
        "savesPer60Last5": 27.4,
        "shotsPerGame": 33.0,
        "shotsPerGameLast5": 35.0,
        "shotsAgainstPerGame": 29.6,
        "shotsAgainstPerGameLast5": 30.6,
        "oppSavesAgainstPer60": 28.7,
        "oppSavesAgainstPer60Last1": 36.0,
        "oppSavesAgainstPer60Last3": 27.8,
        "oppSavesAgainstPer60Last5": 28.1,
        "oppShotsAgainstPerGame": 33.2,
        "oppShotsAgainstPerGameLast5": 32.8,
        "savesProj": 26.7,
        "savesProjLast5": 26.0,
        "savesProjLast3": 27.5,
        "oppSavesAgainstProj": 27.6,
        "oppSavesAgainstProjLast5": 29.3,
        "oppSavesAgainstProjLast3": 30.4,
        "totalOver": 39,
        "totalOverLast5": 40,
        "lastTotalOver": 55,
        "last5": "0,1,1,0,0,0,1,0,1,0",
        "overOdds": "-105",
        "underOdds": "-135",
        "overUnder": "-105 / -135"
    },
    {
        "player": "Casey Mittelstadt",
        "team": "BUF",
        "opponent": "BOS",
        "propType": "pts",
        "line": 0.5,
        "ppLine": "",
        "avg": 0.62,
        "hit": false,
        "diffAvg": 0.24,
        "diffAbs": 0.2,
        "lastAvg": 0.47,
        "diff": -0.06,
        "avgMin": 15,
        "proj": 0.4,
        "lastAvgMin": 16.12,
        "oppOver": 0,
        "teamOver": 0,
        "gameLine": "+160",
        "+/-": -11,
        "L5_+/-": -3.0,
        "prevMatchup": "2023-03-02 1.0 pts, 2022-12-31 0.0 pts, 2022-11-12 0.0 pts",
        "winLossSplits": "0.72 - 0.54",
        "awayHome": "H",
        "playedYesterday": "N",
        "awayHomeSplits": "0.59 - 0.65",
        "savesAboveExp": 0.892,
        "gsaa": 37.45,
        "corsi": "51.1% (57.8) // 50.6% (58.8) // 51.0% (57.1) // 52.8% (58.7)",
        "fenwick": "49.6% (43.5) // 48.7% (43.8) // 50.2% (42.6) // 53.1% (44.1)",
        "shots": "49.3% (32.0) // 47.6% (31.7) // 48.8% (30.5) // 51.4% (30.5)",
        "scoring": "50.0% (30.7) // 49.0% (30.0) // 47.4% (26.4) // 51.8% (27.9)",
        "corsiAgainst": "48.9% (55.3) // 49.4% (57.4) // 49.0% (54.7) // 47.2% (52.5)",
        "fenwickAgainst": "50.4% (44.2) // 51.3% (46.2) // 49.8% (42.2) // 46.9% (38.9)",
        "shotsAgainst": "50.7% (33.0) // 52.4% (35.0) // 51.2% (32.0) // 48.6% (28.9)",
        "scoringAgainst": "50.0% (30.7) // 51.0% (31.2) // 52.6% (29.3) // 48.2% (25.9)",
        "oppCorsi": "51.5% (58.2) // 51.9% (58.2) // 55.1% (62.3) // 51.3% (59.0)",
        "oppFenwick": "52.0% (43.9) // 50.8% (42.7) // 53.8% (45.8) // 52.8% (47.3)",
        "oppShots": "52.7% (32.6) // 50.6% (31.4) // 53.7% (33.8) // 52.0% (34.7)",
        "oppScoring": "53.0% (32.2) // 53.3% (34.0) // 56.3% (35.0) // 51.6% (31.7)",
        "oppCorsiAgainst": "48.5% (54.7) // 48.1% (54.1) // 44.9% (50.8) // 48.7% (56.0)",
        "oppFenwickAgainst": "48.0% (40.6) // 49.2% (41.3) // 46.2% (39.3) // 47.2% (42.3)",
        "oppShotsAgainst": "47.3% (29.3) // 49.4% (30.6) // 46.3% (29.2) // 48.0% (32.0)",
        "oppScoringAgainst": "47.0% (28.6) // 46.7% (29.8) // 43.7% (27.2) // 48.4% (29.7)",
        "savesPerGame": 29.6,
        "savesPerGameLast1": 17.0,
        "savesPerGameLast3": 25.7,
        "savesPerGameLast5": 28.0,
        "savesPer60": 29.7,
        "savesPer60Last1": 17.0,
        "savesPer60Last3": 26.4,
        "savesPer60Last5": 28.7,
        "shotsPerGame": 32.3,
        "shotsPerGameLast5": 31.2,
        "shotsAgainstPerGame": 33.2,
        "shotsAgainstPerGameLast5": 32.8,
        "oppSavesAgainstPer60": 29.2,
        "oppSavesAgainstPer60Last1": 33.0,
        "oppSavesAgainstPer60Last3": 31.8,
        "oppSavesAgainstPer60Last5": 31.9,
        "oppShotsAgainstPerGame": 29.6,
        "oppShotsAgainstPerGameLast5": 30.6,
        "savesProj": 31.5,
        "savesProjLast5": 32.9,
        "savesProjLast3": 29.6,
        "oppSavesAgainstProj": 30.5,
        "oppSavesAgainstProjLast5": 31.6,
        "oppSavesAgainstProjLast3": 29.2,
        "totalOver": 46,
        "totalOverLast5": 20,
        "lastTotalOver": 38,
        "last5": "2,0,0,0,0,0,1,1,1,0",
        "overOdds": "+150",
        "underOdds": "-200",
        "overUnder": "+150 / -200"
    },
    {
        "player": "Charlie Coyle",
        "team": "BOS",
        "opponent": "BUF",
        "propType": "pts",
        "line": 0.5,
        "ppLine": "",
        "avg": 0.56,
        "hit": false,
        "diffAvg": 0.12,
        "diffAbs": 0.0,
        "lastAvg": 0.49,
        "diff": -0.02,
        "avgMin": 16,
        "proj": 0.5,
        "lastAvgMin": 17.4,
        "oppOver": 0,
        "teamOver": 0,
        "gameLine": "-190",
        "+/-": "+25",
        "L5_+/-": "+5.0",
        "prevMatchup": "2023-03-02 2.0 pts, 2022-12-31 0.0 pts, 2022-11-12 0.0 pts",
        "winLossSplits": "0.61 - 0.3",
        "awayHome": "A",
        "playedYesterday": "Y",
        "awayHomeSplits": "0.69 - 0.42",
        "savesAboveExp": "-",
        "gsaa": "-",
        "corsi": "51.5% (58.2) // 51.9% (58.2) // 55.1% (62.3) // 51.3% (59.0)",
        "fenwick": "52.0% (43.9) // 50.8% (42.7) // 53.8% (45.8) // 52.8% (47.3)",
        "shots": "52.7% (32.6) // 50.6% (31.4) // 53.7% (33.8) // 52.0% (34.7)",
        "scoring": "53.0% (32.2) // 53.3% (34.0) // 56.3% (35.0) // 51.6% (31.7)",
        "corsiAgainst": "48.5% (54.7) // 48.1% (54.1) // 44.9% (50.8) // 48.7% (56.0)",
        "fenwickAgainst": "48.0% (40.6) // 49.2% (41.3) // 46.2% (39.3) // 47.2% (42.3)",
        "shotsAgainst": "47.3% (29.3) // 49.4% (30.6) // 46.3% (29.2) // 48.0% (32.0)",
        "scoringAgainst": "47.0% (28.6) // 46.7% (29.8) // 43.7% (27.2) // 48.4% (29.7)",
        "oppCorsi": "51.1% (57.8) // 50.6% (58.8) // 51.0% (57.1) // 52.8% (58.7)",
        "oppFenwick": "49.6% (43.5) // 48.7% (43.8) // 50.2% (42.6) // 53.1% (44.1)",
        "oppShots": "49.3% (32.0) // 47.6% (31.7) // 48.8% (30.5) // 51.4% (30.5)",
        "oppScoring": "50.0% (30.7) // 49.0% (30.0) // 47.4% (26.4) // 51.8% (27.9)",
        "oppCorsiAgainst": "48.9% (55.3) // 49.4% (57.4) // 49.0% (54.7) // 47.2% (52.5)",
        "oppFenwickAgainst": "50.4% (44.2) // 51.3% (46.2) // 49.8% (42.2) // 46.9% (38.9)",
        "oppShotsAgainst": "50.7% (33.0) // 52.4% (35.0) // 51.2% (32.0) // 48.6% (28.9)",
        "oppScoringAgainst": "50.0% (30.7) // 51.0% (31.2) // 52.6% (29.3) // 48.2% (25.9)",
        "savesPerGame": 27.5,
        "savesPerGameLast1": 29.0,
        "savesPerGameLast3": 29.3,
        "savesPerGameLast5": 27.6,
        "savesPer60": 27.6,
        "savesPer60Last1": 29.0,
        "savesPer60Last3": 29.2,
        "savesPer60Last5": 27.4,
        "shotsPerGame": 33.0,
        "shotsPerGameLast5": 35.0,
        "shotsAgainstPerGame": 29.6,
        "shotsAgainstPerGameLast5": 30.6,
        "oppSavesAgainstPer60": 28.7,
        "oppSavesAgainstPer60Last1": 36.0,
        "oppSavesAgainstPer60Last3": 27.8,
        "oppSavesAgainstPer60Last5": 28.1,
        "oppShotsAgainstPerGame": 33.2,
        "oppShotsAgainstPerGameLast5": 32.8,
        "savesProj": 26.7,
        "savesProjLast5": 26.0,
        "savesProjLast3": 27.5,
        "oppSavesAgainstProj": 27.6,
        "oppSavesAgainstProjLast5": 29.3,
        "oppSavesAgainstProjLast3": 30.4,
        "totalOver": 46,
        "totalOverLast5": 60,
        "lastTotalOver": 45,
        "last5": "1,1,0,0,1,0,2,2,0,1",
        "overOdds": "+135",
        "underOdds": "-175",
        "overUnder": "+135 / -175"
    },
    {
        "player": "Charlie Mcavoy",
        "team": "BOS",
        "opponent": "BUF",
        "propType": "pts",
        "line": 0.5,
        "ppLine": "PP2",
        "avg": 0.78,
        "hit": false,
        "diffAvg": 0.56,
        "diffAbs": 0.2,
        "lastAvg": 0.67,
        "diff": 0.34,
        "avgMin": 22,
        "proj": 0.6,
        "lastAvgMin": 24.65,
        "oppOver": 0,
        "teamOver": 0,
        "gameLine": "-190",
        "+/-": "+29",
        "L5_+/-": "+2.0",
        "prevMatchup": "2023-03-02 0.0 pts, 2022-12-31 1.0 pts, 2022-11-12 0.0 pts",
        "winLossSplits": "0.9 - 0.45",
        "awayHome": "A",
        "playedYesterday": "Y",
        "awayHomeSplits": "0.66 - 0.92",
        "savesAboveExp": "-",
        "gsaa": "-",
        "corsi": "51.5% (58.2) // 51.9% (58.2) // 55.1% (62.3) // 51.3% (59.0)",
        "fenwick": "52.0% (43.9) // 50.8% (42.7) // 53.8% (45.8) // 52.8% (47.3)",
        "shots": "52.7% (32.6) // 50.6% (31.4) // 53.7% (33.8) // 52.0% (34.7)",
