[
    {
        "player": "Auston Matthews",
        "team": "TOR",
        "opponent": "COL",
        "propType": "sog",
        "line": 4.5,
        "ppLine": "PP1",
        "avg": 4.22,
        "hit": false,
        "diffAvg": -0.06,
        "diffAbs": 0.07,
        "lastAvg": 4.3,
        "diff": -0.04,
        "avgMin": 20,
        "proj": 4.2,
        "lastAvgMin": 20.6,
        "oppOver": 0,
        "teamOver": 0,
        "gameLine": "-145",
        "+/-": "+26",
        "L5_+/-": "+3.0",
        "prevMatchup": "2022-12-31 1.0 sog",
        "winLossSplits": "4.41 - 3.99",
        "awayHome": "H",
        "playedYesterday": "N",
        "awayHomeSplits": "4.14 - 4.3",
        "savesAboveExp": 0.16,
        "gsaa": 16.87,
        "corsi": "51.3% (57.8) // 49.6% (54.2) // 48.1% (52.0) // 51.6% (56.0)",
        "fenwick": "52.2% (44.1) // 51.4% (41.8) // 49.6% (42.0) // 52.9% (45.0)",
        "shots": "52.7% (32.0) // 52.5% (31.0) // 50.8% (30.3) // 54.5% (33.0)",
        "scoring": "54.1% (33.6) // 51.4% (30.5) // 50.0% (27.7) // 54.0% (30.0)",
        "corsiAgainst": "48.7% (54.9) // 50.4% (55.1) // 51.9% (56.0) // 48.4% (52.5)",
        "fenwickAgainst": "47.8% (40.3) // 48.6% (39.5) // 50.4% (42.7) // 47.1% (40.0)",
        "shotsAgainst": "47.3% (28.7) // 47.5% (28.1) // 49.2% (29.3) // 45.5% (27.5)",
        "scoringAgainst": "45.9% (28.5) // 48.6% (28.8) // 50.0% (27.7) // 46.0% (25.5)",
        "oppCorsi": "52.2% (59.9) // 54.8% (60.4) // 60.4% (64.3) // 64.8% (69.4)",
        "oppFenwick": "51.4% (44.0) // 55.1% (44.5) // 60.6% (48.1) // 62.5% (50.5)",
        "oppShots": "51.5% (32.9) // 55.7% (32.9) // 59.5% (34.3) // 60.5% (35.3)",
        "oppScoring": "52.9% (29.8) // 55.6% (30.4) // 61.6% (32.7) // 63.4% (34.4)",
        "oppCorsiAgainst": "47.8% (54.9) // 45.2% (49.7) // 39.6% (42.2) // 35.2% (37.7)",
        "oppFenwickAgainst": "48.6% (41.6) // 44.9% (36.2) // 39.4% (31.3) // 37.5% (30.4)",
        "oppShotsAgainst": "48.5% (31.0) // 44.3% (26.2) // 40.5% (23.4) // 39.5% (23.1)",
        "oppScoringAgainst": "47.1% (26.5) // 44.4% (24.3) // 38.4% (20.4) // 36.6% (19.8)",
        "savesPerGame": 26.2,
        "savesPerGameLast1": 25.0,
        "savesPerGameLast3": 25.7,
        "savesPerGameLast5": 24.4,
        "savesPer60": 26.1,
        "savesPer60Last1": 23.4,
        "savesPer60Last3": 25.0,
        "savesPer60Last5": 23.9,
        "shotsPerGame": 32.2,
        "shotsPerGameLast5": 32.4,
        "shotsAgainstPerGame": 28.9,
        "shotsAgainstPerGameLast5": 27.6,
        "oppSavesAgainstPer60": 30.4,
        "oppSavesAgainstPer60Last1": 25.0,
        "oppSavesAgainstPer60Last3": 31.6,
        "oppSavesAgainstPer60Last5": 30.5,
        "oppShotsAgainstPerGame": 31.5,
        "oppShotsAgainstPerGameLast5": 23.6,
        "savesProj": 27.5,
        "savesProjLast5": 25.3,
        "savesProjLast3": 27.3,
        "oppSavesAgainstProj": 28.5,
        "oppSavesAgainstProjLast5": 25.0,
        "oppSavesAgainstProjLast3": 27.3,
        "totalOver": 42,
        "totalOverLast5": 60,
        "lastTotalOver": 41,
        "last5": "5,8,4,4,8,2,5,2,1,5",
        "overOdds": "+105",
        "underOdds": "-145",
        "overUnder": "+105 / -145"
    },
    {
        "player": "Cale Makar",
        "team": "COL",
        "opponent": "TOR",
        "propType": "sog",
        "line": 2.5,
        "ppLine": "PP1",
        "avg": 3.02,
        "hit": false,
        "diffAvg": 0.21,
        "diffAbs": 0.0,
        "lastAvg": 2.42,
        "diff": -0.03,
        "avgMin": 26,
        "proj": 2.5,
        "lastAvgMin": 25.67,
        "oppOver": 0,
        "teamOver": 0,
        "gameLine": "+125",
        "+/-": "+10",
        "L5_+/-": "+3.0",
        "prevMatchup": "2022-12-31 1.0 sog",
        "winLossSplits": "3.22 - 2.71",
        "awayHome": "A",
        "playedYesterday": "N",
        "awayHomeSplits": "2.62 - 3.36",
        "savesAboveExp": 0.388,
        "gsaa": 9.29,
        "corsi": "52.2% (59.9) // 54.8% (60.4) // 60.4% (64.3) // 64.8% (69.4)",
        "fenwick": "51.4% (44.0) // 55.1% (44.5) // 60.6% (48.1) // 62.5% (50.5)",
        "shots": "51.5% (32.9) // 55.7% (32.9) // 59.5% (34.3) // 60.5% (35.3)",
        "scoring": "52.9% (29.8) // 55.6% (30.4) // 61.6% (32.7) // 63.4% (34.4)",
        "corsiAgainst": "47.8% (54.9) // 45.2% (49.7) // 39.6% (42.2) // 35.2% (37.7)",
        "fenwickAgainst": "48.6% (41.6) // 44.9% (36.2) // 39.4% (31.3) // 37.5% (30.4)",
        "shotsAgainst": "48.5% (31.0) // 44.3% (26.2) // 40.5% (23.4) // 39.5% (23.1)",
        "scoringAgainst": "47.1% (26.5) // 44.4% (24.3) // 38.4% (20.4) // 36.6% (19.8)",
        "oppCorsi": "51.3% (57.8) // 49.6% (54.2) // 48.1% (52.0) // 51.6% (56.0)",
        "oppFenwick": "52.2% (44.1) // 51.4% (41.8) // 49.6% (42.0) // 52.9% (45.0)",
        "oppShots": "52.7% (32.0) // 52.5% (31.0) // 50.8% (30.3) // 54.5% (33.0)",
        "oppScoring": "54.1% (33.6) // 51.4% (30.5) // 50.0% (27.7) // 54.0% (30.0)",
        "oppCorsiAgainst": "48.7% (54.9) // 50.4% (55.1) // 51.9% (56.0) // 48.4% (52.5)",
        "oppFenwickAgainst": "47.8% (40.3) // 48.6% (39.5) // 50.4% (42.7) // 47.1% (40.0)",
        "oppShotsAgainst": "47.3% (28.7) // 47.5% (28.1) // 49.2% (29.3) // 45.5% (27.5)",
        "oppScoringAgainst": "45.9% (28.5) // 48.6% (28.8) // 50.0% (27.7) // 46.0% (25.5)",
        "savesPerGame": 28.7,
        "savesPerGameLast1": 15.0,
        "savesPerGameLast3": 19.7,
        "savesPerGameLast5": 20.8,
        "savesPer60": 28.7,
        "savesPer60Last1": 15.0,
        "savesPer60Last3": 19.7,
        "savesPer60Last5": 20.9,
        "shotsPerGame": 33.4,
        "shotsPerGameLast5": 34.6,
        "shotsAgainstPerGame": 31.5,
        "shotsAgainstPerGameLast5": 23.6,
        "oppSavesAgainstPer60": 28.5,
        "oppSavesAgainstPer60Last1": 25.0,
        "oppSavesAgainstPer60Last3": 26.0,
        "oppSavesAgainstPer60Last5": 29.2,
        "oppShotsAgainstPerGame": 28.9,
        "oppShotsAgainstPerGameLast5": 27.6,
        "savesProj": 31.5,
        "savesProjLast5": 23.2,
        "savesProjLast3": 19.4,
        "oppSavesAgainstProj": 28.9,
        "oppSavesAgainstProjLast5": 23.1,
        "oppSavesAgainstProjLast3": 19.7,
        "totalOver": 46,
        "totalOverLast5": 40,
        "lastTotalOver": 58,
        "last5": "0,5,2,5,2,1,1,2,1,2",
        "overOdds": "-160",
        "underOdds": "+120",
        "overUnder": "-160 / +120"
    },
    {
        "player": "Devon Toews",
        "team": "COL",
        "opponent": "TOR",
        "propType": "sog",
        "line": 1.5,
        "ppLine": "PP2",
        "avg": 2.05,
        "hit": false,
        "diffAvg": 0.37,
        "diffAbs": 0.2,
        "lastAvg": 1.84,
        "diff": 0.23,
        "avgMin": 25,
        "proj": 1.8,
        "lastAvgMin": 25.37,
        "oppOver": 0,
        "teamOver": 0,
        "gameLine": "+125",
        "+/-": "+24",
        "L5_+/-": "+6.0",
        "prevMatchup": "2022-12-31 3.0 sog",
        "winLossSplits": "2.05 - 2.02",
        "awayHome": "A",
        "playedYesterday": "N",
        "awayHomeSplits": "1.77 - 2.3",
        "savesAboveExp": 0.388,
        "gsaa": 9.29,
        "corsi": "52.2% (59.9) // 54.8% (60.4) // 60.4% (64.3) // 64.8% (69.4)",
        "fenwick": "51.4% (44.0) // 55.1% (44.5) // 60.6% (48.1) // 62.5% (50.5)",
        "shots": "51.5% (32.9) // 55.7% (32.9) // 59.5% (34.3) // 60.5% (35.3)",
        "scoring": "52.9% (29.8) // 55.6% (30.4) // 61.6% (32.7) // 63.4% (34.4)",
        "corsiAgainst": "47.8% (54.9) // 45.2% (49.7) // 39.6% (42.2) // 35.2% (37.7)",
        "fenwickAgainst": "48.6% (41.6) // 44.9% (36.2) // 39.4% (31.3) // 37.5% (30.4)",
        "shotsAgainst": "48.5% (31.0) // 44.3% (26.2) // 40.5% (23.4) // 39.5% (23.1)",
        "scoringAgainst": "47.1% (26.5) // 44.4% (24.3) // 38.4% (20.4) // 36.6% (19.8)",
        "oppCorsi": "51.3% (57.8) // 49.6% (54.2) // 48.1% (52.0) // 51.6% (56.0)",
        "oppFenwick": "52.2% (44.1) // 51.4% (41.8) // 49.6% (42.0) // 52.9% (45.0)",
        "oppShots": "52.7% (32.0) // 52.5% (31.0) // 50.8% (30.3) // 54.5% (33.0)",
        "oppScoring": "54.1% (33.6) // 51.4% (30.5) // 50.0% (27.7) // 54.0% (30.0)",
        "oppCorsiAgainst": "48.7% (54.9) // 50.4% (55.1) // 51.9% (56.0) // 48.4% (52.5)",
        "oppFenwickAgainst": "47.8% (40.3) // 48.6% (39.5) // 50.4% (42.7) // 47.1% (40.0)",
        "oppShotsAgainst": "47.3% (28.7) // 47.5% (28.1) // 49.2% (29.3) // 45.5% (27.5)",
        "oppScoringAgainst": "45.9% (28.5) // 48.6% (28.8) // 50.0% (27.7) // 46.0% (25.5)",
        "savesPerGame": 28.7,
        "savesPerGameLast1": 15.0,
        "savesPerGameLast3": 19.7,
        "savesPerGameLast5": 20.8,
        "savesPer60": 28.7,
        "savesPer60Last1": 15.0,
        "savesPer60Last3": 19.7,
        "savesPer60Last5": 20.9,
        "shotsPerGame": 33.4,
        "shotsPerGameLast5": 34.6,
        "shotsAgainstPerGame": 31.5,
        "shotsAgainstPerGameLast5": 23.6,
        "oppSavesAgainstPer60": 28.5,
        "oppSavesAgainstPer60Last1": 25.0,
        "oppSavesAgainstPer60Last3": 26.0,
        "oppSavesAgainstPer60Last5": 29.2,
        "oppShotsAgainstPerGame": 28.9,
        "oppShotsAgainstPerGameLast5": 27.6,
        "savesProj": 31.5,
        "savesProjLast5": 23.2,
        "savesProjLast3": 19.4,
        "oppSavesAgainstProj": 28.9,
        "oppSavesAgainstProjLast5": 23.1,
        "oppSavesAgainstProjLast3": 19.7,
        "totalOver": 57,
        "totalOverLast5": 40,
        "lastTotalOver": 66,
        "last5": "0,4,1,4,1,4,3,4,1,2",
        "overOdds": "-145",
        "underOdds": "+105",
        "overUnder": "-145 / +105"
    },
    {
        "player": "Evan Rodrigues",
        "team": "COL",
        "opponent": "TOR",
        "propType": "sog",
        "line": 2.5,
        "ppLine": "PP1",
        "avg": 2.96,
        "hit": false,
        "diffAvg": 0.18,
        "diffAbs": 0.24,
        "lastAvg": 2.73,
        "diff": 0.09,
        "avgMin": 18,
        "proj": 3.1,
        "lastAvgMin": 15.83,
        "oppOver": 0,
        "teamOver": 0,
        "gameLine": "+125",
        "+/-": "+1",
        "L5_+/-": "+1.0",
        "prevMatchup": "2022-12-31 2.0 sog",
        "winLossSplits": "2.82 - 3.14",
        "awayHome": "A",
        "playedYesterday": "N",
        "awayHomeSplits": "2.92 - 3.0",
        "savesAboveExp": 0.388,
        "gsaa": 9.29,
        "corsi": "52.2% (59.9) // 54.8% (60.4) // 60.4% (64.3) // 64.8% (69.4)",
        "fenwick": "51.4% (44.0) // 55.1% (44.5) // 60.6% (48.1) // 62.5% (50.5)",
        "shots": "51.5% (32.9) // 55.7% (32.9) // 59.5% (34.3) // 60.5% (35.3)",
        "scoring": "52.9% (29.8) // 55.6% (30.4) // 61.6% (32.7) // 63.4% (34.4)",
        "corsiAgainst": "47.8% (54.9) // 45.2% (49.7) // 39.6% (42.2) // 35.2% (37.7)",
        "fenwickAgainst": "48.6% (41.6) // 44.9% (36.2) // 39.4% (31.3) // 37.5% (30.4)",
        "shotsAgainst": "48.5% (31.0) // 44.3% (26.2) // 40.5% (23.4) // 39.5% (23.1)",
        "scoringAgainst": "47.1% (26.5) // 44.4% (24.3) // 38.4% (20.4) // 36.6% (19.8)",
        "oppCorsi": "51.3% (57.8) // 49.6% (54.2) // 48.1% (52.0) // 51.6% (56.0)",
        "oppFenwick": "52.2% (44.1) // 51.4% (41.8) // 49.6% (42.0) // 52.9% (45.0)",
        "oppShots": "52.7% (32.0) // 52.5% (31.0) // 50.8% (30.3) // 54.5% (33.0)",
        "oppScoring": "54.1% (33.6) // 51.4% (30.5) // 50.0% (27.7) // 54.0% (30.0)",
        "oppCorsiAgainst": "48.7% (54.9) // 50.4% (55.1) // 51.9% (56.0) // 48.4% (52.5)",
        "oppFenwickAgainst": "47.8% (40.3) // 48.6% (39.5) // 50.4% (42.7) // 47.1% (40.0)",
        "oppShotsAgainst": "47.3% (28.7) // 47.5% (28.1) // 49.2% (29.3) // 45.5% (27.5)",
        "oppScoringAgainst": "45.9% (28.5) // 48.6% (28.8) // 50.0% (27.7) // 46.0% (25.5)",
        "savesPerGame": 28.7,
        "savesPerGameLast1": 15.0,
        "savesPerGameLast3": 19.7,
        "savesPerGameLast5": 20.8,
        "savesPer60": 28.7,
        "savesPer60Last1": 15.0,
        "savesPer60Last3": 19.7,
        "savesPer60Last5": 20.9,
        "shotsPerGame": 33.4,
        "shotsPerGameLast5": 34.6,
        "shotsAgainstPerGame": 31.5,
        "shotsAgainstPerGameLast5": 23.6,
        "oppSavesAgainstPer60": 28.5,
        "oppSavesAgainstPer60Last1": 25.0,
        "oppSavesAgainstPer60Last3": 26.0,
        "oppSavesAgainstPer60Last5": 29.2,
        "oppShotsAgainstPerGame": 28.9,
        "oppShotsAgainstPerGameLast5": 27.6,
        "savesProj": 31.5,
        "savesProjLast5": 23.2,
        "savesProjLast3": 19.4,
        "oppSavesAgainstProj": 28.9,
        "oppSavesAgainstProjLast5": 23.1,
        "oppSavesAgainstProjLast3": 19.7,
        "totalOver": 48,
        "totalOverLast5": 40,
        "lastTotalOver": 62,
        "last5": "0,2,5,3,2,2,1,5,4,1",
        "overOdds": "-120",
        "underOdds": "-120",
        "overUnder": "-120 / -120"
    },
    {
        "player": "Jt Compher",
        "team": "COL",
        "opponent": "TOR",
        "propType": "sog",
        "line": 1.5,
        "ppLine": "PP1",
        "avg": 2.0,
        "hit": false,
        "diffAvg": 0.33,
        "diffAbs": 0.07,
        "lastAvg": 1.13,
        "diff": -0.25,
        "avgMin": 20,
        "proj": 1.4,
        "lastAvgMin": 16.32,
        "oppOver": 0,
        "teamOver": 0,
        "gameLine": "+125",
        "+/-": "+7",
        "L5_+/-": "+4.0",
        "prevMatchup": "2022-12-31 3.0 sog",
        "winLossSplits": "1.79 - 2.15",
        "awayHome": "A",
        "playedYesterday": "N",
        "awayHomeSplits": "1.9 - 2.09",
        "savesAboveExp": 0.388,
        "gsaa": 9.29,
        "corsi": "52.2% (59.9) // 54.8% (60.4) // 60.4% (64.3) // 64.8% (69.4)",
        "fenwick": "51.4% (44.0) // 55.1% (44.5) // 60.6% (48.1) // 62.5% (50.5)",
        "shots": "51.5% (32.9) // 55.7% (32.9) // 59.5% (34.3) // 60.5% (35.3)",
        "scoring": "52.9% (29.8) // 55.6% (30.4) // 61.6% (32.7) // 63.4% (34.4)",
        "corsiAgainst": "47.8% (54.9) // 45.2% (49.7) // 39.6% (42.2) // 35.2% (37.7)",
        "fenwickAgainst": "48.6% (41.6) // 44.9% (36.2) // 39.4% (31.3) // 37.5% (30.4)",
        "shotsAgainst": "48.5% (31.0) // 44.3% (26.2) // 40.5% (23.4) // 39.5% (23.1)",
        "scoringAgainst": "47.1% (26.5) // 44.4% (24.3) // 38.4% (20.4) // 36.6% (19.8)",
        "oppCorsi": "51.3% (57.8) // 49.6% (54.2) // 48.1% (52.0) // 51.6% (56.0)",
        "oppFenwick": "52.2% (44.1) // 51.4% (41.8) // 49.6% (42.0) // 52.9% (45.0)",
        "oppShots": "52.7% (32.0) // 52.5% (31.0) // 50.8% (30.3) // 54.5% (33.0)",
        "oppScoring": "54.1% (33.6) // 51.4% (30.5) // 50.0% (27.7) // 54.0% (30.0)",
        "oppCorsiAgainst": "48.7% (54.9) // 50.4% (55.1) // 51.9% (56.0) // 48.4% (52.5)",
        "oppFenwickAgainst": "47.8% (40.3) // 48.6% (39.5) // 50.4% (42.7) // 47.1% (40.0)",
        "oppShotsAgainst": "47.3% (28.7) // 47.5% (28.1) // 49.2% (29.3) // 45.5% (27.5)",
        "oppScoringAgainst": "45.9% (28.5) // 48.6% (28.8) // 50.0% (27.7) // 46.0% (25.5)",
        "savesPerGame": 28.7,
        "savesPerGameLast1": 15.0,
        "savesPerGameLast3": 19.7,
        "savesPerGameLast5": 20.8,
        "savesPer60": 28.7,
        "savesPer60Last1": 15.0,
        "savesPer60Last3": 19.7,
        "savesPer60Last5": 20.9,
        "shotsPerGame": 33.4,
        "shotsPerGameLast5": 34.6,
        "shotsAgainstPerGame": 31.5,
        "shotsAgainstPerGameLast5": 23.6,
        "oppSavesAgainstPer60": 28.5,
        "oppSavesAgainstPer60Last1": 25.0,
        "oppSavesAgainstPer60Last3": 26.0,
        "oppSavesAgainstPer60Last5": 29.2,
        "oppShotsAgainstPerGame": 28.9,
        "oppShotsAgainstPerGameLast5": 27.6,
        "savesProj": 31.5,
        "savesProjLast5": 23.2,
        "savesProjLast3": 19.4,
        "oppSavesAgainstProj": 28.9,
        "oppSavesAgainstProjLast5": 23.1,
        "oppSavesAgainstProjLast3": 19.7,
        "totalOver": 58,
        "totalOverLast5": 80,
        "lastTotalOver": 39,
        "last5": "4,3,2,0,3,1,2,3,1,3",
        "overOdds": "-165",
        "underOdds": "+125",
        "overUnder": "-165 / +125"
    },
    {
        "player": "John Tavares",
        "team": "TOR",
        "opponent": "COL",
        "propType": "sog",
        "line": 3.5,
        "ppLine": "PP1",
        "avg": 3.55,
        "hit": false,
        "diffAvg": 0.01,
        "diffAbs": 0.26,
        "lastAvg": 2.76,
        "diff": -0.21,
        "avgMin": 17,
        "proj": 2.6,
        "lastAvgMin": 18.07,
        "oppOver": 0,
        "teamOver": 0,
        "gameLine": "-145",
        "+/-": "+1",
        "L5_+/-": "+2.0",
        "prevMatchup": "2022-12-31 0.0 sog",
        "winLossSplits": "3.89 - 2.89",
        "awayHome": "H",
        "playedYesterday": "N",
        "awayHomeSplits": "3.5 - 3.6",
        "savesAboveExp": 0.16,
        "gsaa": 16.87,
        "corsi": "51.3% (57.8) // 49.6% (54.2) // 48.1% (52.0) // 51.6% (56.0)",
        "fenwick": "52.2% (44.1) // 51.4% (41.8) // 49.6% (42.0) // 52.9% (45.0)",
        "shots": "52.7% (32.0) // 52.5% (31.0) // 50.8% (30.3) // 54.5% (33.0)",
        "scoring": "54.1% (33.6) // 51.4% (30.5) // 50.0% (27.7) // 54.0% (30.0)",
        "corsiAgainst": "48.7% (54.9) // 50.4% (55.1) // 51.9% (56.0) // 48.4% (52.5)",
        "fenwickAgainst": "47.8% (40.3) // 48.6% (39.5) // 50.4% (42.7) // 47.1% (40.0)",
        "shotsAgainst": "47.3% (28.7) // 47.5% (28.1) // 49.2% (29.3) // 45.5% (27.5)",
        "scoringAgainst": "45.9% (28.5) // 48.6% (28.8) // 50.0% (27.7) // 46.0% (25.5)",
        "oppCorsi": "52.2% (59.9) // 54.8% (60.4) // 60.4% (64.3) // 64.8% (69.4)",
        "oppFenwick": "51.4% (44.0) // 55.1% (44.5) // 60.6% (48.1) // 62.5% (50.5)",
        "oppShots": "51.5% (32.9) // 55.7% (32.9) // 59.5% (34.3) // 60.5% (35.3)",
        "oppScoring": "52.9% (29.8) // 55.6% (30.4) // 61.6% (32.7) // 63.4% (34.4)",
        "oppCorsiAgainst": "47.8% (54.9) // 45.2% (49.7) // 39.6% (42.2) // 35.2% (37.7)",
        "oppFenwickAgainst": "48.6% (41.6) // 44.9% (36.2) // 39.4% (31.3) // 37.5% (30.4)",
        "oppShotsAgainst": "48.5% (31.0) // 44.3% (26.2) // 40.5% (23.4) // 39.5% (23.1)",
        "oppScoringAgainst": "47.1% (26.5) // 44.4% (24.3) // 38.4% (20.4) // 36.6% (19.8)",
        "savesPerGame": 26.2,
        "savesPerGameLast1": 25.0,
        "savesPerGameLast3": 25.7,
        "savesPerGameLast5": 24.4,
        "savesPer60": 26.1,
        "savesPer60Last1": 23.4,
        "savesPer60Last3": 25.0,
        "savesPer60Last5": 23.9,
        "shotsPerGame": 32.2,
        "shotsPerGameLast5": 32.4,
        "shotsAgainstPerGame": 28.9,
        "shotsAgainstPerGameLast5": 27.6,
        "oppSavesAgainstPer60": 30.4,
        "oppSavesAgainstPer60Last1": 25.0,
        "oppSavesAgainstPer60Last3": 31.6,
        "oppSavesAgainstPer60Last5": 30.5,
        "oppShotsAgainstPerGame": 31.5,
        "oppShotsAgainstPerGameLast5": 23.6,
        "savesProj": 27.5,
        "savesProjLast5": 25.3,
        "savesProjLast3": 27.3,
        "oppSavesAgainstProj": 28.5,
        "oppSavesAgainstProjLast5": 25.0,
        "oppSavesAgainstProjLast3": 27.3,
        "totalOver": 42,
        "totalOverLast5": 60,
        "lastTotalOver": 29,
        "last5": "1,4,8,4,2,3,2,3,6,2",
        "overOdds": "+110",
        "underOdds": "-150",
        "overUnder": "+110 / -150"
    },
    {
        "player": "Michael Bunting",
        "team": "TOR",
        "opponent": "COL",
        "propType": "sog",
        "line": 1.5,
        "ppLine": "PP2",
        "avg": 1.98,
        "hit": false,
        "diffAvg": 0.32,
        "diffAbs": 0.33,
        "lastAvg": 2.06,
        "diff": 0.37,
        "avgMin": 15,
        "proj": 2.0,
        "lastAvgMin": 15.53,
        "oppOver": 0,
        "teamOver": 0,
        "gameLine": "-145",
        "+/-": "+23",
        "L5_+/-": -2.0,
        "prevMatchup": "2022-12-31 4.0 sog",
        "winLossSplits": "1.85 - 1.77",
        "awayHome": "H",
        "playedYesterday": "N",
        "awayHomeSplits": "1.81 - 2.14",
        "savesAboveExp": 0.16,
        "gsaa": 16.87,
        "corsi": "51.3% (57.8) // 49.6% (54.2) // 48.1% (52.0) // 51.6% (56.0)",
        "fenwick": "52.2% (44.1) // 51.4% (41.8) // 49.6% (42.0) // 52.9% (45.0)",
        "shots": "52.7% (32.0) // 52.5% (31.0) // 50.8% (30.3) // 54.5% (33.0)",
        "scoring": "54.1% (33.6) // 51.4% (30.5) // 50.0% (27.7) // 54.0% (30.0)",
        "corsiAgainst": "48.7% (54.9) // 50.4% (55.1) // 51.9% (56.0) // 48.4% (52.5)",
        "fenwickAgainst": "47.8% (40.3) // 48.6% (39.5) // 50.4% (42.7) // 47.1% (40.0)",
        "shotsAgainst": "47.3% (28.7) // 47.5% (28.1) // 49.2% (29.3) // 45.5% (27.5)",
        "scoringAgainst": "45.9% (28.5) // 48.6% (28.8) // 50.0% (27.7) // 46.0% (25.5)",
        "oppCorsi": "52.2% (59.9) // 54.8% (60.4) // 60.4% (64.3) // 64.8% (69.4)",
        "oppFenwick": "51.4% (44.0) // 55.1% (44.5) // 60.6% (48.1) // 62.5% (50.5)",
        "oppShots": "51.5% (32.9) // 55.7% (32.9) // 59.5% (34.3) // 60.5% (35.3)",
        "oppScoring": "52.9% (29.8) // 55.6% (30.4) // 61.6% (32.7) // 63.4% (34.4)",
        "oppCorsiAgainst": "47.8% (54.9) // 45.2% (49.7) // 39.6% (42.2) // 35.2% (37.7)",
        "oppFenwickAgainst": "48.6% (41.6) // 44.9% (36.2) // 39.4% (31.3) // 37.5% (30.4)",
        "oppShotsAgainst": "48.5% (31.0) // 44.3% (26.2) // 40.5% (23.4) // 39.5% (23.1)",
        "oppScoringAgainst": "47.1% (26.5) // 44.4% (24.3) // 38.4% (20.4) // 36.6% (19.8)",
        "savesPerGame": 26.2,
        "savesPerGameLast1": 25.0,
        "savesPerGameLast3": 25.7,
        "savesPerGameLast5": 24.4,
        "savesPer60": 26.1,
        "savesPer60Last1": 23.4,
        "savesPer60Last3": 25.0,
        "savesPer60Last5": 23.9,
        "shotsPerGame": 32.2,
        "shotsPerGameLast5": 32.4,
        "shotsAgainstPerGame": 28.9,
        "shotsAgainstPerGameLast5": 27.6,
        "oppSavesAgainstPer60": 30.4,
        "oppSavesAgainstPer60Last1": 25.0,
        "oppSavesAgainstPer60Last3": 31.6,
        "oppSavesAgainstPer60Last5": 30.5,
        "oppShotsAgainstPerGame": 31.5,
        "oppShotsAgainstPerGameLast5": 23.6,
        "savesProj": 27.5,
        "savesProjLast5": 25.3,
        "savesProjLast3": 27.3,
        "oppSavesAgainstProj": 28.5,
        "oppSavesAgainstProjLast5": 25.0,
        "oppSavesAgainstProjLast3": 27.3,
        "totalOver": 53,
        "totalOverLast5": 40,
        "lastTotalOver": 62,
        "last5": "5,0,1,3,0,0,2,0,1,2",
        "overOdds": "-155",
        "underOdds": "+115",
        "overUnder": "-155 / +115"
    },
    {
        "player": "Mikko Rantanen",
        "team": "COL",
        "opponent": "TOR",
        "propType": "sog",
        "line": 3.5,
        "ppLine": "PP1",
        "avg": 3.63,
        "hit": false,
        "diffAvg": 0.04,
        "diffAbs": 0.2,
        "lastAvg": 2.67,
        "diff": -0.24,
        "avgMin": 22,
        "proj": 2.8,
        "lastAvgMin": 20.97,
        "oppOver": 0,
        "teamOver": 0,
        "gameLine": "+125",
        "+/-": "+5",
        "L5_+/-": "+2.0",
        "prevMatchup": "2022-12-31 0.0 sog",
        "winLossSplits": "3.84 - 3.07",
        "awayHome": "A",
        "playedYesterday": "N",
        "awayHomeSplits": "3.9 - 3.38",
        "savesAboveExp": 0.388,
        "gsaa": 9.29,
        "corsi": "52.2% (59.9) // 54.8% (60.4) // 60.4% (64.3) // 64.8% (69.4)",
        "fenwick": "51.4% (44.0) // 55.1% (44.5) // 60.6% (48.1) // 62.5% (50.5)",
        "shots": "51.5% (32.9) // 55.7% (32.9) // 59.5% (34.3) // 60.5% (35.3)",
        "scoring": "52.9% (29.8) // 55.6% (30.4) // 61.6% (32.7) // 63.4% (34.4)",
        "corsiAgainst": "47.8% (54.9) // 45.2% (49.7) // 39.6% (42.2) // 35.2% (37.7)",
        "fenwickAgainst": "48.6% (41.6) // 44.9% (36.2) // 39.4% (31.3) // 37.5% (30.4)",
        "shotsAgainst": "48.5% (31.0) // 44.3% (26.2) // 40.5% (23.4) // 39.5% (23.1)",
        "scoringAgainst": "47.1% (26.5) // 44.4% (24.3) // 38.4% (20.4) // 36.6% (19.8)",
        "oppCorsi": "51.3% (57.8) // 49.6% (54.2) // 48.1% (52.0) // 51.6% (56.0)",
        "oppFenwick": "52.2% (44.1) // 51.4% (41.8) // 49.6% (42.0) // 52.9% (45.0)",
        "oppShots": "52.7% (32.0) // 52.5% (31.0) // 50.8% (30.3) // 54.5% (33.0)",
        "oppScoring": "54.1% (33.6) // 51.4% (30.5) // 50.0% (27.7) // 54.0% (30.0)",
        "oppCorsiAgainst": "48.7% (54.9) // 50.4% (55.1) // 51.9% (56.0) // 48.4% (52.5)",
        "oppFenwickAgainst": "47.8% (40.3) // 48.6% (39.5) // 50.4% (42.7) // 47.1% (40.0)",
        "oppShotsAgainst": "47.3% (28.7) // 47.5% (28.1) // 49.2% (29.3) // 45.5% (27.5)",
        "oppScoringAgainst": "45.9% (28.5) // 48.6% (28.8) // 50.0% (27.7) // 46.0% (25.5)",
        "savesPerGame": 28.7,
        "savesPerGameLast1": 15.0,
        "savesPerGameLast3": 19.7,
        "savesPerGameLast5": 20.8,
        "savesPer60": 28.7,
        "savesPer60Last1": 15.0,
        "savesPer60Last3": 19.7,
        "savesPer60Last5": 20.9,
        "shotsPerGame": 33.4,
        "shotsPerGameLast5": 34.6,
        "shotsAgainstPerGame": 31.5,
        "shotsAgainstPerGameLast5": 23.6,
        "oppSavesAgainstPer60": 28.5,
        "oppSavesAgainstPer60Last1": 25.0,
        "oppSavesAgainstPer60Last3": 26.0,
        "oppSavesAgainstPer60Last5": 29.2,
        "oppShotsAgainstPerGame": 28.9,
        "oppShotsAgainstPerGameLast5": 27.6,
        "savesProj": 31.5,
        "savesProjLast5": 23.2,
        "savesProjLast3": 19.4,
        "oppSavesAgainstProj": 28.9,
        "oppSavesAgainstProjLast5": 23.1,
        "oppSavesAgainstProjLast3": 19.7,
        "totalOver": 37,
        "totalOverLast5": 20,
        "lastTotalOver": 44,
        "last5": "5,1,1,1,2,2,3,3,3,6",
        "overOdds": "+130",
        "underOdds": "-170",
        "overUnder": "+130 / -170"
    },
    {
        "player": "Mitchell Marner",
        "team": "TOR",
        "opponent": "COL",
        "propType": "sog",
        "line": 2.5,
        "ppLine": "",
        "avg": 2.45,
        "hit": false,
        "diffAvg": -0.02,
        "diffAbs": 0.16,
        "lastAvg": 2.84,
        "diff": 0.14,
        "avgMin": 21,
        "proj": 2.9,
        "lastAvgMin": 20.87,
        "oppOver": 0,
        "teamOver": 0,
        "gameLine": "-145",
        "+/-": "+14",
        "L5_+/-": "+7.0",
        "prevMatchup": "2022-12-31 3.0 sog",
        "winLossSplits": "2.48 - 2.28",
        "awayHome": "H",
        "playedYesterday": "N",
        "awayHomeSplits": "2.55 - 2.37",
        "savesAboveExp": 0.16,
        "gsaa": 16.87,
        "corsi": "51.3% (57.8) // 49.6% (54.2) // 48.1% (52.0) // 51.6% (56.0)",
        "fenwick": "52.2% (44.1) // 51.4% (41.8) // 49.6% (42.0) // 52.9% (45.0)",
        "shots": "52.7% (32.0) // 52.5% (31.0) // 50.8% (30.3) // 54.5% (33.0)",
        "scoring": "54.1% (33.6) // 51.4% (30.5) // 50.0% (27.7) // 54.0% (30.0)",
        "corsiAgainst": "48.7% (54.9) // 50.4% (55.1) // 51.9% (56.0) // 48.4% (52.5)",
        "fenwickAgainst": "47.8% (40.3) // 48.6% (39.5) // 50.4% (42.7) // 47.1% (40.0)",
        "shotsAgainst": "47.3% (28.7) // 47.5% (28.1) // 49.2% (29.3) // 45.5% (27.5)",
        "scoringAgainst": "45.9% (28.5) // 48.6% (28.8) // 50.0% (27.7) // 46.0% (25.5)",
        "oppCorsi": "52.2% (59.9) // 54.8% (60.4) // 60.4% (64.3) // 64.8% (69.4)",
        "oppFenwick": "51.4% (44.0) // 55.1% (44.5) // 60.6% (48.1) // 62.5% (50.5)",
        "oppShots": "51.5% (32.9) // 55.7% (32.9) // 59.5% (34.3) // 60.5% (35.3)",
        "oppScoring": "52.9% (29.8) // 55.6% (30.4) // 61.6% (32.7) // 63.4% (34.4)",
        "oppCorsiAgainst": "47.8% (54.9) // 45.2% (49.7) // 39.6% (42.2) // 35.2% (37.7)",
        "oppFenwickAgainst": "48.6% (41.6) // 44.9% (36.2) // 39.4% (31.3) // 37.5% (30.4)",
        "oppShotsAgainst": "48.5% (31.0) // 44.3% (26.2) // 40.5% (23.4) // 39.5% (23.1)",
        "oppScoringAgainst": "47.1% (26.5) // 44.4% (24.3) // 38.4% (20.4) // 36.6% (19.8)",
        "savesPerGame": 26.2,
        "savesPerGameLast1": 25.0,
        "savesPerGameLast3": 25.7,
        "savesPerGameLast5": 24.4,
        "savesPer60": 26.1,
        "savesPer60Last1": 23.4,
        "savesPer60Last3": 25.0,
        "savesPer60Last5": 23.9,
        "shotsPerGame": 32.2,
        "shotsPerGameLast5": 32.4,
        "shotsAgainstPerGame": 28.9,
        "shotsAgainstPerGameLast5": 27.6,
        "oppSavesAgainstPer60": 30.4,
        "oppSavesAgainstPer60Last1": 25.0,
        "oppSavesAgainstPer60Last3": 31.6,
        "oppSavesAgainstPer60Last5": 30.5,
        "oppShotsAgainstPerGame": 31.5,
        "oppShotsAgainstPerGameLast5": 23.6,
        "savesProj": 27.5,
        "savesProjLast5": 25.3,
        "savesProjLast3": 27.3,
        "oppSavesAgainstProj": 28.5,
        "oppSavesAgainstProjLast5": 25.0,
        "oppSavesAgainstProjLast3": 27.3,
        "totalOver": 47,
        "totalOverLast5": 60,
        "lastTotalOver": 51,
        "last5": "1,5,3,1,8,3,1,3,0,1",
        "overOdds": "-145",
        "underOdds": "+105",
        "overUnder": "-145 / +105"
    },
    {
        "player": "Morgan Rielly",
        "team": "TOR",
        "opponent": "COL",
        "propType": "sog",
        "line": 1.5,
        "ppLine": "PP1",
        "avg": 1.94,
        "hit": false,
        "diffAvg": 0.29,
        "diffAbs": 0.53,
        "lastAvg": 2.48,
        "diff": 0.65,
        "avgMin": 22,
        "proj": 2.3,
        "lastAvgMin": 23.73,
        "oppOver": 0,
        "teamOver": 0,
        "gameLine": "-145",
        "+/-": -4,
        "L5_+/-": -4.0,
        "prevMatchup": "2022-12-31 2.0 sog",
        "winLossSplits": "2.06 - 1.74",
        "awayHome": "H",
        "playedYesterday": "N",
        "awayHomeSplits": "1.64 - 2.17",
        "savesAboveExp": 0.16,
        "gsaa": 16.87,
        "corsi": "51.3% (57.8) // 49.6% (54.2) // 48.1% (52.0) // 51.6% (56.0)",
        "fenwick": "52.2% (44.1) // 51.4% (41.8) // 49.6% (42.0) // 52.9% (45.0)",
        "shots": "52.7% (32.0) // 52.5% (31.0) // 50.8% (30.3) // 54.5% (33.0)",
        "scoring": "54.1% (33.6) // 51.4% (30.5) // 50.0% (27.7) // 54.0% (30.0)",
        "corsiAgainst": "48.7% (54.9) // 50.4% (55.1) // 51.9% (56.0) // 48.4% (52.5)",
        "fenwickAgainst": "47.8% (40.3) // 48.6% (39.5) // 50.4% (42.7) // 47.1% (40.0)",
        "shotsAgainst": "47.3% (28.7) // 47.5% (28.1) // 49.2% (29.3) // 45.5% (27.5)",
        "scoringAgainst": "45.9% (28.5) // 48.6% (28.8) // 50.0% (27.7) // 46.0% (25.5)",
        "oppCorsi": "52.2% (59.9) // 54.8% (60.4) // 60.4% (64.3) // 64.8% (69.4)",
        "oppFenwick": "51.4% (44.0) // 55.1% (44.5) // 60.6% (48.1) // 62.5% (50.5)",
        "oppShots": "51.5% (32.9) // 55.7% (32.9) // 59.5% (34.3) // 60.5% (35.3)",
        "oppScoring": "52.9% (29.8) // 55.6% (30.4) // 61.6% (32.7) // 63.4% (34.4)",
        "oppCorsiAgainst": "47.8% (54.9) // 45.2% (49.7) // 39.6% (42.2) // 35.2% (37.7)",
        "oppFenwickAgainst": "48.6% (41.6) // 44.9% (36.2) // 39.4% (31.3) // 37.5% (30.4)",
        "oppShotsAgainst": "48.5% (31.0) // 44.3% (26.2) // 40.5% (23.4) // 39.5% (23.1)",
        "oppScoringAgainst": "47.1% (26.5) // 44.4% (24.3) // 38.4% (20.4) // 36.6% (19.8)",
        "savesPerGame": 26.2,
        "savesPerGameLast1": 25.0,
        "savesPerGameLast3": 25.7,
        "savesPerGameLast5": 24.4,
        "savesPer60": 26.1,
        "savesPer60Last1": 23.4,
        "savesPer60Last3": 25.0,
        "savesPer60Last5": 23.9,
        "shotsPerGame": 32.2,
        "shotsPerGameLast5": 32.4,
        "shotsAgainstPerGame": 28.9,
        "shotsAgainstPerGameLast5": 27.6,
        "oppSavesAgainstPer60": 30.4,
        "oppSavesAgainstPer60Last1": 25.0,
        "oppSavesAgainstPer60Last3": 31.6,
        "oppSavesAgainstPer60Last5": 30.5,
        "oppShotsAgainstPerGame": 31.5,
        "oppShotsAgainstPerGameLast5": 23.6,
        "savesProj": 27.5,
        "savesProjLast5": 25.3,
        "savesProjLast3": 27.3,
        "oppSavesAgainstProj": 28.5,
        "oppSavesAgainstProjLast5": 25.0,
        "oppSavesAgainstProjLast3": 27.3,
        "totalOver": 55,
        "totalOverLast5": 40,
        "lastTotalOver": 80,
        "last5": "1,2,1,3,1,1,3,3,0,3",
        "overOdds": "-175",
        "underOdds": "+135",
        "overUnder": "-175 / +135"
    },
    {
        "player": "Nathan Mackinnon",
        "team": "COL",
        "opponent": "TOR",
        "propType": "sog",
        "line": 4.5,
        "ppLine": "PP1",
        "avg": 5.26,
        "hit": false,
        "diffAvg": 0.17,
        "diffAbs": 0.18,
        "lastAvg": 3.52,
        "diff": -0.22,
        "avgMin": 22,
        "proj": 3.7,
        "lastAvgMin": 21.05,
        "oppOver": 0,
        "teamOver": 0,
        "gameLine": "+125",
        "+/-": "+16",
        "L5_+/-": -1.0,
        "prevMatchup": "2022-12-31 3.0 sog",
        "winLossSplits": "5.57 - 4.64",
        "awayHome": "A",
        "playedYesterday": "N",
        "awayHomeSplits": "5.54 - 4.96",
        "savesAboveExp": 0.388,
        "gsaa": 9.29,
        "corsi": "52.2% (59.9) // 54.8% (60.4) // 60.4% (64.3) // 64.8% (69.4)",
        "fenwick": "51.4% (44.0) // 55.1% (44.5) // 60.6% (48.1) // 62.5% (50.5)",
        "shots": "51.5% (32.9) // 55.7% (32.9) // 59.5% (34.3) // 60.5% (35.3)",
        "scoring": "52.9% (29.8) // 55.6% (30.4) // 61.6% (32.7) // 63.4% (34.4)",
        "corsiAgainst": "47.8% (54.9) // 45.2% (49.7) // 39.6% (42.2) // 35.2% (37.7)",
        "fenwickAgainst": "48.6% (41.6) // 44.9% (36.2) // 39.4% (31.3) // 37.5% (30.4)",
        "shotsAgainst": "48.5% (31.0) // 44.3% (26.2) // 40.5% (23.4) // 39.5% (23.1)",
        "scoringAgainst": "47.1% (26.5) // 44.4% (24.3) // 38.4% (20.4) // 36.6% (19.8)",
        "oppCorsi": "51.3% (57.8) // 49.6% (54.2) // 48.1% (52.0) // 51.6% (56.0)",
        "oppFenwick": "52.2% (44.1) // 51.4% (41.8) // 49.6% (42.0) // 52.9% (45.0)",
        "oppShots": "52.7% (32.0) // 52.5% (31.0) // 50.8% (30.3) // 54.5% (33.0)",
        "oppScoring": "54.1% (33.6) // 51.4% (30.5) // 50.0% (27.7) // 54.0% (30.0)",
        "oppCorsiAgainst": "48.7% (54.9) // 50.4% (55.1) // 51.9% (56.0) // 48.4% (52.5)",
        "oppFenwickAgainst": "47.8% (40.3) // 48.6% (39.5) // 50.4% (42.7) // 47.1% (40.0)",
        "oppShotsAgainst": "47.3% (28.7) // 47.5% (28.1) // 49.2% (29.3) // 45.5% (27.5)",
        "oppScoringAgainst": "45.9% (28.5) // 48.6% (28.8) // 50.0% (27.7) // 46.0% (25.5)",
        "savesPerGame": 28.7,
        "savesPerGameLast1": 15.0,
        "savesPerGameLast3": 19.7,
        "savesPerGameLast5": 20.8,
        "savesPer60": 28.7,
        "savesPer60Last1": 15.0,
        "savesPer60Last3": 19.7,
        "savesPer60Last5": 20.9,
        "shotsPerGame": 33.4,
        "shotsPerGameLast5": 34.6,
        "shotsAgainstPerGame": 31.5,
        "shotsAgainstPerGameLast5": 23.6,
        "oppSavesAgainstPer60": 28.5,
        "oppSavesAgainstPer60Last1": 25.0,
        "oppSavesAgainstPer60Last3": 26.0,
        "oppSavesAgainstPer60Last5": 29.2,
        "oppShotsAgainstPerGame": 28.9,
        "oppShotsAgainstPerGameLast5": 27.6,
        "savesProj": 31.5,
        "savesProjLast5": 23.2,
        "savesProjLast3": 19.4,
        "oppSavesAgainstProj": 28.9,
        "oppSavesAgainstProjLast5": 23.1,
        "oppSavesAgainstProjLast3": 19.7,
        "totalOver": 59,
        "totalOverLast5": 60,
        "lastTotalOver": 55,
        "last5": "5,6,8,4,1,6,6,6,3,3",
        "overOdds": "-115",
        "underOdds": "-125",
        "overUnder": "-115 / -125"
    },
    {
        "player": "Valeri Nichushkin",
        "team": "COL",
        "opponent": "TOR",
        "propType": "sog",
        "line": 2.5,
        "ppLine": "PP2",
        "avg": 2.89,
        "hit": false,
        "diffAvg": 0.16,
        "diffAbs": 0.08,
        "lastAvg": 2.2,
        "diff": -0.12,
        "avgMin": 20,
        "proj": 2.3,
        "lastAvgMin": 19.02,
        "oppOver": 0,
        "teamOver": 0,
        "gameLine": "+125",
        "+/-": "+10",
        "L5_+/-": "+4.0",
        "prevMatchup": "",
        "winLossSplits": "2.85 - 2.98",
        "awayHome": "A",
        "playedYesterday": "N",
        "awayHomeSplits": "3.19 - 2.65",
        "savesAboveExp": 0.388,
        "gsaa": 9.29,
        "corsi": "52.2% (59.9) // 54.8% (60.4) // 60.4% (64.3) // 64.8% (69.4)",
        "fenwick": "51.4% (44.0) // 55.1% (44.5) // 60.6% (48.1) // 62.5% (50.5)",
        "shots": "51.5% (32.9) // 55.7% (32.9) // 59.5% (34.3) // 60.5% (35.3)",
        "scoring": "52.9% (29.8) // 55.6% (30.4) // 61.6% (32.7) // 63.4% (34.4)",
        "corsiAgainst": "47.8% (54.9) // 45.2% (49.7) // 39.6% (42.2) // 35.2% (37.7)",
        "fenwickAgainst": "48.6% (41.6) // 44.9% (36.2) // 39.4% (31.3) // 37.5% (30.4)",
        "shotsAgainst": "48.5% (31.0) // 44.3% (26.2) // 40.5% (23.4) // 39.5% (23.1)",
        "scoringAgainst": "47.1% (26.5) // 44.4% (24.3) // 38.4% (20.4) // 36.6% (19.8)",
        "oppCorsi": "51.3% (57.8) // 49.6% (54.2) // 48.1% (52.0) // 51.6% (56.0)",
        "oppFenwick": "52.2% (44.1) // 51.4% (41.8) // 49.6% (42.0) // 52.9% (45.0)",
        "oppShots": "52.7% (32.0) // 52.5% (31.0) // 50.8% (30.3) // 54.5% (33.0)",
        "oppScoring": "54.1% (33.6) // 51.4% (30.5) // 50.0% (27.7) // 54.0% (30.0)",
        "oppCorsiAgainst": "48.7% (54.9) // 50.4% (55.1) // 51.9% (56.0) // 48.4% (52.5)",
        "oppFenwickAgainst": "47.8% (40.3) // 48.6% (39.5) // 50.4% (42.7) // 47.1% (40.0)",
        "oppShotsAgainst": "47.3% (28.7) // 47.5% (28.1) // 49.2% (29.3) // 45.5% (27.5)",
        "oppScoringAgainst": "45.9% (28.5) // 48.6% (28.8) // 50.0% (27.7) // 46.0% (25.5)",
        "savesPerGame": 28.7,
        "savesPerGameLast1": 15.0,
        "savesPerGameLast3": 19.7,
        "savesPerGameLast5": 20.8,
        "savesPer60": 28.7,
        "savesPer60Last1": 15.0,
        "savesPer60Last3": 19.7,
        "savesPer60Last5": 20.9,
        "shotsPerGame": 33.4,
        "shotsPerGameLast5": 34.6,
        "shotsAgainstPerGame": 31.5,
        "shotsAgainstPerGameLast5": 23.6,
        "oppSavesAgainstPer60": 28.5,
        "oppSavesAgainstPer60Last1": 25.0,
        "oppSavesAgainstPer60Last3": 26.0,
        "oppSavesAgainstPer60Last5": 29.2,
        "oppShotsAgainstPerGame": 28.9,
        "oppShotsAgainstPerGameLast5": 27.6,
        "savesProj": 31.5,
        "savesProjLast5": 23.2,
        "savesProjLast3": 19.4,
        "oppSavesAgainstProj": 28.9,
        "oppSavesAgainstProjLast5": 23.1,
        "oppSavesAgainstProjLast3": 19.7,
        "totalOver": 58,
        "totalOverLast5": 40,
        "lastTotalOver": 64,
        "last5": "2,4,2,1,3,5,1,0,1,1",
        "overOdds": "-115",
        "underOdds": "-125",
        "overUnder": "-115 / -125"
    },
    {
        "player": "William Nylander",
        "team": "TOR",
        "opponent": "COL",
        "propType": "sog",
        "line": 3.5,
        "ppLine": "PP1",
        "avg": 3.59,
        "hit": false,
        "diffAvg": 0.03,
        "diffAbs": 0.17,
        "lastAvg": 2.91,
        "diff": -0.17,
        "avgMin": 18,
        "proj": 2.9,
        "lastAvgMin": 18.27,
        "oppOver": 0,
        "teamOver": 0,
        "gameLine": "-145",
        "+/-": "+15",
        "L5_+/-": -3.0,
        "prevMatchup": "2022-12-31 2.0 sog",
        "winLossSplits": "3.64 - 3.24",
        "awayHome": "H",
        "playedYesterday": "N",
        "awayHomeSplits": "3.35 - 3.8",
        "savesAboveExp": 0.16,
        "gsaa": 16.87,
        "corsi": "51.3% (57.8) // 49.6% (54.2) // 48.1% (52.0) // 51.6% (56.0)",
        "fenwick": "52.2% (44.1) // 51.4% (41.8) // 49.6% (42.0) // 52.9% (45.0)",
        "shots": "52.7% (32.0) // 52.5% (31.0) // 50.8% (30.3) // 54.5% (33.0)",
        "scoring": "54.1% (33.6) // 51.4% (30.5) // 50.0% (27.7) // 54.0% (30.0)",
        "corsiAgainst": "48.7% (54.9) // 50.4% (55.1) // 51.9% (56.0) // 48.4% (52.5)",
        "fenwickAgainst": "47.8% (40.3) // 48.6% (39.5) // 50.4% (42.7) // 47.1% (40.0)",
        "shotsAgainst": "47.3% (28.7) // 47.5% (28.1) // 49.2% (29.3) // 45.5% (27.5)",
