[
    {
        "player": "Eric Comrie",
        "team": "BUF",
        "opponent": "MTL",
        "propType": "sv",
        "line": 24.5,
        "ppLine": "",
        "avg": 27.11,
        "hit": false,
        "diffAvg": 0.11,
        "diffAbs": 0.17,
        "lastAvg": 26.63,
        "diff": 0.09,
        "avgMin": 58,
        "proj": 28.6,
        "lastAvgMin": 53.93,
        "oppOver": 48,
        "teamOver": 72,
        "gameLine": "-175",
        "+/-": 0,
        "L5_+/-": 0,
        "prevMatchup": "2022-10-27 mtl @ buf 31.0 sv, 2022-11-22 buf @ mtl 29.0 sv",
        "winLossSplits": "27.95 - 28.54",
        "awayHome": "H",
        "playedYesterday": "N",
        "awayHomeSplits": "28.0 - 26.22",
        "savesAboveExp": -0.339,
        "gsaa": -11.94,
        "corsi": "51.1% (57.6) // 51.2% (55.9) // 53.7% (56.6) // 49.5% (53.0)",
        "fenwick": "49.7% (43.5) // 49.8% (41.5) // 54.7% (45.2) // 51.8% (43.3)",
        "shots": "49.4% (31.9) // 48.9% (29.5) // 54.4% (31.2) // 52.3% (30.7)",
        "scoring": "49.9% (30.5) // 47.1% (27.0) // 48.2% (27.0) // 44.1% (25.0)",
        "corsiAgainst": "48.9% (55.0) // 48.8% (53.4) // 46.3% (48.8) // 50.5% (54.0)",
        "fenwickAgainst": "50.3% (43.9) // 50.2% (41.8) // 45.3% (37.4) // 48.2% (40.3)",
        "shotsAgainst": "50.6% (32.6) // 51.1% (30.8) // 45.6% (26.2) // 47.7% (28.0)",
        "scoringAgainst": "50.1% (30.6) // 52.9% (30.2) // 51.8% (29.0) // 55.9% (31.7)",
        "oppCorsi": "44.8% (51.0) // 42.6% (47.9) // 47.9% (50.8) // 53.4% (55.3)",
        "oppFenwick": "44.8% (37.2) // 43.6% (35.6) // 50.6% (40.2) // 56.5% (43.7)",
        "oppShots": "44.8% (27.1) // 41.9% (24.5) // 46.9% (26.0) // 51.9% (27.7)",
        "oppScoring": "42.7% (25.2) // 40.0% (22.3) // 44.9% (23.0) // 50.3% (26.0)",
        "oppCorsiAgainst": "55.2% (63.0) // 57.4% (64.6) // 52.1% (55.2) // 46.6% (48.3)",
        "oppFenwickAgainst": "55.2% (45.8) // 56.4% (46.1) // 49.4% (39.2) // 43.5% (33.7)",
        "oppShotsAgainst": "55.2% (33.4) // 58.1% (33.9) // 53.1% (29.5) // 48.1% (25.7)",
        "oppScoringAgainst": "57.3% (33.8) // 60.0% (33.5) // 55.1% (28.2) // 49.7% (25.7)",
        "savesPerGame": 29.2,
        "savesPerGameLast1": 26.0,
        "savesPerGameLast3": 24.3,
        "savesPerGameLast5": 21.6,
        "savesPer60": 29.3,
        "savesPer60Last1": 25.6,
        "savesPer60Last3": 24.1,
        "savesPer60Last5": 21.5,
        "shotsPerGame": 32.2,
        "shotsPerGameLast5": 31.2,
        "shotsAgainstPerGame": 32.9,
        "shotsAgainstPerGameLast5": 26.2,
        "oppSavesAgainstPer60": 24.7,
        "oppSavesAgainstPer60Last1": 24.0,
        "oppSavesAgainstPer60Last3": 23.4,
        "oppSavesAgainstPer60Last5": 22.6,
        "oppShotsAgainstPerGame": 33.7,
        "oppShotsAgainstPerGameLast5": 31.8,
        "savesProj": 23.9,
        "savesProjLast5": 16.1,
        "savesProjLast3": 18.7,
        "oppSavesAgainstProj": 25.5,
        "oppSavesAgainstProjLast5": 17.2,
        "oppSavesAgainstProjLast3": 19.9,
        "totalOver": 56,
        "totalOverLast5": 80,
        "totalOverLast15": 47,
        "lastTotalOver": 84,
        "last5": "26,39,33,36,19,19,18,22,29,20",
        "overOdds": "-125",
        "underOdds": "-105",
        "overUnder": "-125 / -105"
    },
    {
        "player": "Ilya Sorokin",
        "team": "NYI",
        "opponent": "NJ",
        "propType": "sv",
        "line": 29.5,
        "ppLine": "",
        "avg": 27.78,
        "hit": false,
        "diffAvg": -0.06,
        "diffAbs": 0.03,
        "lastAvg": 29.23,
        "diff": -0.01,
        "avgMin": 58,
        "proj": 28.7,
        "lastAvgMin": 59.07,
        "oppOver": 59,
        "teamOver": 42,
        "gameLine": "+110",
        "+/-": 0,
        "L5_+/-": 0,
        "prevMatchup": "2022-10-20 nj @ nyi 39.0 sv, 2022-12-09 nyi @ nj 25.0 sv",
        "winLossSplits": "27.77 - 28.27",
        "awayHome": "H",
        "playedYesterday": "N",
        "awayHomeSplits": "27.72 - 27.83",
        "savesAboveExp": 0.704,
        "gsaa": 29.92,
        "corsi": "49.0% (57.8) // 51.7% (59.2) // 49.1% (57.1) // 48.1% (55.8)",
        "fenwick": "49.0% (42.2) // 52.6% (43.6) // 51.2% (43.6) // 49.6% (42.5)",
        "shots": "49.4% (30.2) // 51.7% (30.8) // 51.4% (31.4) // 51.1% (30.9)",
        "scoring": "49.7% (30.3) // 51.5% (29.9) // 48.3% (28.4) // 48.4% (29.2)",
        "corsiAgainst": "51.0% (60.1) // 48.3% (55.2) // 50.9% (59.1) // 51.9% (60.1)",
        "fenwickAgainst": "51.0% (44.0) // 47.4% (39.3) // 48.8% (41.6) // 50.4% (43.2)",
        "shotsAgainst": "50.6% (31.0) // 48.3% (28.8) // 48.6% (29.7) // 48.9% (29.6)",
        "scoringAgainst": "50.3% (30.7) // 48.5% (28.1) // 51.7% (30.4) // 51.6% (31.2)",
        "oppCorsi": "53.5% (63.3) // 53.7% (64.0) // 53.8% (65.9) // 57.1% (70.4)",
        "oppFenwick": "53.8% (46.8) // 54.0% (46.9) // 53.7% (49.8) // 55.8% (51.3)",
        "oppShots": "55.0% (34.0) // 55.3% (33.8) // 56.0% (37.0) // 57.9% (37.0)",
        "oppScoring": "55.9% (34.5) // 58.4% (35.9) // 57.1% (36.2) // 61.7% (39.3)",
        "oppCorsiAgainst": "46.5% (55.0) // 46.3% (55.2) // 46.2% (56.7) // 42.9% (52.9)",
        "oppFenwickAgainst": "46.2% (40.2) // 46.0% (39.9) // 46.3% (42.9) // 44.2% (40.5)",
        "oppShotsAgainst": "45.0% (27.8) // 44.7% (27.3) // 44.0% (29.1) // 42.1% (26.9)",
        "oppScoringAgainst": "44.1% (27.3) // 41.6% (25.6) // 42.9% (27.2) // 38.3% (24.3)",
        "savesPerGame": 28.6,
        "savesPerGameLast1": 33.0,
        "savesPerGameLast3": 26.7,
        "savesPerGameLast5": 25.8,
        "savesPer60": 28.6,
        "savesPer60Last1": 32.1,
        "savesPer60Last3": 26.5,
        "savesPer60Last5": 25.7,
        "shotsPerGame": 30.6,
        "shotsPerGameLast5": 31.8,
        "shotsAgainstPerGame": 31.3,
        "shotsAgainstPerGameLast5": 28.4,
        "oppSavesAgainstPer60": 31.1,
        "oppSavesAgainstPer60Last1": 30.0,
        "oppSavesAgainstPer60Last3": 34.4,
        "oppSavesAgainstPer60Last5": 33.8,
        "oppShotsAgainstPerGame": 28.2,
        "oppShotsAgainstPerGameLast5": 29.6,
        "savesProj": 34.5,
        "savesProjLast5": 34.2,
        "savesProjLast3": 35.7,
        "oppSavesAgainstProj": 31.4,
        "oppSavesAgainstProjLast5": 31.7,
        "oppSavesAgainstProjLast3": 32.7,
        "totalOver": 41,
        "totalOverLast5": 20,
        "totalOverLast15": 40,
        "lastTotalOver": 40,
        "last5": "22,25,29,20,32,33,22,22,30,26",
        "overOdds": "-120",
        "underOdds": "-110",
        "overUnder": "-120 / -110"
    },
    {
        "player": "Vitek Vanecek",
        "team": "NJ",
        "opponent": "NYI",
        "propType": "sv",
        "line": 25.5,
        "ppLine": "",
        "avg": 23.22,
        "hit": false,
        "diffAvg": -0.09,
        "diffAbs": 0.08,
        "lastAvg": 23.05,
        "diff": -0.1,
        "avgMin": 56,
        "proj": 23.4,
        "lastAvgMin": 55.17,
        "oppOver": 59,
        "teamOver": 42,
        "gameLine": "-130",
        "+/-": 0,
        "L5_+/-": 0,
        "prevMatchup": "2022-10-20 nj @ nyi 16.0 sv, 2022-12-09 nyi @ nj 26.0 sv",
        "winLossSplits": "26.93 - 20.12",
        "awayHome": "A",
        "playedYesterday": "N",
        "awayHomeSplits": "24.48 - 22.16",
        "savesAboveExp": 0.109,
        "gsaa": 5.74,
        "corsi": "53.5% (63.3) // 53.7% (64.0) // 53.8% (65.9) // 57.1% (70.4)",
        "fenwick": "53.8% (46.8) // 54.0% (46.9) // 53.7% (49.8) // 55.8% (51.3)",
        "shots": "55.0% (34.0) // 55.3% (33.8) // 56.0% (37.0) // 57.9% (37.0)",
        "scoring": "55.9% (34.5) // 58.4% (35.9) // 57.1% (36.2) // 61.7% (39.3)",
        "corsiAgainst": "46.5% (55.0) // 46.3% (55.2) // 46.2% (56.7) // 42.9% (52.9)",
        "fenwickAgainst": "46.2% (40.2) // 46.0% (39.9) // 46.3% (42.9) // 44.2% (40.5)",
        "shotsAgainst": "45.0% (27.8) // 44.7% (27.3) // 44.0% (29.1) // 42.1% (26.9)",
        "scoringAgainst": "44.1% (27.3) // 41.6% (25.6) // 42.9% (27.2) // 38.3% (24.3)",
        "oppCorsi": "49.0% (57.8) // 51.7% (59.2) // 49.1% (57.1) // 48.1% (55.8)",
        "oppFenwick": "49.0% (42.2) // 52.6% (43.6) // 51.2% (43.6) // 49.6% (42.5)",
        "oppShots": "49.4% (30.2) // 51.7% (30.8) // 51.4% (31.4) // 51.1% (30.9)",
        "oppScoring": "49.7% (30.3) // 51.5% (29.9) // 48.3% (28.4) // 48.4% (29.2)",
        "oppCorsiAgainst": "51.0% (60.1) // 48.3% (55.2) // 50.9% (59.1) // 51.9% (60.1)",
        "oppFenwickAgainst": "51.0% (44.0) // 47.4% (39.3) // 48.8% (41.6) // 50.4% (43.2)",
        "oppShotsAgainst": "50.6% (31.0) // 48.3% (28.8) // 48.6% (29.7) // 48.9% (29.6)",
        "oppScoringAgainst": "50.3% (30.7) // 48.5% (28.1) // 51.7% (30.4) // 51.6% (31.2)",
        "savesPerGame": 25.5,
        "savesPerGameLast1": 25.0,
        "savesPerGameLast3": 24.3,
        "savesPerGameLast5": 26.4,
        "savesPer60": 25.7,
        "savesPer60Last1": 25.0,
        "savesPer60Last3": 24.8,
        "savesPer60Last5": 26.5,
        "shotsPerGame": 34.5,
        "shotsPerGameLast5": 37.6,
        "shotsAgainstPerGame": 28.2,
        "shotsAgainstPerGameLast5": 29.6,
        "oppSavesAgainstPer60": 27.6,
        "oppSavesAgainstPer60Last1": 26.0,
        "oppSavesAgainstPer60Last3": 27.3,
        "oppSavesAgainstPer60Last5": 27.6,
        "oppShotsAgainstPerGame": 31.3,
        "oppShotsAgainstPerGameLast5": 28.4,
        "savesProj": 24.8,
        "savesProjLast5": 25.6,
        "savesProjLast3": 23.7,
        "oppSavesAgainstProj": 24.9,
        "oppSavesAgainstProjLast5": 24.2,
        "oppSavesAgainstProjLast3": 22.8,
        "totalOver": 37,
        "totalOverLast5": 60,
        "totalOverLast15": 40,
        "lastTotalOver": 36,
        "last5": "17,27,22,26,32,21,25,14,19,13",
        "overOdds": "-115",
        "underOdds": "-115",
        "overUnder": "-115 / -115"
    },
    {
        "player": "Marc-Andre Fleury",
        "team": "MIN",
        "opponent": "SEA",
        "propType": "sv",
        "line": 27.5,
        "ppLine": "",
        "avg": 26.74,
        "hit": false,
        "diffAvg": -0.03,
        "diffAbs": 0.09,
        "lastAvg": 25.79,
        "diff": -0.06,
        "avgMin": 57,
        "proj": 25.1,
        "lastAvgMin": 58.65,
        "oppOver": 49,
        "teamOver": 53,
        "gameLine": "-130",
        "+/-": 0,
        "L5_+/-": 0,
        "prevMatchup": "2022-11-03 sea @ min 19.0 sv, 2022-11-11 min @ sea 28.0 sv",
        "winLossSplits": "25.92 - 29.0",
        "awayHome": "H",
        "playedYesterday": "N",
        "awayHomeSplits": "29.83 - 23.0",
        "savesAboveExp": 0.141,
        "gsaa": "-",
        "corsi": "50.3% (57.7) // 48.0% (54.7) // 48.6% (55.6) // 47.0% (53.7)",
        "fenwick": "51.3% (43.6) // 49.3% (43.0) // 48.8% (43.7) // 47.3% (41.1)",
        "shots": "50.5% (30.7) // 47.0% (30.0) // 45.4% (28.8) // 42.6% (24.6)",
        "scoring": "51.0% (28.3) // 48.4% (26.3) // 48.2% (25.4) // 44.5% (23.1)",
        "corsiAgainst": "49.7% (56.9) // 52.0% (59.2) // 51.4% (58.8) // 53.0% (60.6)",
        "fenwickAgainst": "48.7% (41.4) // 50.7% (44.3) // 51.2% (45.9) // 52.7% (45.8)",
        "shotsAgainst": "49.5% (30.0) // 53.0% (33.8) // 54.6% (34.6) // 57.4% (33.2)",
        "scoringAgainst": "49.0% (27.3) // 51.6% (28.0) // 51.8% (27.3) // 55.5% (28.7)",
        "oppCorsi": "51.6% (57.1) // 52.6% (57.0) // 53.6% (56.6) // 51.5% (54.6)",
        "oppFenwick": "51.9% (42.8) // 55.0% (45.4) // 56.1% (45.9) // 54.6% (44.0)",
        "oppShots": "52.4% (30.0) // 55.5% (31.4) // 58.7% (31.8) // 57.7% (30.2)",
        "oppScoring": "50.0% (27.5) // 52.4% (27.7) // 54.5% (28.0) // 54.7% (27.9)",
        "oppCorsiAgainst": "48.4% (53.4) // 47.4% (51.3) // 46.4% (49.1) // 48.5% (51.4)",
        "oppFenwickAgainst": "48.1% (39.7) // 45.0% (37.2) // 43.9% (36.0) // 45.4% (36.6)",
        "oppShotsAgainst": "47.6% (27.3) // 44.5% (25.1) // 41.3% (22.4) // 42.3% (22.2)",
        "oppScoringAgainst": "50.0% (27.5) // 47.6% (25.1) // 45.5% (23.3) // 45.3% (23.1)",
        "savesPerGame": 28.0,
        "savesPerGameLast1": 22.0,
        "savesPerGameLast3": 33.0,
        "savesPerGameLast5": 33.0,
        "savesPer60": 28.3,
        "savesPer60Last1": 22.0,
        "savesPer60Last3": 34.7,
        "savesPer60Last5": 33.8,
        "shotsPerGame": 31.3,
        "shotsPerGameLast5": 29.8,
        "shotsAgainstPerGame": 30.7,
        "shotsAgainstPerGameLast5": 35.8,
        "oppSavesAgainstPer60": 26.6,
        "oppSavesAgainstPer60Last1": 31.3,
        "oppSavesAgainstPer60Last3": 26.8,
        "oppSavesAgainstPer60Last5": 28.4,
        "oppShotsAgainstPerGame": 27.5,
        "oppShotsAgainstPerGameLast5": 24.8,
        "savesProj": 30.8,
        "savesProjLast5": 39.7,
        "savesProjLast3": 38.2,
        "oppSavesAgainstProj": 26.8,
        "oppSavesAgainstProjLast5": 33.1,
        "oppSavesAgainstProjLast3": 31.7,
        "totalOver": 52,
        "totalOverLast5": 100,
        "totalOverLast15": 67,
        "lastTotalOver": 48,
        "last5": "30,33,31,35,46,21,22,30,16,18",
        "overOdds": "-105",
        "underOdds": "-125",
        "overUnder": "-105 / -125"
    }
]