[
    {
        "player": "Bryan Rust",
        "team": "PIT",
        "opponent": "COL",
        "propType": "sog",
        "line": 2.5,
        "ppLine": "PP2",
        "avg": 2.58,
        "hit": false,
        "diffAvg": 0.03,
        "diffAbs": 0.04,
        "lastAvg": 2.69,
        "diff": 0.08,
        "avgMin": 17,
        "proj": 2.4,
        "lastAvgMin": 18.77,
        "oppOver": 0,
        "teamOver": 0,
        "gameLine": "+140",
        "+/-": -10,
        "L5_+/-": -3.0,
        "prevMatchup": "2023-02-07 4.0 sog",
        "winLossSplits": "2.58 - 2.38",
        "awayHome": "A",
        "playedYesterday": "N",
        "awayHomeSplits": "2.09 - 3.09",
        "savesAboveExp": 0.16,
        "gsaa": 23.16,
        "corsi": "51.7% (62.7) // 55.3% (67.5) // 57.9% (72.0) // 58.0% (72.3)",
        "fenwick": "51.5% (46.8) // 55.7% (49.9) // 59.0% (52.3) // 58.2% (52.0)",
        "shots": "50.8% (33.8) // 56.0% (36.6) // 59.4% (38.2) // 58.8% (38.0)",
        "scoring": "52.4% (33.0) // 58.0% (36.1) // 62.3% (40.4) // 61.7% (39.7)",
        "corsiAgainst": "48.3% (58.6) // 44.7% (54.5) // 42.1% (52.3) // 42.0% (52.3)",
        "fenwickAgainst": "48.5% (44.0) // 44.3% (39.7) // 41.0% (36.4) // 41.8% (37.3)",
        "shotsAgainst": "49.2% (32.8) // 44.0% (28.7) // 40.6% (26.1) // 41.2% (26.7)",
        "scoringAgainst": "47.6% (29.9) // 42.0% (26.1) // 37.7% (24.5) // 38.3% (24.7)",
        "oppCorsi": "52.1% (59.7) // 56.0% (61.0) // 53.3% (57.4) // 48.2% (54.3)",
        "oppFenwick": "51.4% (43.8) // 56.1% (44.7) // 52.7% (40.7) // 48.6% (40.7)",
        "oppShots": "51.4% (32.6) // 55.1% (31.8) // 52.3% (28.9) // 46.7% (28.3)",
        "oppScoring": "53.1% (30.0) // 58.8% (32.4) // 57.9% (33.0) // 54.5% (32.3)",
        "oppCorsiAgainst": "47.9% (54.8) // 44.0% (47.9) // 46.7% (50.4) // 51.8% (58.3)",
        "oppFenwickAgainst": "48.6% (41.4) // 43.9% (35.0) // 47.3% (36.6) // 51.4% (43.0)",
        "oppShotsAgainst": "48.6% (30.9) // 44.9% (25.9) // 47.7% (26.4) // 53.3% (32.3)",
        "oppScoringAgainst": "46.9% (26.4) // 41.2% (22.7) // 42.1% (24.0) // 45.5% (27.0)",
        "savesPerGame": 29.9,
        "savesPerGameLast1": 19.0,
        "savesPerGameLast3": 22.7,
        "savesPerGameLast5": 22.2,
        "savesPer60": 30.0,
        "savesPer60Last1": 18.5,
        "savesPer60Last3": 22.3,
        "savesPer60Last5": 22.0,
        "shotsPerGame": 34.2,
        "shotsPerGameLast5": 38.4,
        "shotsAgainstPerGame": 33.2,
        "shotsAgainstPerGameLast5": 26.2,
        "oppSavesAgainstPer60": 30.0,
        "oppSavesAgainstPer60Last1": 27.0,
        "oppSavesAgainstPer60Last3": 23.5,
        "oppSavesAgainstPer60Last5": 24.7,
        "oppShotsAgainstPerGame": 31.3,
        "oppShotsAgainstPerGameLast5": 26.8,
        "savesProj": 31.3,
        "savesProjLast5": 18.9,
        "savesProjLast3": 18.2,
        "oppSavesAgainstProj": 31.7,
        "oppSavesAgainstProjLast5": 19.4,
        "oppSavesAgainstProjLast3": 18.4,
        "totalOver": 39,
        "totalOverLast5": 20,
        "lastTotalOver": 54,
        "last5": "6,2,1,2,2,3,0,2,1,3",
        "overOdds": "-110",
        "underOdds": "-120",
        "overUnder": "-110 / -120"
    },
    {
        "player": "Evgeni Malkin",
        "team": "PIT",
        "opponent": "COL",
        "propType": "sog",
        "line": 2.5,
        "ppLine": "PP1",
        "avg": 2.87,
        "hit": false,
        "diffAvg": 0.15,
        "diffAbs": 0.04,
        "lastAvg": 2.69,
        "diff": 0.08,
        "avgMin": 18,
        "proj": 2.6,
        "lastAvgMin": 18.32,
        "oppOver": 0,
        "teamOver": 0,
        "gameLine": "+140",
        "+/-": -8,
        "L5_+/-": -3.0,
        "prevMatchup": "2023-02-07 4.0 sog",
        "winLossSplits": "3.27 - 2.33",
        "awayHome": "A",
        "playedYesterday": "N",
        "awayHomeSplits": "2.63 - 3.11",
        "savesAboveExp": 0.16,
        "gsaa": 23.16,
        "corsi": "51.7% (62.7) // 55.3% (67.5) // 57.9% (72.0) // 58.0% (72.3)",
        "fenwick": "51.5% (46.8) // 55.7% (49.9) // 59.0% (52.3) // 58.2% (52.0)",
        "shots": "50.8% (33.8) // 56.0% (36.6) // 59.4% (38.2) // 58.8% (38.0)",
        "scoring": "52.4% (33.0) // 58.0% (36.1) // 62.3% (40.4) // 61.7% (39.7)",
        "corsiAgainst": "48.3% (58.6) // 44.7% (54.5) // 42.1% (52.3) // 42.0% (52.3)",
        "fenwickAgainst": "48.5% (44.0) // 44.3% (39.7) // 41.0% (36.4) // 41.8% (37.3)",
        "shotsAgainst": "49.2% (32.8) // 44.0% (28.7) // 40.6% (26.1) // 41.2% (26.7)",
        "scoringAgainst": "47.6% (29.9) // 42.0% (26.1) // 37.7% (24.5) // 38.3% (24.7)",
        "oppCorsi": "52.1% (59.7) // 56.0% (61.0) // 53.3% (57.4) // 48.2% (54.3)",
        "oppFenwick": "51.4% (43.8) // 56.1% (44.7) // 52.7% (40.7) // 48.6% (40.7)",
        "oppShots": "51.4% (32.6) // 55.1% (31.8) // 52.3% (28.9) // 46.7% (28.3)",
        "oppScoring": "53.1% (30.0) // 58.8% (32.4) // 57.9% (33.0) // 54.5% (32.3)",
        "oppCorsiAgainst": "47.9% (54.8) // 44.0% (47.9) // 46.7% (50.4) // 51.8% (58.3)",
        "oppFenwickAgainst": "48.6% (41.4) // 43.9% (35.0) // 47.3% (36.6) // 51.4% (43.0)",
        "oppShotsAgainst": "48.6% (30.9) // 44.9% (25.9) // 47.7% (26.4) // 53.3% (32.3)",
        "oppScoringAgainst": "46.9% (26.4) // 41.2% (22.7) // 42.1% (24.0) // 45.5% (27.0)",
        "savesPerGame": 29.9,
        "savesPerGameLast1": 19.0,
        "savesPerGameLast3": 22.7,
        "savesPerGameLast5": 22.2,
        "savesPer60": 30.0,
        "savesPer60Last1": 18.5,
        "savesPer60Last3": 22.3,
        "savesPer60Last5": 22.0,
        "shotsPerGame": 34.2,
        "shotsPerGameLast5": 38.4,
        "shotsAgainstPerGame": 33.2,
        "shotsAgainstPerGameLast5": 26.2,
        "oppSavesAgainstPer60": 30.0,
        "oppSavesAgainstPer60Last1": 27.0,
        "oppSavesAgainstPer60Last3": 23.5,
        "oppSavesAgainstPer60Last5": 24.7,
        "oppShotsAgainstPerGame": 31.3,
        "oppShotsAgainstPerGameLast5": 26.8,
        "savesProj": 31.3,
        "savesProjLast5": 18.9,
        "savesProjLast3": 18.2,
        "oppSavesAgainstProj": 31.7,
        "oppSavesAgainstProjLast5": 19.4,
        "oppSavesAgainstProjLast3": 18.4,
        "totalOver": 53,
        "totalOverLast5": 40,
        "lastTotalOver": 50,
        "last5": "4,2,0,3,2,3,1,5,3,1",
        "overOdds": "-130",
        "underOdds": "+100",
        "overUnder": "-130 / +100"
    },
    {
        "player": "Jt Compher",
        "team": "COL",
        "opponent": "PIT",
        "propType": "sog",
        "line": 1.5,
        "ppLine": "PP1",
        "avg": 1.91,
        "hit": false,
        "diffAvg": 0.27,
        "diffAbs": 0.07,
        "lastAvg": 1.13,
        "diff": -0.25,
        "avgMin": 20,
        "proj": 1.4,
        "lastAvgMin": 16.32,
        "oppOver": 0,
        "teamOver": 0,
        "gameLine": "-165",
        "+/-": "+9",
        "L5_+/-": "+1.0",
        "prevMatchup": "2023-02-07 1.0 sog",
        "winLossSplits": "1.67 - 2.15",
        "awayHome": "H",
        "playedYesterday": "N",
        "awayHomeSplits": "1.76 - 2.06",
        "savesAboveExp": 0.033,
        "gsaa": 3.61,
        "corsi": "52.1% (59.7) // 56.0% (61.0) // 53.3% (57.4) // 48.2% (54.3)",
        "fenwick": "51.4% (43.8) // 56.1% (44.7) // 52.7% (40.7) // 48.6% (40.7)",
        "shots": "51.4% (32.6) // 55.1% (31.8) // 52.3% (28.9) // 46.7% (28.3)",
        "scoring": "53.1% (30.0) // 58.8% (32.4) // 57.9% (33.0) // 54.5% (32.3)",
        "corsiAgainst": "47.9% (54.8) // 44.0% (47.9) // 46.7% (50.4) // 51.8% (58.3)",
        "fenwickAgainst": "48.6% (41.4) // 43.9% (35.0) // 47.3% (36.6) // 51.4% (43.0)",
        "shotsAgainst": "48.6% (30.9) // 44.9% (25.9) // 47.7% (26.4) // 53.3% (32.3)",
        "scoringAgainst": "46.9% (26.4) // 41.2% (22.7) // 42.1% (24.0) // 45.5% (27.0)",
        "oppCorsi": "51.7% (62.7) // 55.3% (67.5) // 57.9% (72.0) // 58.0% (72.3)",
        "oppFenwick": "51.5% (46.8) // 55.7% (49.9) // 59.0% (52.3) // 58.2% (52.0)",
        "oppShots": "50.8% (33.8) // 56.0% (36.6) // 59.4% (38.2) // 58.8% (38.0)",
        "oppScoring": "52.4% (33.0) // 58.0% (36.1) // 62.3% (40.4) // 61.7% (39.7)",
        "oppCorsiAgainst": "48.3% (58.6) // 44.7% (54.5) // 42.1% (52.3) // 42.0% (52.3)",
        "oppFenwickAgainst": "48.5% (44.0) // 44.3% (39.7) // 41.0% (36.4) // 41.8% (37.3)",
        "oppShotsAgainst": "49.2% (32.8) // 44.0% (28.7) // 40.6% (26.1) // 41.2% (26.7)",
        "oppScoringAgainst": "47.6% (29.9) // 42.0% (26.1) // 37.7% (24.5) // 38.3% (24.7)",
        "savesPerGame": 28.6,
        "savesPerGameLast1": 27.0,
        "savesPerGameLast3": 30.7,
        "savesPerGameLast5": 24.8,
        "savesPer60": 28.6,
        "savesPer60Last1": 27.0,
        "savesPer60Last3": 30.7,
        "savesPer60Last5": 25.2,
        "shotsPerGame": 33.1,
        "shotsPerGameLast5": 29.4,
        "shotsAgainstPerGame": 31.3,
        "shotsAgainstPerGameLast5": 26.8,
        "oppSavesAgainstPer60": 31.1,
        "oppSavesAgainstPer60Last1": 48.0,
        "oppSavesAgainstPer60Last3": 36.6,
        "oppSavesAgainstPer60Last5": 36.1,
        "oppShotsAgainstPerGame": 33.2,
        "oppShotsAgainstPerGameLast5": 26.2,
        "savesProj": 29.6,
        "savesProjLast5": 30.6,
        "savesProjLast3": 37.9,
        "oppSavesAgainstProj": 31.6,
        "oppSavesAgainstProjLast5": 33.6,
        "oppSavesAgainstProjLast3": 42.0,
        "totalOver": 55,
        "totalOverLast5": 20,
        "lastTotalOver": 39,
        "last5": "1,0,0,1,4,3,2,0,3,1",
        "overOdds": "-175",
        "underOdds": "+140",
        "overUnder": "-175 / +140"
    },
    {
        "player": "Jake Guentzel",
        "team": "PIT",
        "opponent": "COL",
        "propType": "sog",
        "line": 3.5,
        "ppLine": "PP1",
        "avg": 3.21,
        "hit": false,
        "diffAvg": -0.08,
        "diffAbs": 0.11,
        "lastAvg": 3.11,
        "diff": -0.11,
        "avgMin": 20,
        "proj": 3.1,
        "lastAvgMin": 20.08,
        "oppOver": 0,
        "teamOver": 0,
        "gameLine": "+140",
        "+/-": -1,
        "L5_+/-": -6.0,
        "prevMatchup": "2023-02-07 10.0 sog",
        "winLossSplits": "4.05 - 2.36",
        "awayHome": "A",
        "playedYesterday": "N",
        "awayHomeSplits": "2.87 - 3.51",
        "savesAboveExp": 0.16,
        "gsaa": 23.16,
        "corsi": "51.7% (62.7) // 55.3% (67.5) // 57.9% (72.0) // 58.0% (72.3)",
        "fenwick": "51.5% (46.8) // 55.7% (49.9) // 59.0% (52.3) // 58.2% (52.0)",
        "shots": "50.8% (33.8) // 56.0% (36.6) // 59.4% (38.2) // 58.8% (38.0)",
        "scoring": "52.4% (33.0) // 58.0% (36.1) // 62.3% (40.4) // 61.7% (39.7)",
        "corsiAgainst": "48.3% (58.6) // 44.7% (54.5) // 42.1% (52.3) // 42.0% (52.3)",
        "fenwickAgainst": "48.5% (44.0) // 44.3% (39.7) // 41.0% (36.4) // 41.8% (37.3)",
        "shotsAgainst": "49.2% (32.8) // 44.0% (28.7) // 40.6% (26.1) // 41.2% (26.7)",
        "scoringAgainst": "47.6% (29.9) // 42.0% (26.1) // 37.7% (24.5) // 38.3% (24.7)",
        "oppCorsi": "52.1% (59.7) // 56.0% (61.0) // 53.3% (57.4) // 48.2% (54.3)",
        "oppFenwick": "51.4% (43.8) // 56.1% (44.7) // 52.7% (40.7) // 48.6% (40.7)",
        "oppShots": "51.4% (32.6) // 55.1% (31.8) // 52.3% (28.9) // 46.7% (28.3)",
        "oppScoring": "53.1% (30.0) // 58.8% (32.4) // 57.9% (33.0) // 54.5% (32.3)",
        "oppCorsiAgainst": "47.9% (54.8) // 44.0% (47.9) // 46.7% (50.4) // 51.8% (58.3)",
        "oppFenwickAgainst": "48.6% (41.4) // 43.9% (35.0) // 47.3% (36.6) // 51.4% (43.0)",
        "oppShotsAgainst": "48.6% (30.9) // 44.9% (25.9) // 47.7% (26.4) // 53.3% (32.3)",
        "oppScoringAgainst": "46.9% (26.4) // 41.2% (22.7) // 42.1% (24.0) // 45.5% (27.0)",
        "savesPerGame": 29.9,
        "savesPerGameLast1": 19.0,
        "savesPerGameLast3": 22.7,
        "savesPerGameLast5": 22.2,
        "savesPer60": 30.0,
        "savesPer60Last1": 18.5,
        "savesPer60Last3": 22.3,
        "savesPer60Last5": 22.0,
        "shotsPerGame": 34.2,
        "shotsPerGameLast5": 38.4,
        "shotsAgainstPerGame": 33.2,
        "shotsAgainstPerGameLast5": 26.2,
        "oppSavesAgainstPer60": 30.0,
        "oppSavesAgainstPer60Last1": 27.0,
        "oppSavesAgainstPer60Last3": 23.5,
        "oppSavesAgainstPer60Last5": 24.7,
        "oppShotsAgainstPerGame": 31.3,
        "oppShotsAgainstPerGameLast5": 26.8,
        "savesProj": 31.3,
        "savesProjLast5": 18.9,
        "savesProjLast3": 18.2,
        "oppSavesAgainstProj": 31.7,
        "oppSavesAgainstProjLast5": 19.4,
        "oppSavesAgainstProjLast3": 18.4,
        "totalOver": 39,
        "totalOverLast5": 80,
        "lastTotalOver": 47,
        "last5": "5,3,6,6,4,3,3,5,3,4",
        "overOdds": "+100",
        "underOdds": "-130",
        "overUnder": "+100 / -130"
    },
    {
        "player": "Jason Zucker",
        "team": "PIT",
        "opponent": "COL",
        "propType": "sog",
        "line": 2.5,
        "ppLine": "PP2",
        "avg": 2.56,
        "hit": false,
        "diffAvg": 0.02,
        "diffAbs": 0.12,
        "lastAvg": 2.22,
        "diff": -0.11,
        "avgMin": 15,
        "proj": 2.2,
        "lastAvgMin": 14.82,
        "oppOver": 0,
        "teamOver": 0,
        "gameLine": "+140",
        "+/-": 0,
        "L5_+/-": 0.0,
        "prevMatchup": "2023-02-07 5.0 sog",
        "winLossSplits": "2.7 - 2.21",
        "awayHome": "A",
        "playedYesterday": "N",
        "awayHomeSplits": "2.19 - 2.89",
        "savesAboveExp": 0.16,
        "gsaa": 23.16,
        "corsi": "51.7% (62.7) // 55.3% (67.5) // 57.9% (72.0) // 58.0% (72.3)",
        "fenwick": "51.5% (46.8) // 55.7% (49.9) // 59.0% (52.3) // 58.2% (52.0)",
        "shots": "50.8% (33.8) // 56.0% (36.6) // 59.4% (38.2) // 58.8% (38.0)",
        "scoring": "52.4% (33.0) // 58.0% (36.1) // 62.3% (40.4) // 61.7% (39.7)",
        "corsiAgainst": "48.3% (58.6) // 44.7% (54.5) // 42.1% (52.3) // 42.0% (52.3)",
        "fenwickAgainst": "48.5% (44.0) // 44.3% (39.7) // 41.0% (36.4) // 41.8% (37.3)",
        "shotsAgainst": "49.2% (32.8) // 44.0% (28.7) // 40.6% (26.1) // 41.2% (26.7)",
        "scoringAgainst": "47.6% (29.9) // 42.0% (26.1) // 37.7% (24.5) // 38.3% (24.7)",
        "oppCorsi": "52.1% (59.7) // 56.0% (61.0) // 53.3% (57.4) // 48.2% (54.3)",
        "oppFenwick": "51.4% (43.8) // 56.1% (44.7) // 52.7% (40.7) // 48.6% (40.7)",
        "oppShots": "51.4% (32.6) // 55.1% (31.8) // 52.3% (28.9) // 46.7% (28.3)",
        "oppScoring": "53.1% (30.0) // 58.8% (32.4) // 57.9% (33.0) // 54.5% (32.3)",
        "oppCorsiAgainst": "47.9% (54.8) // 44.0% (47.9) // 46.7% (50.4) // 51.8% (58.3)",
        "oppFenwickAgainst": "48.6% (41.4) // 43.9% (35.0) // 47.3% (36.6) // 51.4% (43.0)",
        "oppShotsAgainst": "48.6% (30.9) // 44.9% (25.9) // 47.7% (26.4) // 53.3% (32.3)",
        "oppScoringAgainst": "46.9% (26.4) // 41.2% (22.7) // 42.1% (24.0) // 45.5% (27.0)",
        "savesPerGame": 29.9,
        "savesPerGameLast1": 19.0,
        "savesPerGameLast3": 22.7,
        "savesPerGameLast5": 22.2,
        "savesPer60": 30.0,
        "savesPer60Last1": 18.5,
        "savesPer60Last3": 22.3,
        "savesPer60Last5": 22.0,
        "shotsPerGame": 34.2,
        "shotsPerGameLast5": 38.4,
        "shotsAgainstPerGame": 33.2,
        "shotsAgainstPerGameLast5": 26.2,
        "oppSavesAgainstPer60": 30.0,
        "oppSavesAgainstPer60Last1": 27.0,
        "oppSavesAgainstPer60Last3": 23.5,
        "oppSavesAgainstPer60Last5": 24.7,
        "oppShotsAgainstPerGame": 31.3,
        "oppShotsAgainstPerGameLast5": 26.8,
        "savesProj": 31.3,
        "savesProjLast5": 18.9,
        "savesProjLast3": 18.2,
        "oppSavesAgainstProj": 31.7,
        "oppSavesAgainstProjLast5": 19.4,
        "oppSavesAgainstProjLast3": 18.4,
        "totalOver": 47,
        "totalOverLast5": 80,
        "lastTotalOver": 50,
        "last5": "2,3,4,4,8,4,2,4,2,3",
        "overOdds": "-115",
        "underOdds": "-115",
        "overUnder": "-115 / -115"
    },
    {
        "player": "Kris Letang",
        "team": "PIT",
        "opponent": "COL",
        "propType": "sog",
        "line": 2.5,
        "ppLine": "PP1",
        "avg": 2.42,
        "hit": false,
        "diffAvg": -0.03,
        "diffAbs": 0.08,
        "lastAvg": 2.52,
        "diff": 0.01,
        "avgMin": 24,
        "proj": 2.3,
        "lastAvgMin": 25.77,
        "oppOver": 0,
        "teamOver": 0,
        "gameLine": "+140",
        "+/-": -12,
        "L5_+/-": "+1.0",
        "prevMatchup": "2023-02-07 5.0 sog",
        "winLossSplits": "2.29 - 2.41",
        "awayHome": "A",
        "playedYesterday": "N",
        "awayHomeSplits": "1.89 - 3.0",
        "savesAboveExp": 0.16,
        "gsaa": 23.16,
        "corsi": "51.7% (62.7) // 55.3% (67.5) // 57.9% (72.0) // 58.0% (72.3)",
        "fenwick": "51.5% (46.8) // 55.7% (49.9) // 59.0% (52.3) // 58.2% (52.0)",
        "shots": "50.8% (33.8) // 56.0% (36.6) // 59.4% (38.2) // 58.8% (38.0)",
        "scoring": "52.4% (33.0) // 58.0% (36.1) // 62.3% (40.4) // 61.7% (39.7)",
        "corsiAgainst": "48.3% (58.6) // 44.7% (54.5) // 42.1% (52.3) // 42.0% (52.3)",
        "fenwickAgainst": "48.5% (44.0) // 44.3% (39.7) // 41.0% (36.4) // 41.8% (37.3)",
        "shotsAgainst": "49.2% (32.8) // 44.0% (28.7) // 40.6% (26.1) // 41.2% (26.7)",
        "scoringAgainst": "47.6% (29.9) // 42.0% (26.1) // 37.7% (24.5) // 38.3% (24.7)",
        "oppCorsi": "52.1% (59.7) // 56.0% (61.0) // 53.3% (57.4) // 48.2% (54.3)",
        "oppFenwick": "51.4% (43.8) // 56.1% (44.7) // 52.7% (40.7) // 48.6% (40.7)",
        "oppShots": "51.4% (32.6) // 55.1% (31.8) // 52.3% (28.9) // 46.7% (28.3)",
        "oppScoring": "53.1% (30.0) // 58.8% (32.4) // 57.9% (33.0) // 54.5% (32.3)",
        "oppCorsiAgainst": "47.9% (54.8) // 44.0% (47.9) // 46.7% (50.4) // 51.8% (58.3)",
        "oppFenwickAgainst": "48.6% (41.4) // 43.9% (35.0) // 47.3% (36.6) // 51.4% (43.0)",
        "oppShotsAgainst": "48.6% (30.9) // 44.9% (25.9) // 47.7% (26.4) // 53.3% (32.3)",
        "oppScoringAgainst": "46.9% (26.4) // 41.2% (22.7) // 42.1% (24.0) // 45.5% (27.0)",
        "savesPerGame": 29.9,
        "savesPerGameLast1": 19.0,
        "savesPerGameLast3": 22.7,
        "savesPerGameLast5": 22.2,
        "savesPer60": 30.0,
        "savesPer60Last1": 18.5,
        "savesPer60Last3": 22.3,
        "savesPer60Last5": 22.0,
        "shotsPerGame": 34.2,
        "shotsPerGameLast5": 38.4,
        "shotsAgainstPerGame": 33.2,
        "shotsAgainstPerGameLast5": 26.2,
        "oppSavesAgainstPer60": 30.0,
        "oppSavesAgainstPer60Last1": 27.0,
        "oppSavesAgainstPer60Last3": 23.5,
        "oppSavesAgainstPer60Last5": 24.7,
        "oppShotsAgainstPerGame": 31.3,
        "oppShotsAgainstPerGameLast5": 26.8,
        "savesProj": 31.3,
        "savesProjLast5": 18.9,
        "savesProjLast3": 18.2,
        "oppSavesAgainstProj": 31.7,
        "oppSavesAgainstProjLast5": 19.4,
        "oppSavesAgainstProjLast3": 18.4,
        "totalOver": 46,
        "totalOverLast5": 80,
        "lastTotalOver": 55,
        "last5": "5,3,1,4,3,5,5,2,3,0",
        "overOdds": "-145",
        "underOdds": "+115",
        "overUnder": "-145 / +115"
    },
    {
        "player": "Mikko Rantanen",
        "team": "COL",
        "opponent": "PIT",
        "propType": "sog",
        "line": 3.5,
        "ppLine": "PP1",
        "avg": 3.65,
        "hit": false,
        "diffAvg": 0.04,
        "diffAbs": 0.2,
        "lastAvg": 2.67,
        "diff": -0.24,
        "avgMin": 22,
        "proj": 2.8,
        "lastAvgMin": 20.97,
        "oppOver": 0,
        "teamOver": 0,
        "gameLine": "-165",
        "+/-": "+9",
        "L5_+/-": "+2.0",
        "prevMatchup": "2023-02-07 5.0 sog",
        "winLossSplits": "3.88 - 3.07",
        "awayHome": "H",
        "playedYesterday": "N",
        "awayHomeSplits": "3.88 - 3.43",
        "savesAboveExp": 0.033,
        "gsaa": 3.61,
        "corsi": "52.1% (59.7) // 56.0% (61.0) // 53.3% (57.4) // 48.2% (54.3)",
        "fenwick": "51.4% (43.8) // 56.1% (44.7) // 52.7% (40.7) // 48.6% (40.7)",
        "shots": "51.4% (32.6) // 55.1% (31.8) // 52.3% (28.9) // 46.7% (28.3)",
        "scoring": "53.1% (30.0) // 58.8% (32.4) // 57.9% (33.0) // 54.5% (32.3)",
        "corsiAgainst": "47.9% (54.8) // 44.0% (47.9) // 46.7% (50.4) // 51.8% (58.3)",
        "fenwickAgainst": "48.6% (41.4) // 43.9% (35.0) // 47.3% (36.6) // 51.4% (43.0)",
        "shotsAgainst": "48.6% (30.9) // 44.9% (25.9) // 47.7% (26.4) // 53.3% (32.3)",
        "scoringAgainst": "46.9% (26.4) // 41.2% (22.7) // 42.1% (24.0) // 45.5% (27.0)",
        "oppCorsi": "51.7% (62.7) // 55.3% (67.5) // 57.9% (72.0) // 58.0% (72.3)",
        "oppFenwick": "51.5% (46.8) // 55.7% (49.9) // 59.0% (52.3) // 58.2% (52.0)",
        "oppShots": "50.8% (33.8) // 56.0% (36.6) // 59.4% (38.2) // 58.8% (38.0)",
        "oppScoring": "52.4% (33.0) // 58.0% (36.1) // 62.3% (40.4) // 61.7% (39.7)",
        "oppCorsiAgainst": "48.3% (58.6) // 44.7% (54.5) // 42.1% (52.3) // 42.0% (52.3)",
        "oppFenwickAgainst": "48.5% (44.0) // 44.3% (39.7) // 41.0% (36.4) // 41.8% (37.3)",
        "oppShotsAgainst": "49.2% (32.8) // 44.0% (28.7) // 40.6% (26.1) // 41.2% (26.7)",
        "oppScoringAgainst": "47.6% (29.9) // 42.0% (26.1) // 37.7% (24.5) // 38.3% (24.7)",
        "savesPerGame": 28.6,
        "savesPerGameLast1": 27.0,
        "savesPerGameLast3": 30.7,
        "savesPerGameLast5": 24.8,
        "savesPer60": 28.6,
        "savesPer60Last1": 27.0,
        "savesPer60Last3": 30.7,
        "savesPer60Last5": 25.2,
        "shotsPerGame": 33.1,
        "shotsPerGameLast5": 29.4,
        "shotsAgainstPerGame": 31.3,
        "shotsAgainstPerGameLast5": 26.8,
        "oppSavesAgainstPer60": 31.1,
        "oppSavesAgainstPer60Last1": 48.0,
        "oppSavesAgainstPer60Last3": 36.6,
        "oppSavesAgainstPer60Last5": 36.1,
        "oppShotsAgainstPerGame": 33.2,
        "oppShotsAgainstPerGameLast5": 26.2,
        "savesProj": 29.6,
        "savesProjLast5": 30.6,
        "savesProjLast3": 37.9,
        "oppSavesAgainstProj": 31.6,
        "oppSavesAgainstProjLast5": 33.6,
        "oppSavesAgainstProjLast3": 42.0,
        "totalOver": 39,
        "totalOverLast5": 80,
        "lastTotalOver": 44,
        "last5": "5,2,4,5,5,1,1,1,2,2",
        "overOdds": "-125",
        "underOdds": "-105",
        "overUnder": "-125 / -105"
    },
    {
        "player": "Nathan Mackinnon",
        "team": "COL",
        "opponent": "PIT",
        "propType": "sog",
        "line": 4.5,
        "ppLine": "PP1",
        "avg": 5.19,
        "hit": false,
        "diffAvg": 0.15,
        "diffAbs": 0.18,
        "lastAvg": 3.52,
        "diff": -0.22,
        "avgMin": 22,
        "proj": 3.7,
        "lastAvgMin": 21.05,
        "oppOver": 0,
        "teamOver": 0,
        "gameLine": "-165",
        "+/-": "+20",
        "L5_+/-": -1.0,
        "prevMatchup": "2023-02-07 8.0 sog",
        "winLossSplits": "5.45 - 4.64",
        "awayHome": "H",
        "playedYesterday": "N",
        "awayHomeSplits": "5.35 - 5.0",
        "savesAboveExp": 0.033,
        "gsaa": 3.61,
        "corsi": "52.1% (59.7) // 56.0% (61.0) // 53.3% (57.4) // 48.2% (54.3)",
        "fenwick": "51.4% (43.8) // 56.1% (44.7) // 52.7% (40.7) // 48.6% (40.7)",
        "shots": "51.4% (32.6) // 55.1% (31.8) // 52.3% (28.9) // 46.7% (28.3)",
        "scoring": "53.1% (30.0) // 58.8% (32.4) // 57.9% (33.0) // 54.5% (32.3)",
        "corsiAgainst": "47.9% (54.8) // 44.0% (47.9) // 46.7% (50.4) // 51.8% (58.3)",
        "fenwickAgainst": "48.6% (41.4) // 43.9% (35.0) // 47.3% (36.6) // 51.4% (43.0)",
        "shotsAgainst": "48.6% (30.9) // 44.9% (25.9) // 47.7% (26.4) // 53.3% (32.3)",
        "scoringAgainst": "46.9% (26.4) // 41.2% (22.7) // 42.1% (24.0) // 45.5% (27.0)",
        "oppCorsi": "51.7% (62.7) // 55.3% (67.5) // 57.9% (72.0) // 58.0% (72.3)",
        "oppFenwick": "51.5% (46.8) // 55.7% (49.9) // 59.0% (52.3) // 58.2% (52.0)",
        "oppShots": "50.8% (33.8) // 56.0% (36.6) // 59.4% (38.2) // 58.8% (38.0)",
        "oppScoring": "52.4% (33.0) // 58.0% (36.1) // 62.3% (40.4) // 61.7% (39.7)",
        "oppCorsiAgainst": "48.3% (58.6) // 44.7% (54.5) // 42.1% (52.3) // 42.0% (52.3)",
        "oppFenwickAgainst": "48.5% (44.0) // 44.3% (39.7) // 41.0% (36.4) // 41.8% (37.3)",
        "oppShotsAgainst": "49.2% (32.8) // 44.0% (28.7) // 40.6% (26.1) // 41.2% (26.7)",
        "oppScoringAgainst": "47.6% (29.9) // 42.0% (26.1) // 37.7% (24.5) // 38.3% (24.7)",
        "savesPerGame": 28.6,
        "savesPerGameLast1": 27.0,
        "savesPerGameLast3": 30.7,
        "savesPerGameLast5": 24.8,
        "savesPer60": 28.6,
        "savesPer60Last1": 27.0,
        "savesPer60Last3": 30.7,
        "savesPer60Last5": 25.2,
        "shotsPerGame": 33.1,
        "shotsPerGameLast5": 29.4,
        "shotsAgainstPerGame": 31.3,
        "shotsAgainstPerGameLast5": 26.8,
        "oppSavesAgainstPer60": 31.1,
        "oppSavesAgainstPer60Last1": 48.0,
        "oppSavesAgainstPer60Last3": 36.6,
        "oppSavesAgainstPer60Last5": 36.1,
        "oppShotsAgainstPerGame": 33.2,
        "oppShotsAgainstPerGameLast5": 26.2,
        "savesProj": 29.6,
        "savesProjLast5": 30.6,
        "savesProjLast3": 37.9,
        "oppSavesAgainstProj": 31.6,
        "oppSavesAgainstProjLast5": 33.6,
        "oppSavesAgainstProjLast3": 42.0,
        "totalOver": 59,
        "totalOverLast5": 60,
        "lastTotalOver": 55,
        "last5": "6,3,6,2,5,6,8,4,1,6",
        "overOdds": "-145",
        "underOdds": "+115",
        "overUnder": "-145 / +115"
    },
    {
        "player": "Rickard Rakell",
        "team": "PIT",
        "opponent": "COL",
        "propType": "sog",
        "line": 2.5,
        "ppLine": "PP1",
        "avg": 3.06,
        "hit": false,
        "diffAvg": 0.22,
        "diffAbs": 0.04,
        "lastAvg": 2.56,
        "diff": 0.02,
        "avgMin": 18,
        "proj": 2.6,
        "lastAvgMin": 17.98,
        "oppOver": 0,
        "teamOver": 0,
        "gameLine": "+140",
        "+/-": "+3",
        "L5_+/-": "+1.0",
        "prevMatchup": "2023-02-07 0.0 sog",
        "winLossSplits": "2.87 - 3.06",
        "awayHome": "A",
        "playedYesterday": "N",
        "awayHomeSplits": "2.8 - 3.31",
        "savesAboveExp": 0.16,
        "gsaa": 23.16,
        "corsi": "51.7% (62.7) // 55.3% (67.5) // 57.9% (72.0) // 58.0% (72.3)",
        "fenwick": "51.5% (46.8) // 55.7% (49.9) // 59.0% (52.3) // 58.2% (52.0)",
        "shots": "50.8% (33.8) // 56.0% (36.6) // 59.4% (38.2) // 58.8% (38.0)",
        "scoring": "52.4% (33.0) // 58.0% (36.1) // 62.3% (40.4) // 61.7% (39.7)",
        "corsiAgainst": "48.3% (58.6) // 44.7% (54.5) // 42.1% (52.3) // 42.0% (52.3)",
        "fenwickAgainst": "48.5% (44.0) // 44.3% (39.7) // 41.0% (36.4) // 41.8% (37.3)",
        "shotsAgainst": "49.2% (32.8) // 44.0% (28.7) // 40.6% (26.1) // 41.2% (26.7)",
        "scoringAgainst": "47.6% (29.9) // 42.0% (26.1) // 37.7% (24.5) // 38.3% (24.7)",
        "oppCorsi": "52.1% (59.7) // 56.0% (61.0) // 53.3% (57.4) // 48.2% (54.3)",
        "oppFenwick": "51.4% (43.8) // 56.1% (44.7) // 52.7% (40.7) // 48.6% (40.7)",
        "oppShots": "51.4% (32.6) // 55.1% (31.8) // 52.3% (28.9) // 46.7% (28.3)",
        "oppScoring": "53.1% (30.0) // 58.8% (32.4) // 57.9% (33.0) // 54.5% (32.3)",
        "oppCorsiAgainst": "47.9% (54.8) // 44.0% (47.9) // 46.7% (50.4) // 51.8% (58.3)",
        "oppFenwickAgainst": "48.6% (41.4) // 43.9% (35.0) // 47.3% (36.6) // 51.4% (43.0)",
        "oppShotsAgainst": "48.6% (30.9) // 44.9% (25.9) // 47.7% (26.4) // 53.3% (32.3)",
        "oppScoringAgainst": "46.9% (26.4) // 41.2% (22.7) // 42.1% (24.0) // 45.5% (27.0)",
        "savesPerGame": 29.9,
        "savesPerGameLast1": 19.0,
        "savesPerGameLast3": 22.7,
        "savesPerGameLast5": 22.2,
        "savesPer60": 30.0,
        "savesPer60Last1": 18.5,
        "savesPer60Last3": 22.3,
        "savesPer60Last5": 22.0,
        "shotsPerGame": 34.2,
        "shotsPerGameLast5": 38.4,
        "shotsAgainstPerGame": 33.2,
        "shotsAgainstPerGameLast5": 26.2,
        "oppSavesAgainstPer60": 30.0,
        "oppSavesAgainstPer60Last1": 27.0,
        "oppSavesAgainstPer60Last3": 23.5,
        "oppSavesAgainstPer60Last5": 24.7,
        "oppShotsAgainstPerGame": 31.3,
        "oppShotsAgainstPerGameLast5": 26.8,
        "savesProj": 31.3,
        "savesProjLast5": 18.9,
        "savesProjLast3": 18.2,
        "oppSavesAgainstProj": 31.7,
        "oppSavesAgainstProjLast5": 19.4,
        "oppSavesAgainstProjLast3": 18.4,
        "totalOver": 56,
        "totalOverLast5": 60,
        "lastTotalOver": 49,
        "last5": "2,4,3,6,2,4,3,2,3,4",
        "overOdds": "-135",
        "underOdds": "+105",
        "overUnder": "-135 / +105"
    },
    {
        "player": "Sidney Crosby",
        "team": "PIT",
        "opponent": "COL",
        "propType": "sog",
        "line": 2.5,
        "ppLine": "PP1",
        "avg": 2.96,
        "hit": false,
        "diffAvg": 0.18,
        "diffAbs": 0.12,
        "lastAvg": 2.77,
        "diff": 0.11,
        "avgMin": 20,
        "proj": 2.8,
        "lastAvgMin": 19.97,
        "oppOver": 0,
        "teamOver": 0,
        "gameLine": "+140",
        "+/-": "+3",
        "L5_+/-": -4.0,
        "prevMatchup": "2023-02-07 2.0 sog",
        "winLossSplits": "3.42 - 2.53",
        "awayHome": "A",
        "playedYesterday": "N",
        "awayHomeSplits": "2.86 - 3.06",
        "savesAboveExp": 0.16,
        "gsaa": 23.16,
        "corsi": "51.7% (62.7) // 55.3% (67.5) // 57.9% (72.0) // 58.0% (72.3)",
        "fenwick": "51.5% (46.8) // 55.7% (49.9) // 59.0% (52.3) // 58.2% (52.0)",
        "shots": "50.8% (33.8) // 56.0% (36.6) // 59.4% (38.2) // 58.8% (38.0)",
        "scoring": "52.4% (33.0) // 58.0% (36.1) // 62.3% (40.4) // 61.7% (39.7)",
        "corsiAgainst": "48.3% (58.6) // 44.7% (54.5) // 42.1% (52.3) // 42.0% (52.3)",
        "fenwickAgainst": "48.5% (44.0) // 44.3% (39.7) // 41.0% (36.4) // 41.8% (37.3)",
        "shotsAgainst": "49.2% (32.8) // 44.0% (28.7) // 40.6% (26.1) // 41.2% (26.7)",
        "scoringAgainst": "47.6% (29.9) // 42.0% (26.1) // 37.7% (24.5) // 38.3% (24.7)",
        "oppCorsi": "52.1% (59.7) // 56.0% (61.0) // 53.3% (57.4) // 48.2% (54.3)",
        "oppFenwick": "51.4% (43.8) // 56.1% (44.7) // 52.7% (40.7) // 48.6% (40.7)",
        "oppShots": "51.4% (32.6) // 55.1% (31.8) // 52.3% (28.9) // 46.7% (28.3)",
        "oppScoring": "53.1% (30.0) // 58.8% (32.4) // 57.9% (33.0) // 54.5% (32.3)",
        "oppCorsiAgainst": "47.9% (54.8) // 44.0% (47.9) // 46.7% (50.4) // 51.8% (58.3)",
        "oppFenwickAgainst": "48.6% (41.4) // 43.9% (35.0) // 47.3% (36.6) // 51.4% (43.0)",
        "oppShotsAgainst": "48.6% (30.9) // 44.9% (25.9) // 47.7% (26.4) // 53.3% (32.3)",
        "oppScoringAgainst": "46.9% (26.4) // 41.2% (22.7) // 42.1% (24.0) // 45.5% (27.0)",
        "savesPerGame": 29.9,
        "savesPerGameLast1": 19.0,
        "savesPerGameLast3": 22.7,
        "savesPerGameLast5": 22.2,
        "savesPer60": 30.0,
        "savesPer60Last1": 18.5,
        "savesPer60Last3": 22.3,
        "savesPer60Last5": 22.0,
        "shotsPerGame": 34.2,
        "shotsPerGameLast5": 38.4,
        "shotsAgainstPerGame": 33.2,
        "shotsAgainstPerGameLast5": 26.2,
        "oppSavesAgainstPer60": 30.0,
        "oppSavesAgainstPer60Last1": 27.0,
        "oppSavesAgainstPer60Last3": 23.5,
        "oppSavesAgainstPer60Last5": 24.7,
        "oppShotsAgainstPerGame": 31.3,
        "oppShotsAgainstPerGameLast5": 26.8,
        "savesProj": 31.3,
        "savesProjLast5": 18.9,
        "savesProjLast3": 18.2,
        "oppSavesAgainstProj": 31.7,
        "oppSavesAgainstProjLast5": 19.4,
        "oppSavesAgainstProjLast3": 18.4,
        "totalOver": 53,
        "totalOverLast5": 40,
        "lastTotalOver": 60,
        "last5": "2,0,3,1,8,5,4,4,5,2",
        "overOdds": "-140",
        "underOdds": "+110",
        "overUnder": "-140 / +110"
    },
    {
        "player": "Valeri Nichushkin",
        "team": "COL",
        "opponent": "PIT",
        "propType": "sog",
        "line": 2.5,
        "ppLine": "PP1",
        "avg": 2.8,
        "hit": false,
        "diffAvg": 0.12,
        "diffAbs": 0.12,
        "lastAvg": 2.2,
        "diff": -0.12,
        "avgMin": 19,
        "proj": 2.2,
        "lastAvgMin": 19.02,
        "oppOver": 0,
        "teamOver": 0,
        "gameLine": "-165",
        "+/-": "+13",
        "L5_+/-": "+4.0",
        "prevMatchup": "2023-02-07 3.0 sog",
        "winLossSplits": "2.59 - 2.83",
        "awayHome": "H",
        "playedYesterday": "N",
        "awayHomeSplits": "3.11 - 2.52",
        "savesAboveExp": 0.033,
        "gsaa": 3.61,
        "corsi": "52.1% (59.7) // 56.0% (61.0) // 53.3% (57.4) // 48.2% (54.3)",
        "fenwick": "51.4% (43.8) // 56.1% (44.7) // 52.7% (40.7) // 48.6% (40.7)",
        "shots": "51.4% (32.6) // 55.1% (31.8) // 52.3% (28.9) // 46.7% (28.3)",
        "scoring": "53.1% (30.0) // 58.8% (32.4) // 57.9% (33.0) // 54.5% (32.3)",
        "corsiAgainst": "47.9% (54.8) // 44.0% (47.9) // 46.7% (50.4) // 51.8% (58.3)",
        "fenwickAgainst": "48.6% (41.4) // 43.9% (35.0) // 47.3% (36.6) // 51.4% (43.0)",
        "shotsAgainst": "48.6% (30.9) // 44.9% (25.9) // 47.7% (26.4) // 53.3% (32.3)",
        "scoringAgainst": "46.9% (26.4) // 41.2% (22.7) // 42.1% (24.0) // 45.5% (27.0)",
        "oppCorsi": "51.7% (62.7) // 55.3% (67.5) // 57.9% (72.0) // 58.0% (72.3)",
        "oppFenwick": "51.5% (46.8) // 55.7% (49.9) // 59.0% (52.3) // 58.2% (52.0)",
        "oppShots": "50.8% (33.8) // 56.0% (36.6) // 59.4% (38.2) // 58.8% (38.0)",
        "oppScoring": "52.4% (33.0) // 58.0% (36.1) // 62.3% (40.4) // 61.7% (39.7)",
        "oppCorsiAgainst": "48.3% (58.6) // 44.7% (54.5) // 42.1% (52.3) // 42.0% (52.3)",
        "oppFenwickAgainst": "48.5% (44.0) // 44.3% (39.7) // 41.0% (36.4) // 41.8% (37.3)",
        "oppShotsAgainst": "49.2% (32.8) // 44.0% (28.7) // 40.6% (26.1) // 41.2% (26.7)",
        "oppScoringAgainst": "47.6% (29.9) // 42.0% (26.1) // 37.7% (24.5) // 38.3% (24.7)",
        "savesPerGame": 28.6,
        "savesPerGameLast1": 27.0,
        "savesPerGameLast3": 30.7,
        "savesPerGameLast5": 24.8,
        "savesPer60": 28.6,
        "savesPer60Last1": 27.0,
        "savesPer60Last3": 30.7,
        "savesPer60Last5": 25.2,
        "shotsPerGame": 33.1,
        "shotsPerGameLast5": 29.4,
        "shotsAgainstPerGame": 31.3,
        "shotsAgainstPerGameLast5": 26.8,
        "oppSavesAgainstPer60": 31.1,
        "oppSavesAgainstPer60Last1": 48.0,
        "oppSavesAgainstPer60Last3": 36.6,
        "oppSavesAgainstPer60Last5": 36.1,
        "oppShotsAgainstPerGame": 33.2,
        "oppShotsAgainstPerGameLast5": 26.2,
        "savesProj": 29.6,
        "savesProjLast5": 30.6,
        "savesProjLast3": 37.9,
        "oppSavesAgainstProj": 31.6,
        "oppSavesAgainstProjLast5": 33.6,
        "oppSavesAgainstProjLast3": 42.0,
        "totalOver": 55,
        "totalOverLast5": 20,
        "lastTotalOver": 63,
        "last5": "0,2,2,4,2,4,2,1,3,5",
        "overOdds": "-135",
        "underOdds": "+105",
        "overUnder": "-135 / +105"
    },
    {
        "player": "Barrett Hayton",
        "team": "ARI",
        "opponent": "EDM",
        "propType": "sog",
        "line": 2.5,
        "ppLine": "PP1",
        "avg": 2.23,
        "hit": false,
        "diffAvg": -0.11,
        "diffAbs": 0.44,
        "lastAvg": 1.37,
        "diff": -0.45,
        "avgMin": 17,
        "proj": 1.4,
        "lastAvgMin": 16.12,
        "oppOver": 0,
        "teamOver": 0,
        "gameLine": "+360",
        "+/-": "+2",
        "L5_+/-": "+7.0",
        "prevMatchup": "2022-12-07 1.0 sog",
        "winLossSplits": "1.87 - 2.29",
        "awayHome": "A",
        "playedYesterday": "Y",
        "awayHomeSplits": "2.08 - 2.38",
        "savesAboveExp": 0.118,
        "gsaa": 9.1,
        "corsi": "42.6% (47.5) // 39.7% (46.1) // 41.6% (45.7) // 43.2% (48.0)",
        "fenwick": "42.1% (35.6) // 40.4% (35.5) // 42.2% (34.9) // 42.8% (36.3)",
        "shots": "42.0% (25.5) // 41.1% (25.9) // 42.7% (24.6) // 46.4% (26.0)",
        "scoring": "41.8% (24.9) // 40.4% (23.7) // 41.2% (22.1) // 43.3% (23.7)",
        "corsiAgainst": "57.4% (64.0) // 60.3% (69.9) // 58.4% (64.0) // 56.8% (63.0)",
        "fenwickAgainst": "57.9% (49.1) // 59.6% (52.5) // 57.8% (47.8) // 57.2% (48.7)",
        "shotsAgainst": "58.0% (35.2) // 58.9% (37.1) // 57.3% (33.0) // 53.6% (30.0)",
        "scoringAgainst": "58.2% (34.8) // 59.6% (35.0) // 58.8% (31.4) // 56.7% (31.0)",
        "oppCorsi": "51.6% (59.0) // 51.6% (56.9) // 54.5% (59.3) // 53.7% (59.1)",
        "oppFenwick": "51.1% (44.6) // 51.3% (44.4) // 54.7% (47.1) // 55.0% (48.1)",
        "oppShots": "51.2% (33.0) // 49.7% (32.0) // 52.1% (33.8) // 52.5% (34.1)",
        "oppScoring": "53.2% (32.5) // 53.9% (32.4) // 57.2% (36.0) // 55.4% (35.1)",
        "oppCorsiAgainst": "48.4% (55.3) // 48.4% (53.5) // 45.5% (49.5) // 46.3% (51.0)",
        "oppFenwickAgainst": "48.9% (42.6) // 48.7% (42.3) // 45.3% (39.0) // 45.0% (39.3)",
        "oppShotsAgainst": "48.8% (31.5) // 50.3% (32.4) // 47.9% (31.1) // 47.5% (30.9)",
        "oppScoringAgainst": "46.8% (28.6) // 46.1% (27.8) // 42.8% (27.0) // 44.6% (28.3)",
        "savesPerGame": 32.3,
        "savesPerGameLast1": 23.0,
        "savesPerGameLast3": 28.0,
        "savesPerGameLast5": 31.2,
        "savesPer60": 32.5,
        "savesPer60Last1": 22.8,
        "savesPer60Last3": 27.9,
        "savesPer60Last5": 31.9,
        "shotsPerGame": 25.8,
        "shotsPerGameLast5": 25.2,
        "shotsAgainstPerGame": 35.7,
        "shotsAgainstPerGameLast5": 33.8,
        "oppSavesAgainstPer60": 29.4,
        "oppSavesAgainstPer60Last1": 46.0,
        "oppSavesAgainstPer60Last3": 29.6,
        "oppSavesAgainstPer60Last5": 27.4,
        "oppShotsAgainstPerGame": 31.8,
        "oppShotsAgainstPerGameLast5": 33.0,
        "savesProj": 33.5,
        "savesProjLast5": 30.9,
        "savesProjLast3": 29.0,
        "oppSavesAgainstProj": 33.6,
        "oppSavesAgainstProjLast5": 30.5,
        "oppSavesAgainstProjLast3": 31.8,
        "totalOver": 35,
        "totalOverLast5": 60,
        "lastTotalOver": 20,
        "last5": "4,2,5,2,6,3,3,1,1,2",
        "overOdds": "+115",
        "underOdds": "-145",
        "overUnder": "+115 / -145"
    },
    {
        "player": "Clayton Keller",
        "team": "ARI",
        "opponent": "EDM",
        "propType": "sog",
        "line": 2.5,
        "ppLine": "PP1",
        "avg": 2.56,
        "hit": false,
        "diffAvg": 0.02,
        "diffAbs": 0.0,
        "lastAvg": 2.57,
        "diff": 0.03,
        "avgMin": 20,
        "proj": 2.5,
        "lastAvgMin": 20.13,
        "oppOver": 0,
        "teamOver": 0,
        "gameLine": "+360",
        "+/-": 0,
        "L5_+/-": "+9.0",
        "prevMatchup": "2022-12-07 0.0 sog",
        "winLossSplits": "2.53 - 2.4",
        "awayHome": "A",
        "playedYesterday": "Y",
        "awayHomeSplits": "2.24 - 2.91",
        "savesAboveExp": 0.118,
        "gsaa": 9.1,
        "corsi": "42.6% (47.5) // 39.7% (46.1) // 41.6% (45.7) // 43.2% (48.0)",
        "fenwick": "42.1% (35.6) // 40.4% (35.5) // 42.2% (34.9) // 42.8% (36.3)",
        "shots": "42.0% (25.5) // 41.1% (25.9) // 42.7% (24.6) // 46.4% (26.0)",
        "scoring": "41.8% (24.9) // 40.4% (23.7) // 41.2% (22.1) // 43.3% (23.7)",
        "corsiAgainst": "57.4% (64.0) // 60.3% (69.9) // 58.4% (64.0) // 56.8% (63.0)",
        "fenwickAgainst": "57.9% (49.1) // 59.6% (52.5) // 57.8% (47.8) // 57.2% (48.7)",
        "shotsAgainst": "58.0% (35.2) // 58.9% (37.1) // 57.3% (33.0) // 53.6% (30.0)",
