[
    {
        "player": "Tj Brodie",
        "team": "TOR",
        "opponent": "FLA",
        "propType": "bs",
        "line": 1.5,
        "ppLine": "",
        "avg": 1.84,
        "hit": false,
        "diffAvg": 0.23,
        "diffAbs": 1.0,
        "lastAvg": 0.0,
        "diff": 0,
        "avgMin": 21,
        "proj": 0.0,
        "lastAvgMin": 21.3,
        "oppOver": 0,
        "teamOver": 0,
        "gameLine": "-145",
        "+/-": "+11",
        "L5_+/-": "+5.0",
        "prevMatchup": "2023-03-23 1.0 bs",
        "winLossSplits": "2.06 - 1.58",
        "awayHome": "H",
        "playedYesterday": "N",
        "awayHomeSplits": "1.54 - 2.12",
        "savesAboveExp": -0.102,
        "gsaa": -4.33,
        "corsi": "50.9% (57.4) // 47.8% (53.8) // 57.7% (65.2) // 57.6% (66.7)",
        "fenwick": "51.7% (43.7) // 47.7% (40.5) // 56.4% (48.2) // 57.0% (50.3)",
        "shots": "52.1% (31.6) // 47.9% (28.9) // 53.0% (33.0) // 54.4% (35.0)",
        "scoring": "54.0% (33.4) // 51.8% (30.4) // 63.3% (38.8) // 64.7% (41.0)",
        "corsiAgainst": "49.1% (55.4) // 52.2% (58.7) // 42.3% (47.8) // 42.4% (49.0)",
        "fenwickAgainst": "48.3% (40.8) // 52.3% (44.4) // 43.6% (37.2) // 43.0% (38.0)",
        "shotsAgainst": "47.9% (29.0) // 52.1% (31.5) // 47.0% (29.2) // 45.6% (29.3)",
        "scoringAgainst": "46.0% (28.5) // 48.2% (28.3) // 36.7% (22.5) // 35.3% (22.3)",
        "oppCorsi": "54.5% (66.4) // 59.4% (68.7) // 57.8% (66.2) // 55.0% (64.7)",
        "oppFenwick": "53.9% (50.0) // 57.3% (50.5) // 56.4% (49.2) // 53.8% (47.3)",
        "oppShots": "53.9% (36.6) // 57.5% (37.5) // 54.8% (34.4) // 51.8% (34.3)",
        "oppScoring": "54.9% (34.8) // 59.6% (34.4) // 56.3% (32.2) // 53.0% (29.7)",
        "oppCorsiAgainst": "45.5% (55.4) // 40.6% (47.0) // 42.2% (48.4) // 45.0% (53.0)",
        "oppFenwickAgainst": "46.1% (42.8) // 42.7% (37.6) // 43.6% (38.0) // 46.2% (40.7)",
        "oppShotsAgainst": "46.1% (31.4) // 42.5% (27.8) // 45.2% (28.4) // 48.2% (32.0)",
        "oppScoringAgainst": "45.1% (28.6) // 40.4% (23.3) // 43.7% (25.0) // 47.0% (26.3)",
        "savesPerGame": 26.5,
        "savesPerGameLast1": 23.0,
        "savesPerGameLast3": 26.3,
        "savesPerGameLast5": 29.8,
        "savesPer60": 26.5,
        "savesPer60Last1": 23.0,
        "savesPer60Last3": 26.1,
        "savesPer60Last5": 30.1,
        "shotsPerGame": 31.8,
        "shotsPerGameLast5": 32.2,
        "shotsAgainstPerGame": 29.3,
        "shotsAgainstPerGameLast5": 33.8,
        "oppSavesAgainstPer60": 33.3,
        "oppSavesAgainstPer60Last1": 32.9,
        "oppSavesAgainstPer60Last3": 31.8,
        "oppSavesAgainstPer60Last5": 31.3,
        "oppShotsAgainstPerGame": 31.6,
        "oppShotsAgainstPerGameLast5": 28.4,
        "savesProj": 31.7,
        "savesProjLast5": 33.7,
        "savesProjLast3": 29.8,
        "oppSavesAgainstProj": 31.4,
        "oppSavesAgainstProjLast5": 31.1,
        "oppSavesAgainstProjLast3": 27.2,
        "totalOver": 58,
        "totalOverLast5": 60,
        "totalOverLast15": 67,
        "lastTotalOver": 0,
        "last5": "0,2,1,3,3,3,2,3,1,2",
        "overOdds": "-165",
        "underOdds": "+135",
        "overUnder": "-165 / +135"
    },
    {
        "player": "Justin Holl",
        "team": "TOR",
        "opponent": "FLA",
        "propType": "bs",
        "line": 1.5,
        "ppLine": "",
        "avg": 1.77,
        "hit": false,
        "diffAvg": 0.18,
        "diffAbs": 1.0,
        "lastAvg": 0.0,
        "diff": 0,
        "avgMin": 20,
        "proj": 0.0,
        "lastAvgMin": 20.2,
        "oppOver": 0,
        "teamOver": 0,
        "gameLine": "-145",
        "+/-": "+17",
        "L5_+/-": "+2.0",
        "prevMatchup": "2023-03-23 2.0 bs 2023-01-17 2.0 bs",
        "winLossSplits": "1.85 - 1.59",
        "awayHome": "H",
        "playedYesterday": "N",
        "awayHomeSplits": "1.89 - 1.66",
        "savesAboveExp": -0.102,
        "gsaa": -4.33,
        "corsi": "50.9% (57.4) // 47.8% (53.8) // 57.7% (65.2) // 57.6% (66.7)",
        "fenwick": "51.7% (43.7) // 47.7% (40.5) // 56.4% (48.2) // 57.0% (50.3)",
        "shots": "52.1% (31.6) // 47.9% (28.9) // 53.0% (33.0) // 54.4% (35.0)",
        "scoring": "54.0% (33.4) // 51.8% (30.4) // 63.3% (38.8) // 64.7% (41.0)",
        "corsiAgainst": "49.1% (55.4) // 52.2% (58.7) // 42.3% (47.8) // 42.4% (49.0)",
        "fenwickAgainst": "48.3% (40.8) // 52.3% (44.4) // 43.6% (37.2) // 43.0% (38.0)",
        "shotsAgainst": "47.9% (29.0) // 52.1% (31.5) // 47.0% (29.2) // 45.6% (29.3)",
        "scoringAgainst": "46.0% (28.5) // 48.2% (28.3) // 36.7% (22.5) // 35.3% (22.3)",
        "oppCorsi": "54.5% (66.4) // 59.4% (68.7) // 57.8% (66.2) // 55.0% (64.7)",
        "oppFenwick": "53.9% (50.0) // 57.3% (50.5) // 56.4% (49.2) // 53.8% (47.3)",
        "oppShots": "53.9% (36.6) // 57.5% (37.5) // 54.8% (34.4) // 51.8% (34.3)",
        "oppScoring": "54.9% (34.8) // 59.6% (34.4) // 56.3% (32.2) // 53.0% (29.7)",
        "oppCorsiAgainst": "45.5% (55.4) // 40.6% (47.0) // 42.2% (48.4) // 45.0% (53.0)",
        "oppFenwickAgainst": "46.1% (42.8) // 42.7% (37.6) // 43.6% (38.0) // 46.2% (40.7)",
        "oppShotsAgainst": "46.1% (31.4) // 42.5% (27.8) // 45.2% (28.4) // 48.2% (32.0)",
        "oppScoringAgainst": "45.1% (28.6) // 40.4% (23.3) // 43.7% (25.0) // 47.0% (26.3)",
        "savesPerGame": 26.5,
        "savesPerGameLast1": 23.0,
        "savesPerGameLast3": 26.3,
        "savesPerGameLast5": 29.8,
        "savesPer60": 26.5,
        "savesPer60Last1": 23.0,
        "savesPer60Last3": 26.1,
        "savesPer60Last5": 30.1,
        "shotsPerGame": 31.8,
        "shotsPerGameLast5": 32.2,
        "shotsAgainstPerGame": 29.3,
        "shotsAgainstPerGameLast5": 33.8,
        "oppSavesAgainstPer60": 33.3,
        "oppSavesAgainstPer60Last1": 32.9,
        "oppSavesAgainstPer60Last3": 31.8,
        "oppSavesAgainstPer60Last5": 31.3,
        "oppShotsAgainstPerGame": 31.6,
        "oppShotsAgainstPerGameLast5": 28.4,
        "savesProj": 31.7,
        "savesProjLast5": 33.7,
        "savesProjLast3": 29.8,
        "oppSavesAgainstProj": 31.4,
        "oppSavesAgainstProjLast5": 31.1,
        "oppSavesAgainstProjLast3": 27.2,
        "totalOver": 54,
        "totalOverLast5": 40,
        "totalOverLast15": 60,
        "lastTotalOver": 0,
        "last5": "1,0,2,0,7,0,3,0,2,2",
        "overOdds": "-190",
        "underOdds": "+155",
        "overUnder": "-190 / +155"
    },
    {
        "player": "Marc Staal",
        "team": "FLA",
        "opponent": "TOR",
        "propType": "bs",
        "line": 1.5,
        "ppLine": "",
        "avg": 1.51,
        "hit": false,
        "diffAvg": 0.01,
        "diffAbs": 1.0,
        "lastAvg": 0.0,
        "diff": 0,
        "avgMin": 18,
        "proj": 0.0,
        "lastAvgMin": 17.42,
        "oppOver": 0,
        "teamOver": 0,
        "gameLine": "+125",
        "+/-": "+3",
        "L5_+/-": -1.0,
        "prevMatchup": "2023-03-23 4.0 bs 2023-01-17 0.0 bs",
        "winLossSplits": "1.28 - 1.63",
        "awayHome": "A",
        "playedYesterday": "N",
        "awayHomeSplits": "1.57 - 1.46",
        "savesAboveExp": 0.388,
        "gsaa": 9.72,
        "corsi": "54.5% (66.4) // 59.4% (68.7) // 57.8% (66.2) // 55.0% (64.7)",
        "fenwick": "53.9% (50.0) // 57.3% (50.5) // 56.4% (49.2) // 53.8% (47.3)",
        "shots": "53.9% (36.6) // 57.5% (37.5) // 54.8% (34.4) // 51.8% (34.3)",
        "scoring": "54.9% (34.8) // 59.6% (34.4) // 56.3% (32.2) // 53.0% (29.7)",
        "corsiAgainst": "45.5% (55.4) // 40.6% (47.0) // 42.2% (48.4) // 45.0% (53.0)",
        "fenwickAgainst": "46.1% (42.8) // 42.7% (37.6) // 43.6% (38.0) // 46.2% (40.7)",
        "shotsAgainst": "46.1% (31.4) // 42.5% (27.8) // 45.2% (28.4) // 48.2% (32.0)",
        "scoringAgainst": "45.1% (28.6) // 40.4% (23.3) // 43.7% (25.0) // 47.0% (26.3)",
        "oppCorsi": "50.9% (57.4) // 47.8% (53.8) // 57.7% (65.2) // 57.6% (66.7)",
        "oppFenwick": "51.7% (43.7) // 47.7% (40.5) // 56.4% (48.2) // 57.0% (50.3)",
        "oppShots": "52.1% (31.6) // 47.9% (28.9) // 53.0% (33.0) // 54.4% (35.0)",
        "oppScoring": "54.0% (33.4) // 51.8% (30.4) // 63.3% (38.8) // 64.7% (41.0)",
        "oppCorsiAgainst": "49.1% (55.4) // 52.2% (58.7) // 42.3% (47.8) // 42.4% (49.0)",
        "oppFenwickAgainst": "48.3% (40.8) // 52.3% (44.4) // 43.6% (37.2) // 43.0% (38.0)",
        "oppShotsAgainst": "47.9% (29.0) // 52.1% (31.5) // 47.0% (29.2) // 45.6% (29.3)",
        "oppScoringAgainst": "46.0% (28.5) // 48.2% (28.3) // 36.7% (22.5) // 35.3% (22.3)",
        "savesPerGame": 28.2,
        "savesPerGameLast1": 22.0,
        "savesPerGameLast3": 27.0,
        "savesPerGameLast5": 23.8,
        "savesPer60": 28.0,
        "savesPer60Last1": 21.7,
        "savesPer60Last3": 26.4,
        "savesPer60Last5": 23.2,
        "shotsPerGame": 36.9,
        "shotsPerGameLast5": 34.4,
        "shotsAgainstPerGame": 31.6,
        "shotsAgainstPerGameLast5": 28.4,
        "oppSavesAgainstPer60": 28.2,
        "oppSavesAgainstPer60Last1": 31.0,
        "oppSavesAgainstPer60Last3": 31.4,
        "oppSavesAgainstPer60Last5": 28.8,
        "oppShotsAgainstPerGame": 29.3,
        "oppShotsAgainstPerGameLast5": 33.8,
        "savesProj": 30.0,
        "savesProjLast5": 25.0,
        "savesProjLast3": 30.9,
        "oppSavesAgainstProj": 28.5,
        "oppSavesAgainstProjLast5": 24.6,
        "oppSavesAgainstProjLast3": 29.4,
        "totalOver": 41,
        "totalOverLast5": 60,
        "totalOverLast15": 47,
        "lastTotalOver": 0,
        "last5": "2,1,4,2,1,0,0,3,0,4",
        "overOdds": "+100",
        "underOdds": "-130",
        "overUnder": "+100 / -130"
    },
    {
        "player": "Radko Gudas",
        "team": "FLA",
        "opponent": "TOR",
        "propType": "bs",
        "line": 1.5,
        "ppLine": "",
        "avg": 1.7,
        "hit": false,
        "diffAvg": 0.13,
        "diffAbs": 1.0,
        "lastAvg": 0.0,
        "diff": 0,
        "avgMin": 17,
        "proj": 0.0,
        "lastAvgMin": 18.0,
        "oppOver": 0,
        "teamOver": 0,
        "gameLine": "+125",
        "+/-": "+9",
        "L5_+/-": "+1.0",
        "prevMatchup": "2023-03-23 0.0 bs 2023-01-17 4.0 bs",
        "winLossSplits": "1.47 - 1.92",
        "awayHome": "A",
        "playedYesterday": "N",
        "awayHomeSplits": "1.5 - 1.91",
        "savesAboveExp": 0.388,
        "gsaa": 9.72,
        "corsi": "54.5% (66.4) // 59.4% (68.7) // 57.8% (66.2) // 55.0% (64.7)",
        "fenwick": "53.9% (50.0) // 57.3% (50.5) // 56.4% (49.2) // 53.8% (47.3)",
        "shots": "53.9% (36.6) // 57.5% (37.5) // 54.8% (34.4) // 51.8% (34.3)",
        "scoring": "54.9% (34.8) // 59.6% (34.4) // 56.3% (32.2) // 53.0% (29.7)",
        "corsiAgainst": "45.5% (55.4) // 40.6% (47.0) // 42.2% (48.4) // 45.0% (53.0)",
        "fenwickAgainst": "46.1% (42.8) // 42.7% (37.6) // 43.6% (38.0) // 46.2% (40.7)",
        "shotsAgainst": "46.1% (31.4) // 42.5% (27.8) // 45.2% (28.4) // 48.2% (32.0)",
        "scoringAgainst": "45.1% (28.6) // 40.4% (23.3) // 43.7% (25.0) // 47.0% (26.3)",
        "oppCorsi": "50.9% (57.4) // 47.8% (53.8) // 57.7% (65.2) // 57.6% (66.7)",
        "oppFenwick": "51.7% (43.7) // 47.7% (40.5) // 56.4% (48.2) // 57.0% (50.3)",
        "oppShots": "52.1% (31.6) // 47.9% (28.9) // 53.0% (33.0) // 54.4% (35.0)",
        "oppScoring": "54.0% (33.4) // 51.8% (30.4) // 63.3% (38.8) // 64.7% (41.0)",
        "oppCorsiAgainst": "49.1% (55.4) // 52.2% (58.7) // 42.3% (47.8) // 42.4% (49.0)",
        "oppFenwickAgainst": "48.3% (40.8) // 52.3% (44.4) // 43.6% (37.2) // 43.0% (38.0)",
        "oppShotsAgainst": "47.9% (29.0) // 52.1% (31.5) // 47.0% (29.2) // 45.6% (29.3)",
        "oppScoringAgainst": "46.0% (28.5) // 48.2% (28.3) // 36.7% (22.5) // 35.3% (22.3)",
        "savesPerGame": 28.2,
        "savesPerGameLast1": 22.0,
        "savesPerGameLast3": 27.0,
        "savesPerGameLast5": 23.8,
        "savesPer60": 28.0,
        "savesPer60Last1": 21.7,
        "savesPer60Last3": 26.4,
        "savesPer60Last5": 23.2,
        "shotsPerGame": 36.9,
        "shotsPerGameLast5": 34.4,
        "shotsAgainstPerGame": 31.6,
        "shotsAgainstPerGameLast5": 28.4,
        "oppSavesAgainstPer60": 28.2,
        "oppSavesAgainstPer60Last1": 31.0,
        "oppSavesAgainstPer60Last3": 31.4,
        "oppSavesAgainstPer60Last5": 28.8,
        "oppShotsAgainstPerGame": 29.3,
        "oppShotsAgainstPerGameLast5": 33.8,
        "savesProj": 30.0,
        "savesProjLast5": 25.0,
        "savesProjLast3": 30.9,
        "oppSavesAgainstProj": 28.5,
        "oppSavesAgainstProjLast5": 24.6,
        "oppSavesAgainstProjLast3": 29.4,
        "totalOver": 48,
        "totalOverLast5": 20,
        "totalOverLast15": 40,
        "lastTotalOver": 0,
        "last5": "1,2,0,1,0,0,2,0,2,4",
        "overOdds": "-110",
        "underOdds": "-120",
        "overUnder": "-110 / -120"
    },
    {
        "player": "Scott Mayfield",
        "team": "NYI",
        "opponent": "WSH",
        "propType": "bs",
        "line": 2.5,
        "ppLine": "",
        "avg": 2.03,
        "hit": false,
        "diffAvg": -0.19,
        "diffAbs": 1.0,
        "lastAvg": 0.0,
        "diff": 0,
        "avgMin": 20,
        "proj": 0.0,
        "lastAvgMin": 19.77,
        "oppOver": 0,
        "teamOver": 0,
        "gameLine": "-115",
        "+/-": "+7",
        "L5_+/-": "+3.0",
        "prevMatchup": "2023-03-11 0.0 bs 2023-01-16 3.0 bs",
        "winLossSplits": "1.82 - 2.0",
        "awayHome": "A",
        "playedYesterday": "N",
        "awayHomeSplits": "2.14 - 1.92",
        "savesAboveExp": 0.193,
        "gsaa": 9.67,
        "corsi": "49.0% (57.9) // 50.8% (59.3) // 48.5% (58.1) // 50.4% (62.8)",
        "fenwick": "49.0% (42.3) // 51.3% (43.3) // 50.1% (44.4) // 51.4% (47.5)",
        "shots": "49.4% (30.3) // 51.0% (30.8) // 51.8% (32.2) // 51.8% (33.2)",
        "scoring": "49.5% (30.3) // 48.7% (29.2) // 46.5% (29.9) // 47.8% (32.2)",
        "corsiAgainst": "51.0% (60.2) // 49.2% (57.5) // 51.5% (61.6) // 49.6% (61.8)",
        "fenwickAgainst": "51.0% (44.1) // 48.7% (41.1) // 49.9% (44.1) // 48.6% (44.8)",
        "shotsAgainst": "50.6% (31.0) // 49.0% (29.6) // 48.2% (29.9) // 48.2% (30.9)",
        "scoringAgainst": "50.5% (30.9) // 51.3% (30.8) // 53.5% (34.4) // 52.2% (35.2)",
        "oppCorsi": "50.8% (59.6) // 49.7% (57.2) // 50.6% (61.8) // 50.6% (62.0)",
        "oppFenwick": "50.6% (43.8) // 48.4% (41.9) // 50.3% (47.5) // 50.5% (47.5)",
        "oppShots": "50.7% (31.2) // 48.3% (30.4) // 47.9% (33.4) // 47.7% (31.0)",
        "oppScoring": "51.0% (29.8) // 49.8% (29.2) // 55.1% (33.4) // 58.5% (38.0)",
        "oppCorsiAgainst": "49.2% (57.6) // 50.3% (57.8) // 49.4% (60.3) // 49.4% (60.5)",
        "oppFenwickAgainst": "49.4% (42.7) // 51.6% (44.8) // 49.7% (47.0) // 49.5% (46.5)",
        "oppShotsAgainst": "49.3% (30.3) // 51.7% (32.5) // 52.1% (36.3) // 52.3% (34.0)",
        "oppScoringAgainst": "49.0% (28.7) // 50.2% (29.4) // 44.9% (27.2) // 41.5% (27.0)",
        "savesPerGame": 28.6,
        "savesPerGameLast1": 30.0,
        "savesPerGameLast3": 28.3,
        "savesPerGameLast5": 27.8,
        "savesPer60": 28.6,
        "savesPer60Last1": 30.0,
        "savesPer60Last3": 28.2,
        "savesPer60Last5": 27.7,
        "shotsPerGame": 30.6,
        "shotsPerGameLast5": 32.4,
        "shotsAgainstPerGame": 31.3,
        "shotsAgainstPerGameLast5": 30.0,
        "oppSavesAgainstPer60": 28.5,
        "oppSavesAgainstPer60Last1": 31.6,
        "oppSavesAgainstPer60Last3": 28.1,
        "oppSavesAgainstPer60Last5": 29.7,
        "oppShotsAgainstPerGame": 30.6,
        "oppShotsAgainstPerGameLast5": 33.8,
        "savesProj": 29.5,
        "savesProjLast5": 30.0,
        "savesProjLast3": 28.7,
        "oppSavesAgainstProj": 28.8,
        "oppSavesAgainstProjLast5": 29.0,
        "oppSavesAgainstProjLast3": 27.5,
        "totalOver": 37,
        "totalOverLast5": 0,
        "totalOverLast15": 27,
        "lastTotalOver": 0,
        "last5": "2,2,2,2,1,2,4,0,0,3",
        "overOdds": "+155",
        "underOdds": "-190",
        "overUnder": "+155 / -190"
    },
    {
        "player": "Martin Fehervary",
        "team": "WSH",
        "opponent": "NYI",
        "propType": "bs",
        "line": 1.5,
        "ppLine": "",
        "avg": 1.75,
        "hit": false,
        "diffAvg": 0.17,
        "diffAbs": 1.0,
        "lastAvg": 0.0,
        "diff": 0,
        "avgMin": 19,
        "proj": 0.0,
        "lastAvgMin": 19.65,
        "oppOver": 0,
        "teamOver": 0,
        "gameLine": "-105",
        "+/-": -6,
        "L5_+/-": "+1.0",
        "prevMatchup": "2023-03-11 1.0 bs 2023-01-16 2.0 bs",
        "winLossSplits": "1.46 - 1.88",
        "awayHome": "H",
        "playedYesterday": "N",
        "awayHomeSplits": "1.53 - 1.97",
        "savesAboveExp": 0.704,
        "gsaa": 31.9,
        "corsi": "50.8% (59.6) // 49.7% (57.2) // 50.6% (61.8) // 50.6% (62.0)",
        "fenwick": "50.6% (43.8) // 48.4% (41.9) // 50.3% (47.5) // 50.5% (47.5)",
        "shots": "50.7% (31.2) // 48.3% (30.4) // 47.9% (33.4) // 47.7% (31.0)",
        "scoring": "51.0% (29.8) // 49.8% (29.2) // 55.1% (33.4) // 58.5% (38.0)",
        "corsiAgainst": "49.2% (57.6) // 50.3% (57.8) // 49.4% (60.3) // 49.4% (60.5)",
        "fenwickAgainst": "49.4% (42.7) // 51.6% (44.8) // 49.7% (47.0) // 49.5% (46.5)",
        "shotsAgainst": "49.3% (30.3) // 51.7% (32.5) // 52.1% (36.3) // 52.3% (34.0)",
        "scoringAgainst": "49.0% (28.7) // 50.2% (29.4) // 44.9% (27.2) // 41.5% (27.0)",
        "oppCorsi": "49.0% (57.9) // 50.8% (59.3) // 48.5% (58.1) // 50.4% (62.8)",
        "oppFenwick": "49.0% (42.3) // 51.3% (43.3) // 50.1% (44.4) // 51.4% (47.5)",
        "oppShots": "49.4% (30.3) // 51.0% (30.8) // 51.8% (32.2) // 51.8% (33.2)",
        "oppScoring": "49.5% (30.3) // 48.7% (29.2) // 46.5% (29.9) // 47.8% (32.2)",
        "oppCorsiAgainst": "51.0% (60.2) // 49.2% (57.5) // 51.5% (61.6) // 49.6% (61.8)",
        "oppFenwickAgainst": "51.0% (44.1) // 48.7% (41.1) // 49.9% (44.1) // 48.6% (44.8)",
        "oppShotsAgainst": "50.6% (31.0) // 49.0% (29.6) // 48.2% (29.9) // 48.2% (30.9)",
        "oppScoringAgainst": "50.5% (30.9) // 51.3% (30.8) // 53.5% (34.4) // 52.2% (35.2)",
        "savesPerGame": 27.5,
        "savesPerGameLast1": 36.0,
        "savesPerGameLast3": 31.7,
        "savesPerGameLast5": 29.4,
        "savesPer60": 27.5,
        "savesPer60Last1": 35.3,
        "savesPer60Last3": 31.9,
        "savesPer60Last5": 29.0,
        "shotsPerGame": 31.5,
        "shotsPerGameLast5": 33.8,
        "shotsAgainstPerGame": 30.6,
        "shotsAgainstPerGameLast5": 33.8,
        "oppSavesAgainstPer60": 27.6,
        "oppSavesAgainstPer60Last1": 31.0,
        "oppSavesAgainstPer60Last3": 30.3,
        "oppSavesAgainstPer60Last5": 28.4,
        "oppShotsAgainstPerGame": 31.3,
        "oppShotsAgainstPerGameLast5": 30.0,
        "savesProj": 26.6,
        "savesProjLast5": 28.8,
        "savesProjLast3": 33.8,
        "oppSavesAgainstProj": 26.9,
        "oppSavesAgainstProjLast5": 30.3,
        "oppSavesAgainstProjLast3": 34.7,
        "totalOver": 46,
        "totalOverLast5": 40,
        "totalOverLast15": 53,
        "lastTotalOver": 0,
        "last5": "2,1,0,2,0,1,3,1,1,4",
        "overOdds": "-175",
        "underOdds": "+140",
        "overUnder": "-175 / +140"
    },
    {
        "player": "Adam Pelech",
        "team": "NYI",
        "opponent": "WSH",
        "propType": "bs",
        "line": 2.5,
        "ppLine": "",
        "avg": 1.83,
        "hit": false,
        "diffAvg": -0.27,
        "diffAbs": 1.0,
        "lastAvg": 0.0,
        "diff": 0,
        "avgMin": 21,
        "proj": 0.0,
        "lastAvgMin": 21.27,
        "oppOver": 0,
        "teamOver": 0,
        "gameLine": "-115",
        "+/-": "+19",
        "L5_+/-": "+4.0",
        "prevMatchup": "2023-03-11 5.0 bs",
        "winLossSplits": "1.79 - 1.79",
        "awayHome": "A",
        "playedYesterday": "N",
        "awayHomeSplits": "1.85 - 1.82",
        "savesAboveExp": 0.193,
        "gsaa": 9.67,
        "corsi": "49.0% (57.9) // 50.8% (59.3) // 48.5% (58.1) // 50.4% (62.8)",
        "fenwick": "49.0% (42.3) // 51.3% (43.3) // 50.1% (44.4) // 51.4% (47.5)",
        "shots": "49.4% (30.3) // 51.0% (30.8) // 51.8% (32.2) // 51.8% (33.2)",
        "scoring": "49.5% (30.3) // 48.7% (29.2) // 46.5% (29.9) // 47.8% (32.2)",
        "corsiAgainst": "51.0% (60.2) // 49.2% (57.5) // 51.5% (61.6) // 49.6% (61.8)",
        "fenwickAgainst": "51.0% (44.1) // 48.7% (41.1) // 49.9% (44.1) // 48.6% (44.8)",
        "shotsAgainst": "50.6% (31.0) // 49.0% (29.6) // 48.2% (29.9) // 48.2% (30.9)",
        "scoringAgainst": "50.5% (30.9) // 51.3% (30.8) // 53.5% (34.4) // 52.2% (35.2)",
        "oppCorsi": "50.8% (59.6) // 49.7% (57.2) // 50.6% (61.8) // 50.6% (62.0)",
        "oppFenwick": "50.6% (43.8) // 48.4% (41.9) // 50.3% (47.5) // 50.5% (47.5)",
        "oppShots": "50.7% (31.2) // 48.3% (30.4) // 47.9% (33.4) // 47.7% (31.0)",
        "oppScoring": "51.0% (29.8) // 49.8% (29.2) // 55.1% (33.4) // 58.5% (38.0)",
        "oppCorsiAgainst": "49.2% (57.6) // 50.3% (57.8) // 49.4% (60.3) // 49.4% (60.5)",
        "oppFenwickAgainst": "49.4% (42.7) // 51.6% (44.8) // 49.7% (47.0) // 49.5% (46.5)",
        "oppShotsAgainst": "49.3% (30.3) // 51.7% (32.5) // 52.1% (36.3) // 52.3% (34.0)",
        "oppScoringAgainst": "49.0% (28.7) // 50.2% (29.4) // 44.9% (27.2) // 41.5% (27.0)",
        "savesPerGame": 28.6,
        "savesPerGameLast1": 30.0,
        "savesPerGameLast3": 28.3,
        "savesPerGameLast5": 27.8,
        "savesPer60": 28.6,
        "savesPer60Last1": 30.0,
        "savesPer60Last3": 28.2,
        "savesPer60Last5": 27.7,
        "shotsPerGame": 30.6,
        "shotsPerGameLast5": 32.4,
        "shotsAgainstPerGame": 31.3,
        "shotsAgainstPerGameLast5": 30.0,
        "oppSavesAgainstPer60": 28.5,
        "oppSavesAgainstPer60Last1": 31.6,
        "oppSavesAgainstPer60Last3": 28.1,
        "oppSavesAgainstPer60Last5": 29.7,
        "oppShotsAgainstPerGame": 30.6,
        "oppShotsAgainstPerGameLast5": 33.8,
        "savesProj": 29.5,
        "savesProjLast5": 30.0,
        "savesProjLast3": 28.7,
        "oppSavesAgainstProj": 28.8,
        "oppSavesAgainstProjLast5": 29.0,
        "oppSavesAgainstProjLast3": 27.5,
        "totalOver": 22,
        "totalOverLast5": 80,
        "totalOverLast15": 33,
        "lastTotalOver": 0,
        "last5": "4,4,3,4,1,1,0,5,2,2",
        "overOdds": "+135",
        "underOdds": "-165",
        "overUnder": "+135 / -165"
    },
    {
        "player": "Trevor Van Riemsdyk",
        "team": "WSH",
        "opponent": "NYI",
        "propType": "bs",
        "line": 1.5,
        "ppLine": "",
        "avg": 2.19,
        "hit": false,
        "diffAvg": 0.46,
        "diffAbs": 1.0,
        "lastAvg": 0.0,
        "diff": 0,
        "avgMin": 19,
        "proj": 0.0,
        "lastAvgMin": 17.47,
        "oppOver": 0,
        "teamOver": 0,
        "gameLine": "-105",
        "+/-": "+11",
        "L5_+/-": "+2.0",
        "prevMatchup": "2023-03-11 2.0 bs 2023-01-16 1.0 bs",
        "winLossSplits": "2.2 - 2.14",
        "awayHome": "H",
        "playedYesterday": "N",
        "awayHomeSplits": "1.85 - 2.55",
        "savesAboveExp": 0.704,
        "gsaa": 31.9,
        "corsi": "50.8% (59.6) // 49.7% (57.2) // 50.6% (61.8) // 50.6% (62.0)",
        "fenwick": "50.6% (43.8) // 48.4% (41.9) // 50.3% (47.5) // 50.5% (47.5)",
        "shots": "50.7% (31.2) // 48.3% (30.4) // 47.9% (33.4) // 47.7% (31.0)",
        "scoring": "51.0% (29.8) // 49.8% (29.2) // 55.1% (33.4) // 58.5% (38.0)",
        "corsiAgainst": "49.2% (57.6) // 50.3% (57.8) // 49.4% (60.3) // 49.4% (60.5)",
        "fenwickAgainst": "49.4% (42.7) // 51.6% (44.8) // 49.7% (47.0) // 49.5% (46.5)",
        "shotsAgainst": "49.3% (30.3) // 51.7% (32.5) // 52.1% (36.3) // 52.3% (34.0)",
        "scoringAgainst": "49.0% (28.7) // 50.2% (29.4) // 44.9% (27.2) // 41.5% (27.0)",
        "oppCorsi": "49.0% (57.9) // 50.8% (59.3) // 48.5% (58.1) // 50.4% (62.8)",
        "oppFenwick": "49.0% (42.3) // 51.3% (43.3) // 50.1% (44.4) // 51.4% (47.5)",
        "oppShots": "49.4% (30.3) // 51.0% (30.8) // 51.8% (32.2) // 51.8% (33.2)",
        "oppScoring": "49.5% (30.3) // 48.7% (29.2) // 46.5% (29.9) // 47.8% (32.2)",
        "oppCorsiAgainst": "51.0% (60.2) // 49.2% (57.5) // 51.5% (61.6) // 49.6% (61.8)",
        "oppFenwickAgainst": "51.0% (44.1) // 48.7% (41.1) // 49.9% (44.1) // 48.6% (44.8)",
        "oppShotsAgainst": "50.6% (31.0) // 49.0% (29.6) // 48.2% (29.9) // 48.2% (30.9)",
        "oppScoringAgainst": "50.5% (30.9) // 51.3% (30.8) // 53.5% (34.4) // 52.2% (35.2)",
        "savesPerGame": 27.5,
        "savesPerGameLast1": 36.0,
        "savesPerGameLast3": 31.7,
        "savesPerGameLast5": 29.4,
        "savesPer60": 27.5,
        "savesPer60Last1": 35.3,
        "savesPer60Last3": 31.9,
        "savesPer60Last5": 29.0,
        "shotsPerGame": 31.5,
        "shotsPerGameLast5": 33.8,
        "shotsAgainstPerGame": 30.6,
        "shotsAgainstPerGameLast5": 33.8,
        "oppSavesAgainstPer60": 27.6,
        "oppSavesAgainstPer60Last1": 31.0,
        "oppSavesAgainstPer60Last3": 30.3,
        "oppSavesAgainstPer60Last5": 28.4,
        "oppShotsAgainstPerGame": 31.3,
        "oppShotsAgainstPerGameLast5": 30.0,
        "savesProj": 26.6,
        "savesProjLast5": 28.8,
        "savesProjLast3": 33.8,
        "oppSavesAgainstProj": 26.9,
        "oppSavesAgainstProjLast5": 30.3,
        "oppSavesAgainstProjLast3": 34.7,
        "totalOver": 62,
        "totalOverLast5": 60,
        "totalOverLast15": 67,
        "lastTotalOver": 0,
        "last5": "2,1,2,0,2,0,2,2,3,2",
        "overOdds": "-185",
        "underOdds": "+150",
        "overUnder": "-185 / +150"
    },
    {
        "player": "Devon Toews",
        "team": "COL",
        "opponent": "MIN",
        "propType": "bs",
        "line": 1.5,
        "ppLine": "PP2",
        "avg": 1.79,
        "hit": false,
        "diffAvg": 0.19,
        "diffAbs": 1.0,
        "lastAvg": 0.0,
        "diff": 0,
        "avgMin": 25,
        "proj": 0.0,
        "lastAvgMin": 25.37,
        "oppOver": 0,
        "teamOver": 0,
        "gameLine": "-155",
        "+/-": "+30",
        "L5_+/-": "+6.0",
        "prevMatchup": "2023-02-15 1.0 bs 2022-10-17 4.0 bs",
        "winLossSplits": "1.79 - 1.84",
        "awayHome": "H",
        "playedYesterday": "N",
        "awayHomeSplits": "1.97 - 1.61",
        "savesAboveExp": 0.594,
        "gsaa": 27.99,
        "corsi": "52.3% (59.9) // 56.1% (63.1) // 54.4% (63.3) // 58.6% (65.2)",
        "fenwick": "51.5% (44.0) // 55.0% (45.6) // 53.2% (46.0) // 57.5% (47.4)",
        "shots": "51.5% (32.7) // 54.1% (32.1) // 52.8% (33.0) // 57.6% (34.4)",
        "scoring": "53.4% (30.1) // 58.4% (33.2) // 58.8% (33.6) // 61.2% (33.7)",
        "corsiAgainst": "47.7% (54.7) // 43.9% (49.4) // 45.6% (53.1) // 41.4% (46.1)",
        "fenwickAgainst": "48.5% (41.4) // 45.0% (37.3) // 46.8% (40.5) // 42.5% (35.0)",
        "shotsAgainst": "48.5% (30.8) // 45.9% (27.2) // 47.2% (29.5) // 42.4% (25.3)",
        "scoringAgainst": "46.6% (26.3) // 41.6% (23.6) // 41.2% (23.6) // 38.8% (21.4)",
        "oppCorsi": "50.2% (57.4) // 46.5% (52.4) // 46.4% (51.9) // 44.8% (46.1)",
        "oppFenwick": "51.1% (43.4) // 47.1% (40.9) // 47.3% (41.0) // 45.3% (36.0)",
        "oppShots": "50.3% (30.5) // 44.7% (28.3) // 43.8% (26.7) // 42.6% (22.4)",
        "oppScoring": "50.8% (28.2) // 45.6% (24.6) // 44.9% (23.0) // 41.4% (19.5)",
        "oppCorsiAgainst": "49.8% (57.0) // 53.5% (60.4) // 53.6% (60.0) // 55.2% (56.8)",
        "oppFenwickAgainst": "48.9% (41.5) // 52.9% (46.0) // 52.7% (45.7) // 54.7% (43.5)",
        "oppShotsAgainst": "49.7% (30.1) // 55.3% (35.1) // 56.2% (34.3) // 57.4% (30.2)",
        "oppScoringAgainst": "49.2% (27.3) // 54.4% (29.3) // 55.1% (28.3) // 58.6% (27.6)",
        "savesPerGame": 28.6,
        "savesPerGameLast1": 29.0,
        "savesPerGameLast3": 24.3,
        "savesPerGameLast5": 28.0,
        "savesPer60": 28.6,
        "savesPer60Last1": 28.9,
        "savesPer60Last3": 24.9,
        "savesPer60Last5": 28.0,
        "shotsPerGame": 33.2,
        "shotsPerGameLast5": 33.6,
        "shotsAgainstPerGame": 31.3,
        "shotsAgainstPerGameLast5": 30.0,
        "oppSavesAgainstPer60": 28.5,
        "oppSavesAgainstPer60Last1": 14.9,
        "oppSavesAgainstPer60Last3": 19.4,
        "oppSavesAgainstPer60Last5": 24.4,
        "oppShotsAgainstPerGame": 30.7,
        "oppShotsAgainstPerGameLast5": 35.4,
        "savesProj": 28.4,
        "savesProjLast5": 23.5,
        "savesProjLast3": 16.7,
        "oppSavesAgainstProj": 29.1,
        "oppSavesAgainstProjLast5": 26.4,
        "oppSavesAgainstProjLast3": 19.5,
        "totalOver": 55,
        "totalOverLast5": 60,
        "totalOverLast15": 60,
        "lastTotalOver": 0,
        "last5": "1,2,1,4,2,3,3,4,3,0",
        "overOdds": "-115",
        "underOdds": "-115",
        "overUnder": "-115 / -115"
    },
    {
        "player": "Jared Spurgeon",
        "team": "MIN",
        "opponent": "COL",
        "propType": "bs",
        "line": 2.5,
        "ppLine": "PP2",
        "avg": 2.37,
        "hit": false,
        "diffAvg": -0.05,
        "diffAbs": 1.0,
        "lastAvg": 0.0,
        "diff": 0,
        "avgMin": 21,
        "proj": 0.0,
        "lastAvgMin": 21.15,
        "oppOver": 0,
        "teamOver": 0,
        "gameLine": "+135",
        "+/-": "+34",
        "L5_+/-": "+8.0",
        "prevMatchup": "2023-02-15 0.0 bs 2022-10-17 2.0 bs",
        "winLossSplits": "2.3 - 2.17",
        "awayHome": "A",
        "playedYesterday": "N",
        "awayHomeSplits": "2.66 - 2.11",
        "savesAboveExp": 0.16,
        "gsaa": 24.43,
        "corsi": "50.2% (57.4) // 46.5% (52.4) // 46.4% (51.9) // 44.8% (46.1)",
        "fenwick": "51.1% (43.4) // 47.1% (40.9) // 47.3% (41.0) // 45.3% (36.0)",
        "shots": "50.3% (30.5) // 44.7% (28.3) // 43.8% (26.7) // 42.6% (22.4)",
        "scoring": "50.8% (28.2) // 45.6% (24.6) // 44.9% (23.0) // 41.4% (19.5)",
        "corsiAgainst": "49.8% (57.0) // 53.5% (60.4) // 53.6% (60.0) // 55.2% (56.8)",
        "fenwickAgainst": "48.9% (41.5) // 52.9% (46.0) // 52.7% (45.7) // 54.7% (43.5)",
        "shotsAgainst": "49.7% (30.1) // 55.3% (35.1) // 56.2% (34.3) // 57.4% (30.2)",
        "scoringAgainst": "49.2% (27.3) // 54.4% (29.3) // 55.1% (28.3) // 58.6% (27.6)",
        "oppCorsi": "52.3% (59.9) // 56.1% (63.1) // 54.4% (63.3) // 58.6% (65.2)",
        "oppFenwick": "51.5% (44.0) // 55.0% (45.6) // 53.2% (46.0) // 57.5% (47.4)",
        "oppShots": "51.5% (32.7) // 54.1% (32.1) // 52.8% (33.0) // 57.6% (34.4)",
        "oppScoring": "53.4% (30.1) // 58.4% (33.2) // 58.8% (33.6) // 61.2% (33.7)",
        "oppCorsiAgainst": "47.7% (54.7) // 43.9% (49.4) // 45.6% (53.1) // 41.4% (46.1)",
        "oppFenwickAgainst": "48.5% (41.4) // 45.0% (37.3) // 46.8% (40.5) // 42.5% (35.0)",
        "oppShotsAgainst": "48.5% (30.8) // 45.9% (27.2) // 47.2% (29.5) // 42.4% (25.3)",
        "oppScoringAgainst": "46.6% (26.3) // 41.6% (23.6) // 41.2% (23.6) // 38.8% (21.4)",
        "savesPerGame": 28.1,
        "savesPerGameLast1": 35.0,
        "savesPerGameLast3": 29.0,
        "savesPerGameLast5": 33.4,
        "savesPer60": 28.4,
        "savesPer60Last1": 35.0,
        "savesPer60Last3": 29.7,
        "savesPer60Last5": 34.4,
        "shotsPerGame": 31.1,
        "shotsPerGameLast5": 27.6,
        "shotsAgainstPerGame": 30.7,
        "shotsAgainstPerGameLast5": 35.4,
        "oppSavesAgainstPer60": 30.1,
        "oppSavesAgainstPer60Last1": 39.0,
        "oppSavesAgainstPer60Last3": 32.5,
        "oppSavesAgainstPer60Last5": 30.6,
        "oppShotsAgainstPerGame": 31.3,
        "oppShotsAgainstPerGameLast5": 30.0,
        "savesProj": 29.7,
        "savesProjLast5": 36.1,
        "savesProjLast3": 32.9,
        "oppSavesAgainstProj": 30.5,
        "oppSavesAgainstProjLast5": 36.9,
        "oppSavesAgainstProjLast3": 36.5,
        "totalOver": 37,
        "totalOverLast5": 20,
        "totalOverLast15": 40,
        "lastTotalOver": 0,
        "last5": "1,1,1,1,3,0,1,3,3,7",
        "overOdds": "+135",
        "underOdds": "-165",
        "overUnder": "+135 / -165"
    },
    {
        "player": "Jonas Brodin",
        "team": "MIN",
        "opponent": "COL",
        "propType": "bs",
        "line": 2.5,
        "ppLine": "PP2",
        "avg": 2.11,
        "hit": false,
        "diffAvg": -0.16,
        "diffAbs": 1.0,
        "lastAvg": 0.0,
        "diff": 0,
        "avgMin": 23,
        "proj": 0.0,
        "lastAvgMin": 23.43,
        "oppOver": 0,
        "teamOver": 0,
        "gameLine": "+135",
        "+/-": "+13",
        "L5_+/-": "+8.0",
        "prevMatchup": "2023-02-15 4.0 bs 2022-10-17 0.0 bs",
        "winLossSplits": "1.91 - 2.38",
        "awayHome": "A",
        "playedYesterday": "N",
        "awayHomeSplits": "2.48 - 1.79",
        "savesAboveExp": 0.16,
        "gsaa": 24.43,
        "corsi": "50.2% (57.4) // 46.5% (52.4) // 46.4% (51.9) // 44.8% (46.1)",
        "fenwick": "51.1% (43.4) // 47.1% (40.9) // 47.3% (41.0) // 45.3% (36.0)",
        "shots": "50.3% (30.5) // 44.7% (28.3) // 43.8% (26.7) // 42.6% (22.4)",
        "scoring": "50.8% (28.2) // 45.6% (24.6) // 44.9% (23.0) // 41.4% (19.5)",
        "corsiAgainst": "49.8% (57.0) // 53.5% (60.4) // 53.6% (60.0) // 55.2% (56.8)",
        "fenwickAgainst": "48.9% (41.5) // 52.9% (46.0) // 52.7% (45.7) // 54.7% (43.5)",
        "shotsAgainst": "49.7% (30.1) // 55.3% (35.1) // 56.2% (34.3) // 57.4% (30.2)",
        "scoringAgainst": "49.2% (27.3) // 54.4% (29.3) // 55.1% (28.3) // 58.6% (27.6)",
        "oppCorsi": "52.3% (59.9) // 56.1% (63.1) // 54.4% (63.3) // 58.6% (65.2)",
        "oppFenwick": "51.5% (44.0) // 55.0% (45.6) // 53.2% (46.0) // 57.5% (47.4)",
        "oppShots": "51.5% (32.7) // 54.1% (32.1) // 52.8% (33.0) // 57.6% (34.4)",
        "oppScoring": "53.4% (30.1) // 58.4% (33.2) // 58.8% (33.6) // 61.2% (33.7)",
        "oppCorsiAgainst": "47.7% (54.7) // 43.9% (49.4) // 45.6% (53.1) // 41.4% (46.1)",
        "oppFenwickAgainst": "48.5% (41.4) // 45.0% (37.3) // 46.8% (40.5) // 42.5% (35.0)",
        "oppShotsAgainst": "48.5% (30.8) // 45.9% (27.2) // 47.2% (29.5) // 42.4% (25.3)",
        "oppScoringAgainst": "46.6% (26.3) // 41.6% (23.6) // 41.2% (23.6) // 38.8% (21.4)",
        "savesPerGame": 28.1,
        "savesPerGameLast1": 35.0,
        "savesPerGameLast3": 29.0,
        "savesPerGameLast5": 33.4,
        "savesPer60": 28.4,
        "savesPer60Last1": 35.0,
        "savesPer60Last3": 29.7,
        "savesPer60Last5": 34.4,
        "shotsPerGame": 31.1,
        "shotsPerGameLast5": 27.6,
        "shotsAgainstPerGame": 30.7,
        "shotsAgainstPerGameLast5": 35.4,
        "oppSavesAgainstPer60": 30.1,
        "oppSavesAgainstPer60Last1": 39.0,
        "oppSavesAgainstPer60Last3": 32.5,
        "oppSavesAgainstPer60Last5": 30.6,
        "oppShotsAgainstPerGame": 31.3,
        "oppShotsAgainstPerGameLast5": 30.0,
        "savesProj": 29.7,
        "savesProjLast5": 36.1,
        "savesProjLast3": 32.9,
        "oppSavesAgainstProj": 30.5,
        "oppSavesAgainstProjLast5": 36.9,
        "oppSavesAgainstProjLast3": 36.5,
        "totalOver": 33,
        "totalOverLast5": 40,
        "totalOverLast15": 33,
        "lastTotalOver": 0,
        "last5": "3,1,3,0,0,2,1,1,4,2",
        "overOdds": "+125",
        "underOdds": "-155",
        "overUnder": "+125 / -155"
    },
    {
        "player": "Samuel Girard",
        "team": "COL",
        "opponent": "MIN",
        "propType": "bs",
        "line": 1.5,
        "ppLine": "PP2",
        "avg": 1.54,
        "hit": false,
        "diffAvg": 0.03,
        "diffAbs": 1.0,
        "lastAvg": 0.0,
        "diff": 0,
        "avgMin": 21,
        "proj": 0.0,
        "lastAvgMin": 21.63,
        "oppOver": 0,
        "teamOver": 0,
        "gameLine": "-155",
        "+/-": -14,
        "L5_+/-": -3.0,
        "prevMatchup": "2023-02-15 0.0 bs 2022-10-17 0.0 bs",
        "winLossSplits": "1.54 - 1.43",
        "awayHome": "H",
        "playedYesterday": "N",
        "awayHomeSplits": "1.24 - 1.82",
        "savesAboveExp": 0.594,
        "gsaa": 27.99,
        "corsi": "52.3% (59.9) // 56.1% (63.1) // 54.4% (63.3) // 58.6% (65.2)",
        "fenwick": "51.5% (44.0) // 55.0% (45.6) // 53.2% (46.0) // 57.5% (47.4)",
        "shots": "51.5% (32.7) // 54.1% (32.1) // 52.8% (33.0) // 57.6% (34.4)",
        "scoring": "53.4% (30.1) // 58.4% (33.2) // 58.8% (33.6) // 61.2% (33.7)",
        "corsiAgainst": "47.7% (54.7) // 43.9% (49.4) // 45.6% (53.1) // 41.4% (46.1)",
        "fenwickAgainst": "48.5% (41.4) // 45.0% (37.3) // 46.8% (40.5) // 42.5% (35.0)",
        "shotsAgainst": "48.5% (30.8) // 45.9% (27.2) // 47.2% (29.5) // 42.4% (25.3)",
        "scoringAgainst": "46.6% (26.3) // 41.6% (23.6) // 41.2% (23.6) // 38.8% (21.4)",
        "oppCorsi": "50.2% (57.4) // 46.5% (52.4) // 46.4% (51.9) // 44.8% (46.1)",
        "oppFenwick": "51.1% (43.4) // 47.1% (40.9) // 47.3% (41.0) // 45.3% (36.0)",
        "oppShots": "50.3% (30.5) // 44.7% (28.3) // 43.8% (26.7) // 42.6% (22.4)",
        "oppScoring": "50.8% (28.2) // 45.6% (24.6) // 44.9% (23.0) // 41.4% (19.5)",
        "oppCorsiAgainst": "49.8% (57.0) // 53.5% (60.4) // 53.6% (60.0) // 55.2% (56.8)",
        "oppFenwickAgainst": "48.9% (41.5) // 52.9% (46.0) // 52.7% (45.7) // 54.7% (43.5)",
        "oppShotsAgainst": "49.7% (30.1) // 55.3% (35.1) // 56.2% (34.3) // 57.4% (30.2)",
        "oppScoringAgainst": "49.2% (27.3) // 54.4% (29.3) // 55.1% (28.3) // 58.6% (27.6)",
        "savesPerGame": 28.6,
        "savesPerGameLast1": 29.0,
        "savesPerGameLast3": 24.3,
        "savesPerGameLast5": 28.0,
        "savesPer60": 28.6,
        "savesPer60Last1": 28.9,
        "savesPer60Last3": 24.9,
        "savesPer60Last5": 28.0,
        "shotsPerGame": 33.2,
        "shotsPerGameLast5": 33.6,
        "shotsAgainstPerGame": 31.3,
        "shotsAgainstPerGameLast5": 30.0,
        "oppSavesAgainstPer60": 28.5,
        "oppSavesAgainstPer60Last1": 14.9,
        "oppSavesAgainstPer60Last3": 19.4,
        "oppSavesAgainstPer60Last5": 24.4,
        "oppShotsAgainstPerGame": 30.7,
        "oppShotsAgainstPerGameLast5": 35.4,
        "savesProj": 28.4,
        "savesProjLast5": 23.5,
        "savesProjLast3": 16.7,
        "oppSavesAgainstProj": 29.1,
        "oppSavesAgainstProjLast5": 26.4,
        "oppSavesAgainstProjLast3": 19.5,
        "totalOver": 46,
        "totalOverLast5": 40,
        "totalOverLast15": 40,
        "lastTotalOver": 0,
        "last5": "1,3,0,4,1,3,2,1,2,0",
        "overOdds": "-125",
        "underOdds": "-105",
        "overUnder": "-125 / -105"
    }
]