[
    {
        "player": "Anders Lee",
        "team": "NYI",
        "opponent": "CBJ",
        "propType": "pts",
        "line": 0.5,
        "ppLine": "PP1",
        "avg": 0.67,
        "hit": false,
        "diffAvg": 0.34,
        "diffAbs": 0.2,
        "lastAvg": 0.61,
        "diff": 0.22,
        "avgMin": 17,
        "proj": 0.6,
        "lastAvgMin": 16.62,
        "oppOver": 0,
        "teamOver": 0,
        "gameLine": "-240",
        "+/-": "+2",
        "L5_+/-": -3.0,
        "prevMatchup": "2022-12-29 0.0 pts, 2022-11-25 0.0 pts, 2022-11-12 1.0 pts",
        "winLossSplits": "0.9 - 0.4",
        "awayHome": "A",
        "playedYesterday": "N",
        "awayHomeSplits": "0.58 - 0.75",
        "savesAboveExp": "-",
        "gsaa": "-",
        "corsi": "49.0% (57.7) // 50.8% (57.0) // 49.5% (55.5) // 47.3% (52.5)",
        "fenwick": "48.9% (42.1) // 52.3% (42.4) // 49.2% (40.0) // 50.9% (41.0)",
        "shots": "49.3% (30.2) // 52.4% (30.5) // 51.2% (30.7) // 52.1% (31.0)",
        "scoring": "49.6% (30.2) // 51.6% (28.8) // 49.6% (28.2) // 45.0% (24.5)",
        "corsiAgainst": "51.0% (60.1) // 49.2% (55.2) // 50.5% (56.5) // 52.7% (58.5)",
        "fenwickAgainst": "51.1% (44.0) // 47.7% (38.6) // 50.8% (41.2) // 49.1% (39.5)",
        "shotsAgainst": "50.7% (31.0) // 47.6% (27.8) // 48.8% (29.2) // 47.9% (28.5)",
        "scoringAgainst": "50.4% (30.7) // 48.4% (27.0) // 50.4% (28.8) // 55.0% (30.0)",
        "oppCorsi": "46.1% (55.8) // 47.0% (60.1) // 50.8% (66.1) // 48.5% (61.1)",
        "oppFenwick": "46.0% (41.6) // 47.1% (45.7) // 50.3% (49.1) // 47.1% (44.0)",
        "oppShots": "45.9% (29.6) // 48.0% (33.7) // 51.6% (38.3) // 49.4% (37.2)",
        "oppScoring": "45.3% (27.2) // 45.6% (31.3) // 48.6% (35.2) // 48.9% (32.3)",
        "oppCorsiAgainst": "53.9% (65.2) // 53.0% (67.9) // 49.2% (64.1) // 51.5% (65.0)",
        "oppFenwickAgainst": "54.0% (48.7) // 52.9% (51.2) // 49.7% (48.5) // 52.9% (49.4)",
        "oppShotsAgainst": "54.1% (34.9) // 52.0% (36.4) // 48.4% (36.0) // 50.6% (38.1)",
        "oppScoringAgainst": "54.7% (32.9) // 54.4% (37.4) // 51.4% (37.1) // 51.1% (33.7)",
        "savesPerGame": 28.7,
        "savesPerGameLast1": 25.0,
        "savesPerGameLast3": 24.7,
        "savesPerGameLast5": 25.6,
        "savesPer60": 28.7,
        "savesPer60Last1": 24.9,
        "savesPer60Last3": 24.6,
        "savesPer60Last5": 25.4,
        "shotsPerGame": 30.5,
        "shotsPerGameLast5": 28.2,
        "shotsAgainstPerGame": 31.3,
        "shotsAgainstPerGameLast5": 28.8,
        "oppSavesAgainstPer60": 27.2,
        "oppSavesAgainstPer60Last1": 31.9,
        "oppSavesAgainstPer60Last3": 35.4,
        "oppSavesAgainstPer60Last5": 35.3,
        "oppShotsAgainstPerGame": 35.2,
        "oppShotsAgainstPerGameLast5": 36.8,
        "savesProj": 24.9,
        "savesProjLast5": 28.6,
        "savesProjLast3": 27.5,
        "oppSavesAgainstProj": 27.5,
        "oppSavesAgainstProjLast5": 32.4,
        "oppSavesAgainstProjLast3": 32.2,
        "totalOver": 50,
        "totalOverLast5": 20,
        "totalOverLast15": 40,
        "lastTotalOver": 44,
        "last5": "2,0,0,0,0,2,0,2,0,0",
        "overOdds": "-135",
        "underOdds": "+105",
        "overUnder": "-135 / +105"
    },
    {
        "player": "Bo Horvat",
        "team": "NYI",
        "opponent": "CBJ",
        "propType": "pts",
        "line": 0.5,
        "ppLine": "PP1",
        "avg": 0.45,
        "hit": false,
        "diffAvg": -0.1,
        "diffAbs": 1.0,
        "lastAvg": 0,
        "diff": 0,
        "avgMin": 21,
        "proj": 0.0,
        "lastAvgMin": 0,
        "oppOver": 0,
        "teamOver": 0,
        "gameLine": "-240",
        "+/-": -1,
        "L5_+/-": -4.0,
        "prevMatchup": "",
        "winLossSplits": "0.53 - 0.36",
        "awayHome": "A",
        "playedYesterday": "N",
        "awayHomeSplits": "0.5 - 0.4",
        "savesAboveExp": "-",
        "gsaa": "-",
        "corsi": "49.0% (57.7) // 50.8% (57.0) // 49.5% (55.5) // 47.3% (52.5)",
        "fenwick": "48.9% (42.1) // 52.3% (42.4) // 49.2% (40.0) // 50.9% (41.0)",
        "shots": "49.3% (30.2) // 52.4% (30.5) // 51.2% (30.7) // 52.1% (31.0)",
        "scoring": "49.6% (30.2) // 51.6% (28.8) // 49.6% (28.2) // 45.0% (24.5)",
        "corsiAgainst": "51.0% (60.1) // 49.2% (55.2) // 50.5% (56.5) // 52.7% (58.5)",
        "fenwickAgainst": "51.1% (44.0) // 47.7% (38.6) // 50.8% (41.2) // 49.1% (39.5)",
        "shotsAgainst": "50.7% (31.0) // 47.6% (27.8) // 48.8% (29.2) // 47.9% (28.5)",
        "scoringAgainst": "50.4% (30.7) // 48.4% (27.0) // 50.4% (28.8) // 55.0% (30.0)",
        "oppCorsi": "46.1% (55.8) // 47.0% (60.1) // 50.8% (66.1) // 48.5% (61.1)",
        "oppFenwick": "46.0% (41.6) // 47.1% (45.7) // 50.3% (49.1) // 47.1% (44.0)",
        "oppShots": "45.9% (29.6) // 48.0% (33.7) // 51.6% (38.3) // 49.4% (37.2)",
        "oppScoring": "45.3% (27.2) // 45.6% (31.3) // 48.6% (35.2) // 48.9% (32.3)",
        "oppCorsiAgainst": "53.9% (65.2) // 53.0% (67.9) // 49.2% (64.1) // 51.5% (65.0)",
        "oppFenwickAgainst": "54.0% (48.7) // 52.9% (51.2) // 49.7% (48.5) // 52.9% (49.4)",
        "oppShotsAgainst": "54.1% (34.9) // 52.0% (36.4) // 48.4% (36.0) // 50.6% (38.1)",
        "oppScoringAgainst": "54.7% (32.9) // 54.4% (37.4) // 51.4% (37.1) // 51.1% (33.7)",
        "savesPerGame": 28.7,
        "savesPerGameLast1": 25.0,
        "savesPerGameLast3": 24.7,
        "savesPerGameLast5": 25.6,
        "savesPer60": 28.7,
        "savesPer60Last1": 24.9,
        "savesPer60Last3": 24.6,
        "savesPer60Last5": 25.4,
        "shotsPerGame": 30.5,
        "shotsPerGameLast5": 28.2,
        "shotsAgainstPerGame": 31.3,
        "shotsAgainstPerGameLast5": 28.8,
        "oppSavesAgainstPer60": 27.2,
        "oppSavesAgainstPer60Last1": 31.9,
        "oppSavesAgainstPer60Last3": 35.4,
        "oppSavesAgainstPer60Last5": 35.3,
        "oppShotsAgainstPerGame": 35.2,
        "oppShotsAgainstPerGameLast5": 36.8,
        "savesProj": 24.9,
        "savesProjLast5": 28.6,
        "savesProjLast3": 27.5,
        "oppSavesAgainstProj": 27.5,
        "oppSavesAgainstProjLast5": 32.4,
        "oppSavesAgainstProjLast3": 32.2,
        "totalOver": 35,
        "totalOverLast5": 0,
        "totalOverLast15": 27,
        "lastTotalOver": 0,
        "last5": "0,0,0,0,0,1,0,0,0,1",
        "overOdds": "-185",
        "underOdds": "+150",
        "overUnder": "-185 / +150"
    },
    {
        "player": "Boone Jenner",
        "team": "CBJ",
        "opponent": "NYI",
        "propType": "pts",
        "line": 0.5,
        "ppLine": "PP1",
        "avg": 0.69,
        "hit": false,
        "diffAvg": 0.38,
        "diffAbs": 0.4,
        "lastAvg": 0.75,
        "diff": 0.5,
        "avgMin": 20,
        "proj": 0.7,
        "lastAvgMin": 20.45,
        "oppOver": 0,
        "teamOver": 0,
        "gameLine": "+200",
        "+/-": -23,
        "L5_+/-": -12.0,
        "prevMatchup": "2022-11-25 0.0 pts, 2022-11-12 0.0 pts",
        "winLossSplits": "1.17 - 0.43",
        "awayHome": "H",
        "playedYesterday": "N",
        "awayHomeSplits": "0.55 - 0.83",
        "savesAboveExp": 0.704,
        "gsaa": 32.07,
        "corsi": "46.1% (55.8) // 47.0% (60.1) // 50.8% (66.1) // 48.5% (61.1)",
        "fenwick": "46.0% (41.6) // 47.1% (45.7) // 50.3% (49.1) // 47.1% (44.0)",
        "shots": "45.9% (29.6) // 48.0% (33.7) // 51.6% (38.3) // 49.4% (37.2)",
        "scoring": "45.3% (27.2) // 45.6% (31.3) // 48.6% (35.2) // 48.9% (32.3)",
        "corsiAgainst": "53.9% (65.2) // 53.0% (67.9) // 49.2% (64.1) // 51.5% (65.0)",
        "fenwickAgainst": "54.0% (48.7) // 52.9% (51.2) // 49.7% (48.5) // 52.9% (49.4)",
        "shotsAgainst": "54.1% (34.9) // 52.0% (36.4) // 48.4% (36.0) // 50.6% (38.1)",
        "scoringAgainst": "54.7% (32.9) // 54.4% (37.4) // 51.4% (37.1) // 51.1% (33.7)",
        "oppCorsi": "49.0% (57.7) // 50.8% (57.0) // 49.5% (55.5) // 47.3% (52.5)",
        "oppFenwick": "48.9% (42.1) // 52.3% (42.4) // 49.2% (40.0) // 50.9% (41.0)",
        "oppShots": "49.3% (30.2) // 52.4% (30.5) // 51.2% (30.7) // 52.1% (31.0)",
        "oppScoring": "49.6% (30.2) // 51.6% (28.8) // 49.6% (28.2) // 45.0% (24.5)",
        "oppCorsiAgainst": "51.0% (60.1) // 49.2% (55.2) // 50.5% (56.5) // 52.7% (58.5)",
        "oppFenwickAgainst": "51.1% (44.0) // 47.7% (38.6) // 50.8% (41.2) // 49.1% (39.5)",
        "oppShotsAgainst": "50.7% (31.0) // 47.6% (27.8) // 48.8% (29.2) // 47.9% (28.5)",
        "oppScoringAgainst": "50.4% (30.7) // 48.4% (27.0) // 50.4% (28.8) // 55.0% (30.0)",
        "savesPerGame": 31.4,
        "savesPerGameLast1": 31.0,
        "savesPerGameLast3": 32.0,
        "savesPerGameLast5": 31.0,
        "savesPer60": 31.3,
        "savesPer60Last1": 32.1,
        "savesPer60Last3": 32.0,
        "savesPer60Last5": 31.4,
        "shotsPerGame": 29.9,
        "shotsPerGameLast5": 39.2,
        "shotsAgainstPerGame": 35.2,
        "shotsAgainstPerGameLast5": 36.8,
        "oppSavesAgainstPer60": 27.5,
        "oppSavesAgainstPer60Last1": 22.0,
        "oppSavesAgainstPer60Last3": 26.0,
        "oppSavesAgainstPer60Last5": 24.2,
        "oppShotsAgainstPerGame": 31.3,
        "oppShotsAgainstPerGameLast5": 28.8,
        "savesProj": 30.0,
        "savesProjLast5": 26.7,
        "savesProjLast3": 29.0,
        "oppSavesAgainstProj": 30.5,
        "oppSavesAgainstProjLast5": 26.9,
        "oppSavesAgainstProjLast3": 30.0,
        "totalOver": 53,
        "totalOverLast5": 60,
        "totalOverLast15": 47,
        "lastTotalOver": 54,
        "last5": "1,0,1,0,2,1,0,0,0,2",
        "overOdds": "-145",
        "underOdds": "+115",
        "overUnder": "-145 / +115"
    },
    {
        "player": "Johnny Gaudreau",
        "team": "CBJ",
        "opponent": "NYI",
        "propType": "pts",
        "line": 0.5,
        "ppLine": "PP1",
        "avg": 0.96,
        "hit": false,
        "diffAvg": 0.92,
        "diffAbs": 1.4,
        "lastAvg": 1.21,
        "diff": 1.42,
        "avgMin": 19,
        "proj": 1.2,
        "lastAvgMin": 18.57,
        "oppOver": 0,
        "teamOver": 0,
        "gameLine": "+200",
        "+/-": -26,
        "L5_+/-": -7.0,
        "prevMatchup": "2022-12-29 1.0 pts, 2022-11-25 2.0 pts, 2022-11-12 0.0 pts",
        "winLossSplits": "1.68 - 0.59",
        "awayHome": "H",
        "playedYesterday": "N",
        "awayHomeSplits": "0.76 - 1.14",
        "savesAboveExp": 0.704,
        "gsaa": 32.07,
        "corsi": "46.1% (55.8) // 47.0% (60.1) // 50.8% (66.1) // 48.5% (61.1)",
        "fenwick": "46.0% (41.6) // 47.1% (45.7) // 50.3% (49.1) // 47.1% (44.0)",
        "shots": "45.9% (29.6) // 48.0% (33.7) // 51.6% (38.3) // 49.4% (37.2)",
        "scoring": "45.3% (27.2) // 45.6% (31.3) // 48.6% (35.2) // 48.9% (32.3)",
        "corsiAgainst": "53.9% (65.2) // 53.0% (67.9) // 49.2% (64.1) // 51.5% (65.0)",
        "fenwickAgainst": "54.0% (48.7) // 52.9% (51.2) // 49.7% (48.5) // 52.9% (49.4)",
        "shotsAgainst": "54.1% (34.9) // 52.0% (36.4) // 48.4% (36.0) // 50.6% (38.1)",
        "scoringAgainst": "54.7% (32.9) // 54.4% (37.4) // 51.4% (37.1) // 51.1% (33.7)",
        "oppCorsi": "49.0% (57.7) // 50.8% (57.0) // 49.5% (55.5) // 47.3% (52.5)",
        "oppFenwick": "48.9% (42.1) // 52.3% (42.4) // 49.2% (40.0) // 50.9% (41.0)",
        "oppShots": "49.3% (30.2) // 52.4% (30.5) // 51.2% (30.7) // 52.1% (31.0)",
        "oppScoring": "49.6% (30.2) // 51.6% (28.8) // 49.6% (28.2) // 45.0% (24.5)",
        "oppCorsiAgainst": "51.0% (60.1) // 49.2% (55.2) // 50.5% (56.5) // 52.7% (58.5)",
        "oppFenwickAgainst": "51.1% (44.0) // 47.7% (38.6) // 50.8% (41.2) // 49.1% (39.5)",
        "oppShotsAgainst": "50.7% (31.0) // 47.6% (27.8) // 48.8% (29.2) // 47.9% (28.5)",
        "oppScoringAgainst": "50.4% (30.7) // 48.4% (27.0) // 50.4% (28.8) // 55.0% (30.0)",
        "savesPerGame": 31.4,
        "savesPerGameLast1": 31.0,
        "savesPerGameLast3": 32.0,
        "savesPerGameLast5": 31.0,
        "savesPer60": 31.3,
        "savesPer60Last1": 32.1,
        "savesPer60Last3": 32.0,
        "savesPer60Last5": 31.4,
        "shotsPerGame": 29.9,
        "shotsPerGameLast5": 39.2,
        "shotsAgainstPerGame": 35.2,
        "shotsAgainstPerGameLast5": 36.8,
        "oppSavesAgainstPer60": 27.5,
        "oppSavesAgainstPer60Last1": 22.0,
        "oppSavesAgainstPer60Last3": 26.0,
        "oppSavesAgainstPer60Last5": 24.2,
        "oppShotsAgainstPerGame": 31.3,
        "oppShotsAgainstPerGameLast5": 28.8,
        "savesProj": 30.0,
        "savesProjLast5": 26.7,
        "savesProjLast3": 29.0,
        "oppSavesAgainstProj": 30.5,
        "oppSavesAgainstProjLast5": 26.9,
        "oppSavesAgainstProjLast3": 30.0,
        "totalOver": 60,
        "totalOverLast5": 60,
        "totalOverLast15": 47,
        "lastTotalOver": 78,
        "last5": "2,0,1,0,5,2,0,0,1,0",
        "overOdds": "-190",
        "underOdds": "+155",
        "overUnder": "-190 / +155"
    },
    {
        "player": "Kirill Marchenko",
        "team": "CBJ",
        "opponent": "NYI",
        "propType": "pts",
        "line": 0.5,
        "ppLine": "PP1",
        "avg": 0.45,
        "hit": false,
        "diffAvg": -0.1,
        "diffAbs": 1.0,
        "lastAvg": 0,
        "diff": 0,
        "avgMin": 15,
        "proj": 0.0,
        "lastAvgMin": 0,
        "oppOver": 0,
        "teamOver": 0,
        "gameLine": "+200",
        "+/-": -12,
        "L5_+/-": -7.0,
        "prevMatchup": "2022-12-29 0.0 pts",
        "winLossSplits": "0.69 - 0.32",
        "awayHome": "H",
        "playedYesterday": "N",
        "awayHomeSplits": "0.5 - 0.37",
        "savesAboveExp": 0.704,
        "gsaa": 32.07,
        "corsi": "46.1% (55.8) // 47.0% (60.1) // 50.8% (66.1) // 48.5% (61.1)",
        "fenwick": "46.0% (41.6) // 47.1% (45.7) // 50.3% (49.1) // 47.1% (44.0)",
        "shots": "45.9% (29.6) // 48.0% (33.7) // 51.6% (38.3) // 49.4% (37.2)",
        "scoring": "45.3% (27.2) // 45.6% (31.3) // 48.6% (35.2) // 48.9% (32.3)",
        "corsiAgainst": "53.9% (65.2) // 53.0% (67.9) // 49.2% (64.1) // 51.5% (65.0)",
        "fenwickAgainst": "54.0% (48.7) // 52.9% (51.2) // 49.7% (48.5) // 52.9% (49.4)",
        "shotsAgainst": "54.1% (34.9) // 52.0% (36.4) // 48.4% (36.0) // 50.6% (38.1)",
        "scoringAgainst": "54.7% (32.9) // 54.4% (37.4) // 51.4% (37.1) // 51.1% (33.7)",
        "oppCorsi": "49.0% (57.7) // 50.8% (57.0) // 49.5% (55.5) // 47.3% (52.5)",
        "oppFenwick": "48.9% (42.1) // 52.3% (42.4) // 49.2% (40.0) // 50.9% (41.0)",
        "oppShots": "49.3% (30.2) // 52.4% (30.5) // 51.2% (30.7) // 52.1% (31.0)",
        "oppScoring": "49.6% (30.2) // 51.6% (28.8) // 49.6% (28.2) // 45.0% (24.5)",
        "oppCorsiAgainst": "51.0% (60.1) // 49.2% (55.2) // 50.5% (56.5) // 52.7% (58.5)",
        "oppFenwickAgainst": "51.1% (44.0) // 47.7% (38.6) // 50.8% (41.2) // 49.1% (39.5)",
        "oppShotsAgainst": "50.7% (31.0) // 47.6% (27.8) // 48.8% (29.2) // 47.9% (28.5)",
        "oppScoringAgainst": "50.4% (30.7) // 48.4% (27.0) // 50.4% (28.8) // 55.0% (30.0)",
        "savesPerGame": 31.4,
        "savesPerGameLast1": 31.0,
        "savesPerGameLast3": 32.0,
        "savesPerGameLast5": 31.0,
        "savesPer60": 31.3,
        "savesPer60Last1": 32.1,
        "savesPer60Last3": 32.0,
        "savesPer60Last5": 31.4,
        "shotsPerGame": 29.9,
        "shotsPerGameLast5": 39.2,
        "shotsAgainstPerGame": 35.2,
        "shotsAgainstPerGameLast5": 36.8,
        "oppSavesAgainstPer60": 27.5,
        "oppSavesAgainstPer60Last1": 22.0,
        "oppSavesAgainstPer60Last3": 26.0,
        "oppSavesAgainstPer60Last5": 24.2,
        "oppShotsAgainstPerGame": 31.3,
        "oppShotsAgainstPerGameLast5": 28.8,
        "savesProj": 30.0,
        "savesProjLast5": 26.7,
        "savesProjLast3": 29.0,
        "oppSavesAgainstProj": 30.5,
        "oppSavesAgainstProjLast5": 26.9,
        "oppSavesAgainstProjLast3": 30.0,
        "totalOver": 32,
        "totalOverLast5": 40,
        "totalOverLast15": 27,
        "lastTotalOver": 0,
        "last5": "0,2,0,1,0,0,0,1,0,0",
        "overOdds": "+110",
        "underOdds": "-140",
        "overUnder": "+110 / -140"
    },
    {
        "player": "Kyle Palmieri",
        "team": "NYI",
        "opponent": "CBJ",
        "propType": "pts",
        "line": 0.5,
        "ppLine": "PP1",
        "avg": 0.58,
        "hit": false,
        "diffAvg": 0.16,
        "diffAbs": 0.0,
        "lastAvg": 0.48,
        "diff": -0.04,
        "avgMin": 17,
        "proj": 0.5,
        "lastAvgMin": 15.62,
        "oppOver": 0,
        "teamOver": 0,
        "gameLine": "-240",
        "+/-": "+8",
        "L5_+/-": "+1.0",
        "prevMatchup": "2022-11-12 0.0 pts",
        "winLossSplits": "0.76 - 0.32",
        "awayHome": "A",
        "playedYesterday": "N",
        "awayHomeSplits": "0.62 - 0.52",
        "savesAboveExp": "-",
        "gsaa": "-",
        "corsi": "49.0% (57.7) // 50.8% (57.0) // 49.5% (55.5) // 47.3% (52.5)",
        "fenwick": "48.9% (42.1) // 52.3% (42.4) // 49.2% (40.0) // 50.9% (41.0)",
        "shots": "49.3% (30.2) // 52.4% (30.5) // 51.2% (30.7) // 52.1% (31.0)",
        "scoring": "49.6% (30.2) // 51.6% (28.8) // 49.6% (28.2) // 45.0% (24.5)",
        "corsiAgainst": "51.0% (60.1) // 49.2% (55.2) // 50.5% (56.5) // 52.7% (58.5)",
        "fenwickAgainst": "51.1% (44.0) // 47.7% (38.6) // 50.8% (41.2) // 49.1% (39.5)",
        "shotsAgainst": "50.7% (31.0) // 47.6% (27.8) // 48.8% (29.2) // 47.9% (28.5)",
        "scoringAgainst": "50.4% (30.7) // 48.4% (27.0) // 50.4% (28.8) // 55.0% (30.0)",
        "oppCorsi": "46.1% (55.8) // 47.0% (60.1) // 50.8% (66.1) // 48.5% (61.1)",
        "oppFenwick": "46.0% (41.6) // 47.1% (45.7) // 50.3% (49.1) // 47.1% (44.0)",
        "oppShots": "45.9% (29.6) // 48.0% (33.7) // 51.6% (38.3) // 49.4% (37.2)",
        "oppScoring": "45.3% (27.2) // 45.6% (31.3) // 48.6% (35.2) // 48.9% (32.3)",
        "oppCorsiAgainst": "53.9% (65.2) // 53.0% (67.9) // 49.2% (64.1) // 51.5% (65.0)",
        "oppFenwickAgainst": "54.0% (48.7) // 52.9% (51.2) // 49.7% (48.5) // 52.9% (49.4)",
        "oppShotsAgainst": "54.1% (34.9) // 52.0% (36.4) // 48.4% (36.0) // 50.6% (38.1)",
        "oppScoringAgainst": "54.7% (32.9) // 54.4% (37.4) // 51.4% (37.1) // 51.1% (33.7)",
        "savesPerGame": 28.7,
        "savesPerGameLast1": 25.0,
        "savesPerGameLast3": 24.7,
        "savesPerGameLast5": 25.6,
        "savesPer60": 28.7,
        "savesPer60Last1": 24.9,
        "savesPer60Last3": 24.6,
        "savesPer60Last5": 25.4,
        "shotsPerGame": 30.5,
        "shotsPerGameLast5": 28.2,
        "shotsAgainstPerGame": 31.3,
        "shotsAgainstPerGameLast5": 28.8,
        "oppSavesAgainstPer60": 27.2,
        "oppSavesAgainstPer60Last1": 31.9,
        "oppSavesAgainstPer60Last3": 35.4,
        "oppSavesAgainstPer60Last5": 35.3,
        "oppShotsAgainstPerGame": 35.2,
        "oppShotsAgainstPerGameLast5": 36.8,
        "savesProj": 24.9,
        "savesProjLast5": 28.6,
        "savesProjLast3": 27.5,
        "oppSavesAgainstProj": 27.5,
        "oppSavesAgainstProjLast5": 32.4,
        "oppSavesAgainstProjLast3": 32.2,
        "totalOver": 42,
        "totalOverLast5": 40,
        "totalOverLast15": 33,
        "lastTotalOver": 40,
        "last5": "0,1,4,0,0,1,0,2,0,0",
        "overOdds": "+100",
        "underOdds": "-130",
        "overUnder": "+100 / -130"
    },
    {
        "player": "Noah Dobson",
        "team": "NYI",
        "opponent": "CBJ",
        "propType": "pts",
        "line": 0.5,
        "ppLine": "PP1",
        "avg": 0.62,
        "hit": false,
        "diffAvg": 0.24,
        "diffAbs": 0.2,
        "lastAvg": 0.65,
        "diff": 0.3,
        "avgMin": 20,
        "proj": 0.6,
        "lastAvgMin": 21.45,
        "oppOver": 0,
        "teamOver": 0,
        "gameLine": "-240",
        "+/-": "+2",
        "L5_+/-": "+3.0",
        "prevMatchup": "2022-12-29 0.0 pts, 2022-11-25 1.0 pts, 2022-11-12 0.0 pts",
        "winLossSplits": "0.71 - 0.5",
        "awayHome": "A",
        "playedYesterday": "N",
        "awayHomeSplits": "0.62 - 0.62",
        "savesAboveExp": "-",
        "gsaa": "-",
        "corsi": "49.0% (57.7) // 50.8% (57.0) // 49.5% (55.5) // 47.3% (52.5)",
        "fenwick": "48.9% (42.1) // 52.3% (42.4) // 49.2% (40.0) // 50.9% (41.0)",
        "shots": "49.3% (30.2) // 52.4% (30.5) // 51.2% (30.7) // 52.1% (31.0)",
        "scoring": "49.6% (30.2) // 51.6% (28.8) // 49.6% (28.2) // 45.0% (24.5)",
        "corsiAgainst": "51.0% (60.1) // 49.2% (55.2) // 50.5% (56.5) // 52.7% (58.5)",
        "fenwickAgainst": "51.1% (44.0) // 47.7% (38.6) // 50.8% (41.2) // 49.1% (39.5)",
        "shotsAgainst": "50.7% (31.0) // 47.6% (27.8) // 48.8% (29.2) // 47.9% (28.5)",
        "scoringAgainst": "50.4% (30.7) // 48.4% (27.0) // 50.4% (28.8) // 55.0% (30.0)",
        "oppCorsi": "46.1% (55.8) // 47.0% (60.1) // 50.8% (66.1) // 48.5% (61.1)",
        "oppFenwick": "46.0% (41.6) // 47.1% (45.7) // 50.3% (49.1) // 47.1% (44.0)",
        "oppShots": "45.9% (29.6) // 48.0% (33.7) // 51.6% (38.3) // 49.4% (37.2)",
        "oppScoring": "45.3% (27.2) // 45.6% (31.3) // 48.6% (35.2) // 48.9% (32.3)",
        "oppCorsiAgainst": "53.9% (65.2) // 53.0% (67.9) // 49.2% (64.1) // 51.5% (65.0)",
        "oppFenwickAgainst": "54.0% (48.7) // 52.9% (51.2) // 49.7% (48.5) // 52.9% (49.4)",
        "oppShotsAgainst": "54.1% (34.9) // 52.0% (36.4) // 48.4% (36.0) // 50.6% (38.1)",
        "oppScoringAgainst": "54.7% (32.9) // 54.4% (37.4) // 51.4% (37.1) // 51.1% (33.7)",
        "savesPerGame": 28.7,
        "savesPerGameLast1": 25.0,
        "savesPerGameLast3": 24.7,
        "savesPerGameLast5": 25.6,
        "savesPer60": 28.7,
        "savesPer60Last1": 24.9,
        "savesPer60Last3": 24.6,
        "savesPer60Last5": 25.4,
        "shotsPerGame": 30.5,
        "shotsPerGameLast5": 28.2,
        "shotsAgainstPerGame": 31.3,
        "shotsAgainstPerGameLast5": 28.8,
        "oppSavesAgainstPer60": 27.2,
        "oppSavesAgainstPer60Last1": 31.9,
        "oppSavesAgainstPer60Last3": 35.4,
        "oppSavesAgainstPer60Last5": 35.3,
        "oppShotsAgainstPerGame": 35.2,
        "oppShotsAgainstPerGameLast5": 36.8,
        "savesProj": 24.9,
        "savesProjLast5": 28.6,
        "savesProjLast3": 27.5,
        "oppSavesAgainstProj": 27.5,
        "oppSavesAgainstProjLast5": 32.4,
        "oppSavesAgainstProjLast3": 32.2,
        "totalOver": 49,
        "totalOverLast5": 60,
        "totalOverLast15": 47,
        "lastTotalOver": 53,
        "last5": "2,1,1,0,0,1,0,1,0,0",
        "overOdds": "-110",
        "underOdds": "-120",
        "overUnder": "-110 / -120"
    },
    {
        "player": "Patrik Laine",
        "team": "CBJ",
        "opponent": "NYI",
        "propType": "pts",
        "line": 0.5,
        "ppLine": "",
        "avg": 0.95,
        "hit": false,
        "diffAvg": 0.9,
        "diffAbs": 1.0,
        "lastAvg": 1.0,
        "diff": 1.0,
        "avgMin": 19,
        "proj": 1.0,
        "lastAvgMin": 18.82,
        "oppOver": 0,
        "teamOver": 0,
        "gameLine": "+200",
        "+/-": -12,
        "L5_+/-": 0.0,
        "prevMatchup": "2022-11-12 0.0 pts",
        "winLossSplits": "1.53 - 0.76",
        "awayHome": "H",
        "playedYesterday": "N",
        "awayHomeSplits": "0.97 - 0.91",
        "savesAboveExp": 0.704,
        "gsaa": 32.07,
        "corsi": "46.1% (55.8) // 47.0% (60.1) // 50.8% (66.1) // 48.5% (61.1)",
        "fenwick": "46.0% (41.6) // 47.1% (45.7) // 50.3% (49.1) // 47.1% (44.0)",
        "shots": "45.9% (29.6) // 48.0% (33.7) // 51.6% (38.3) // 49.4% (37.2)",
        "scoring": "45.3% (27.2) // 45.6% (31.3) // 48.6% (35.2) // 48.9% (32.3)",
        "corsiAgainst": "53.9% (65.2) // 53.0% (67.9) // 49.2% (64.1) // 51.5% (65.0)",
        "fenwickAgainst": "54.0% (48.7) // 52.9% (51.2) // 49.7% (48.5) // 52.9% (49.4)",
        "shotsAgainst": "54.1% (34.9) // 52.0% (36.4) // 48.4% (36.0) // 50.6% (38.1)",
        "scoringAgainst": "54.7% (32.9) // 54.4% (37.4) // 51.4% (37.1) // 51.1% (33.7)",
        "oppCorsi": "49.0% (57.7) // 50.8% (57.0) // 49.5% (55.5) // 47.3% (52.5)",
        "oppFenwick": "48.9% (42.1) // 52.3% (42.4) // 49.2% (40.0) // 50.9% (41.0)",
        "oppShots": "49.3% (30.2) // 52.4% (30.5) // 51.2% (30.7) // 52.1% (31.0)",
        "oppScoring": "49.6% (30.2) // 51.6% (28.8) // 49.6% (28.2) // 45.0% (24.5)",
        "oppCorsiAgainst": "51.0% (60.1) // 49.2% (55.2) // 50.5% (56.5) // 52.7% (58.5)",
        "oppFenwickAgainst": "51.1% (44.0) // 47.7% (38.6) // 50.8% (41.2) // 49.1% (39.5)",
        "oppShotsAgainst": "50.7% (31.0) // 47.6% (27.8) // 48.8% (29.2) // 47.9% (28.5)",
        "oppScoringAgainst": "50.4% (30.7) // 48.4% (27.0) // 50.4% (28.8) // 55.0% (30.0)",
        "savesPerGame": 31.4,
        "savesPerGameLast1": 31.0,
        "savesPerGameLast3": 32.0,
        "savesPerGameLast5": 31.0,
        "savesPer60": 31.3,
        "savesPer60Last1": 32.1,
        "savesPer60Last3": 32.0,
        "savesPer60Last5": 31.4,
        "shotsPerGame": 29.9,
        "shotsPerGameLast5": 39.2,
        "shotsAgainstPerGame": 35.2,
        "shotsAgainstPerGameLast5": 36.8,
        "oppSavesAgainstPer60": 27.5,
        "oppSavesAgainstPer60Last1": 22.0,
        "oppSavesAgainstPer60Last3": 26.0,
        "oppSavesAgainstPer60Last5": 24.2,
        "oppShotsAgainstPerGame": 31.3,
        "oppShotsAgainstPerGameLast5": 28.8,
        "savesProj": 30.0,
        "savesProjLast5": 26.7,
        "savesProjLast3": 29.0,
        "oppSavesAgainstProj": 30.5,
        "oppSavesAgainstProjLast5": 26.9,
        "oppSavesAgainstProjLast3": 30.0,
        "totalOver": 58,
        "totalOverLast5": 80,
        "totalOverLast15": 73,
        "lastTotalOver": 64,
        "last5": "2,2,2,0,2,1,1,1,2,1",
        "overOdds": "-175",
        "underOdds": "+140",
        "overUnder": "-175 / +140"
    },
    {
        "player": "Adam Boqvist",
        "team": "CBJ",
        "opponent": "NYI",
        "propType": "pts",
        "line": 0.5,
        "ppLine": "PP1",
        "avg": 0.54,
        "hit": false,
        "diffAvg": 0.08,
        "diffAbs": 0.2,
        "lastAvg": 0.42,
        "diff": -0.16,
        "avgMin": 17,
        "proj": 0.4,
        "lastAvgMin": 17.03,
        "oppOver": 0,
        "teamOver": 0,
        "gameLine": "+200",
        "+/-": -8,
        "L5_+/-": -5.0,
        "prevMatchup": "2022-12-29 0.0 pts",
        "winLossSplits": "0.72 - 0.42",
        "awayHome": "H",
        "playedYesterday": "N",
        "awayHomeSplits": "0.45 - 0.67",
        "savesAboveExp": 0.704,
        "gsaa": 32.07,
        "corsi": "46.1% (55.8) // 47.0% (60.1) // 50.8% (66.1) // 48.5% (61.1)",
        "fenwick": "46.0% (41.6) // 47.1% (45.7) // 50.3% (49.1) // 47.1% (44.0)",
        "shots": "45.9% (29.6) // 48.0% (33.7) // 51.6% (38.3) // 49.4% (37.2)",
        "scoring": "45.3% (27.2) // 45.6% (31.3) // 48.6% (35.2) // 48.9% (32.3)",
        "corsiAgainst": "53.9% (65.2) // 53.0% (67.9) // 49.2% (64.1) // 51.5% (65.0)",
        "fenwickAgainst": "54.0% (48.7) // 52.9% (51.2) // 49.7% (48.5) // 52.9% (49.4)",
        "shotsAgainst": "54.1% (34.9) // 52.0% (36.4) // 48.4% (36.0) // 50.6% (38.1)",
        "scoringAgainst": "54.7% (32.9) // 54.4% (37.4) // 51.4% (37.1) // 51.1% (33.7)",
        "oppCorsi": "49.0% (57.7) // 50.8% (57.0) // 49.5% (55.5) // 47.3% (52.5)",
        "oppFenwick": "48.9% (42.1) // 52.3% (42.4) // 49.2% (40.0) // 50.9% (41.0)",
        "oppShots": "49.3% (30.2) // 52.4% (30.5) // 51.2% (30.7) // 52.1% (31.0)",
        "oppScoring": "49.6% (30.2) // 51.6% (28.8) // 49.6% (28.2) // 45.0% (24.5)",
        "oppCorsiAgainst": "51.0% (60.1) // 49.2% (55.2) // 50.5% (56.5) // 52.7% (58.5)",
        "oppFenwickAgainst": "51.1% (44.0) // 47.7% (38.6) // 50.8% (41.2) // 49.1% (39.5)",
        "oppShotsAgainst": "50.7% (31.0) // 47.6% (27.8) // 48.8% (29.2) // 47.9% (28.5)",
        "oppScoringAgainst": "50.4% (30.7) // 48.4% (27.0) // 50.4% (28.8) // 55.0% (30.0)",
        "savesPerGame": 31.4,
        "savesPerGameLast1": 31.0,
        "savesPerGameLast3": 32.0,
        "savesPerGameLast5": 31.0,
        "savesPer60": 31.3,
        "savesPer60Last1": 32.1,
        "savesPer60Last3": 32.0,
        "savesPer60Last5": 31.4,
        "shotsPerGame": 29.9,
        "shotsPerGameLast5": 39.2,
        "shotsAgainstPerGame": 35.2,
        "shotsAgainstPerGameLast5": 36.8,
        "oppSavesAgainstPer60": 27.5,
        "oppSavesAgainstPer60Last1": 22.0,
        "oppSavesAgainstPer60Last3": 26.0,
        "oppSavesAgainstPer60Last5": 24.2,
        "oppShotsAgainstPerGame": 31.3,
        "oppShotsAgainstPerGameLast5": 28.8,
        "savesProj": 30.0,
        "savesProjLast5": 26.7,
        "savesProjLast3": 29.0,
        "oppSavesAgainstProj": 30.5,
        "oppSavesAgainstProjLast5": 26.9,
        "oppSavesAgainstProjLast3": 30.0,
        "totalOver": 46,
        "totalOverLast5": 40,
        "totalOverLast15": 40,
        "lastTotalOver": 35,
        "last5": "2,0,1,0,0,0,0,0,2,0",
        "overOdds": "+105",
        "underOdds": "-135",
        "overUnder": "+105 / -135"
    },
    {
        "player": "Jack Roslovic",
        "team": "CBJ",
        "opponent": "NYI",
        "propType": "pts",
        "line": 0.5,
        "ppLine": "PP1",
        "avg": 0.57,
        "hit": false,
        "diffAvg": 0.14,
        "diffAbs": 0.2,
        "lastAvg": 0.56,
        "diff": 0.12,
        "avgMin": 16,
        "proj": 0.6,
        "lastAvgMin": 14.27,
        "oppOver": 0,
        "teamOver": 0,
        "gameLine": "+200",
        "+/-": -10,
        "L5_+/-": -5.0,
        "prevMatchup": "2022-12-29 0.0 pts, 2022-11-25 0.0 pts, 2022-11-12 0.0 pts",
        "winLossSplits": "1.14 - 0.31",
        "awayHome": "H",
        "playedYesterday": "N",
        "awayHomeSplits": "0.49 - 0.66",
        "savesAboveExp": 0.704,
        "gsaa": 32.07,
        "corsi": "46.1% (55.8) // 47.0% (60.1) // 50.8% (66.1) // 48.5% (61.1)",
        "fenwick": "46.0% (41.6) // 47.1% (45.7) // 50.3% (49.1) // 47.1% (44.0)",
        "shots": "45.9% (29.6) // 48.0% (33.7) // 51.6% (38.3) // 49.4% (37.2)",
        "scoring": "45.3% (27.2) // 45.6% (31.3) // 48.6% (35.2) // 48.9% (32.3)",
        "corsiAgainst": "53.9% (65.2) // 53.0% (67.9) // 49.2% (64.1) // 51.5% (65.0)",
        "fenwickAgainst": "54.0% (48.7) // 52.9% (51.2) // 49.7% (48.5) // 52.9% (49.4)",
        "shotsAgainst": "54.1% (34.9) // 52.0% (36.4) // 48.4% (36.0) // 50.6% (38.1)",
        "scoringAgainst": "54.7% (32.9) // 54.4% (37.4) // 51.4% (37.1) // 51.1% (33.7)",
        "oppCorsi": "49.0% (57.7) // 50.8% (57.0) // 49.5% (55.5) // 47.3% (52.5)",
        "oppFenwick": "48.9% (42.1) // 52.3% (42.4) // 49.2% (40.0) // 50.9% (41.0)",
        "oppShots": "49.3% (30.2) // 52.4% (30.5) // 51.2% (30.7) // 52.1% (31.0)",
        "oppScoring": "49.6% (30.2) // 51.6% (28.8) // 49.6% (28.2) // 45.0% (24.5)",
        "oppCorsiAgainst": "51.0% (60.1) // 49.2% (55.2) // 50.5% (56.5) // 52.7% (58.5)",
        "oppFenwickAgainst": "51.1% (44.0) // 47.7% (38.6) // 50.8% (41.2) // 49.1% (39.5)",
        "oppShotsAgainst": "50.7% (31.0) // 47.6% (27.8) // 48.8% (29.2) // 47.9% (28.5)",
        "oppScoringAgainst": "50.4% (30.7) // 48.4% (27.0) // 50.4% (28.8) // 55.0% (30.0)",
        "savesPerGame": 31.4,
        "savesPerGameLast1": 31.0,
        "savesPerGameLast3": 32.0,
        "savesPerGameLast5": 31.0,
        "savesPer60": 31.3,
        "savesPer60Last1": 32.1,
        "savesPer60Last3": 32.0,
        "savesPer60Last5": 31.4,
        "shotsPerGame": 29.9,
        "shotsPerGameLast5": 39.2,
        "shotsAgainstPerGame": 35.2,
        "shotsAgainstPerGameLast5": 36.8,
        "oppSavesAgainstPer60": 27.5,
        "oppSavesAgainstPer60Last1": 22.0,
        "oppSavesAgainstPer60Last3": 26.0,
        "oppSavesAgainstPer60Last5": 24.2,
        "oppShotsAgainstPerGame": 31.3,
        "oppShotsAgainstPerGameLast5": 28.8,
        "savesProj": 30.0,
        "savesProjLast5": 26.7,
        "savesProjLast3": 29.0,
        "oppSavesAgainstProj": 30.5,
        "oppSavesAgainstProjLast5": 26.9,
        "oppSavesAgainstProjLast3": 30.0,
        "totalOver": 40,
        "totalOverLast5": 20,
        "totalOverLast15": 27,
        "lastTotalOver": 41,
        "last5": "2,0,0,0,0,0,1,1,0,0",
        "overOdds": "+120",
        "underOdds": "-150",
        "overUnder": "+120 / -150"
    },
    {
        "player": "Jean-Gabriel Pageau",
        "team": "NYI",
        "opponent": "CBJ",
        "propType": "pts",
        "line": 0.5,
        "ppLine": "",
        "avg": 0.58,
        "hit": false,
        "diffAvg": 0.16,
        "diffAbs": 0.0,
        "lastAvg": 0.51,
        "diff": 0.02,
        "avgMin": 17,
        "proj": 0.5,
        "lastAvgMin": 17.67,
        "oppOver": 0,
        "teamOver": 0,
        "gameLine": "-240",
        "+/-": -4,
        "L5_+/-": "+4.0",
        "prevMatchup": "2022-12-29 2.0 pts, 2022-11-25 1.0 pts, 2022-11-12 1.0 pts",
        "winLossSplits": "0.91 - 0.25",
        "awayHome": "A",
        "playedYesterday": "N",
        "awayHomeSplits": "0.48 - 0.69",
        "savesAboveExp": "-",
        "gsaa": "-",
        "corsi": "49.0% (57.7) // 50.8% (57.0) // 49.5% (55.5) // 47.3% (52.5)",
        "fenwick": "48.9% (42.1) // 52.3% (42.4) // 49.2% (40.0) // 50.9% (41.0)",
        "shots": "49.3% (30.2) // 52.4% (30.5) // 51.2% (30.7) // 52.1% (31.0)",
        "scoring": "49.6% (30.2) // 51.6% (28.8) // 49.6% (28.2) // 45.0% (24.5)",
        "corsiAgainst": "51.0% (60.1) // 49.2% (55.2) // 50.5% (56.5) // 52.7% (58.5)",
        "fenwickAgainst": "51.1% (44.0) // 47.7% (38.6) // 50.8% (41.2) // 49.1% (39.5)",
        "shotsAgainst": "50.7% (31.0) // 47.6% (27.8) // 48.8% (29.2) // 47.9% (28.5)",
        "scoringAgainst": "50.4% (30.7) // 48.4% (27.0) // 50.4% (28.8) // 55.0% (30.0)",
        "oppCorsi": "46.1% (55.8) // 47.0% (60.1) // 50.8% (66.1) // 48.5% (61.1)",
        "oppFenwick": "46.0% (41.6) // 47.1% (45.7) // 50.3% (49.1) // 47.1% (44.0)",
        "oppShots": "45.9% (29.6) // 48.0% (33.7) // 51.6% (38.3) // 49.4% (37.2)",
        "oppScoring": "45.3% (27.2) // 45.6% (31.3) // 48.6% (35.2) // 48.9% (32.3)",
        "oppCorsiAgainst": "53.9% (65.2) // 53.0% (67.9) // 49.2% (64.1) // 51.5% (65.0)",
        "oppFenwickAgainst": "54.0% (48.7) // 52.9% (51.2) // 49.7% (48.5) // 52.9% (49.4)",
        "oppShotsAgainst": "54.1% (34.9) // 52.0% (36.4) // 48.4% (36.0) // 50.6% (38.1)",
        "oppScoringAgainst": "54.7% (32.9) // 54.4% (37.4) // 51.4% (37.1) // 51.1% (33.7)",
        "savesPerGame": 28.7,
        "savesPerGameLast1": 25.0,
        "savesPerGameLast3": 24.7,
        "savesPerGameLast5": 25.6,
        "savesPer60": 28.7,
        "savesPer60Last1": 24.9,
        "savesPer60Last3": 24.6,
        "savesPer60Last5": 25.4,
        "shotsPerGame": 30.5,
        "shotsPerGameLast5": 28.2,
        "shotsAgainstPerGame": 31.3,
        "shotsAgainstPerGameLast5": 28.8,
        "oppSavesAgainstPer60": 27.2,
        "oppSavesAgainstPer60Last1": 31.9,
        "oppSavesAgainstPer60Last3": 35.4,
        "oppSavesAgainstPer60Last5": 35.3,
        "oppShotsAgainstPerGame": 35.2,
        "oppShotsAgainstPerGameLast5": 36.8,
        "savesProj": 24.9,
        "savesProjLast5": 28.6,
        "savesProjLast3": 27.5,
        "oppSavesAgainstProj": 27.5,
        "oppSavesAgainstProjLast5": 32.4,
        "oppSavesAgainstProjLast3": 32.2,
        "totalOver": 43,
        "totalOverLast5": 80,
        "totalOverLast15": 33,
        "lastTotalOver": 43,
        "last5": "2,2,1,1,0,0,2,0,0,0",
        "overOdds": "+110",
        "underOdds": "-140",
        "overUnder": "+110 / -140"
    },
    {
        "player": "Kent Johnson",
        "team": "CBJ",
        "opponent": "NYI",
        "propType": "pts",
        "line": 0.5,
        "ppLine": "PP2",
        "avg": 0.52,
        "hit": false,
        "diffAvg": 0.04,
        "diffAbs": 1.0,
        "lastAvg": 0,
        "diff": 0,
        "avgMin": 14,
        "proj": 0.0,
        "lastAvgMin": 0,
        "oppOver": 0,
        "teamOver": 0,
        "gameLine": "+200",
        "+/-": -13,
        "L5_+/-": -8.0,
        "prevMatchup": "2022-12-29 0.0 pts, 2022-11-25 2.0 pts",
        "winLossSplits": "1.11 - 0.29",
        "awayHome": "H",
        "playedYesterday": "N",
        "awayHomeSplits": "0.48 - 0.56",
        "savesAboveExp": 0.704,
        "gsaa": 32.07,
        "corsi": "46.1% (55.8) // 47.0% (60.1) // 50.8% (66.1) // 48.5% (61.1)",
        "fenwick": "46.0% (41.6) // 47.1% (45.7) // 50.3% (49.1) // 47.1% (44.0)",
        "shots": "45.9% (29.6) // 48.0% (33.7) // 51.6% (38.3) // 49.4% (37.2)",
        "scoring": "45.3% (27.2) // 45.6% (31.3) // 48.6% (35.2) // 48.9% (32.3)",
        "corsiAgainst": "53.9% (65.2) // 53.0% (67.9) // 49.2% (64.1) // 51.5% (65.0)",
        "fenwickAgainst": "54.0% (48.7) // 52.9% (51.2) // 49.7% (48.5) // 52.9% (49.4)",
        "shotsAgainst": "54.1% (34.9) // 52.0% (36.4) // 48.4% (36.0) // 50.6% (38.1)",
        "scoringAgainst": "54.7% (32.9) // 54.4% (37.4) // 51.4% (37.1) // 51.1% (33.7)",
        "oppCorsi": "49.0% (57.7) // 50.8% (57.0) // 49.5% (55.5) // 47.3% (52.5)",
        "oppFenwick": "48.9% (42.1) // 52.3% (42.4) // 49.2% (40.0) // 50.9% (41.0)",
        "oppShots": "49.3% (30.2) // 52.4% (30.5) // 51.2% (30.7) // 52.1% (31.0)",
        "oppScoring": "49.6% (30.2) // 51.6% (28.8) // 49.6% (28.2) // 45.0% (24.5)",
        "oppCorsiAgainst": "51.0% (60.1) // 49.2% (55.2) // 50.5% (56.5) // 52.7% (58.5)",
        "oppFenwickAgainst": "51.1% (44.0) // 47.7% (38.6) // 50.8% (41.2) // 49.1% (39.5)",
        "oppShotsAgainst": "50.7% (31.0) // 47.6% (27.8) // 48.8% (29.2) // 47.9% (28.5)",
        "oppScoringAgainst": "50.4% (30.7) // 48.4% (27.0) // 50.4% (28.8) // 55.0% (30.0)",
        "savesPerGame": 31.4,
        "savesPerGameLast1": 31.0,
        "savesPerGameLast3": 32.0,
        "savesPerGameLast5": 31.0,
        "savesPer60": 31.3,
        "savesPer60Last1": 32.1,
        "savesPer60Last3": 32.0,
        "savesPer60Last5": 31.4,
        "shotsPerGame": 29.9,
        "shotsPerGameLast5": 39.2,
        "shotsAgainstPerGame": 35.2,
        "shotsAgainstPerGameLast5": 36.8,
        "oppSavesAgainstPer60": 27.5,
        "oppSavesAgainstPer60Last1": 22.0,
        "oppSavesAgainstPer60Last3": 26.0,
        "oppSavesAgainstPer60Last5": 24.2,
        "oppShotsAgainstPerGame": 31.3,
        "oppShotsAgainstPerGameLast5": 28.8,
        "savesProj": 30.0,
        "savesProjLast5": 26.7,
        "savesProjLast3": 29.0,
        "oppSavesAgainstProj": 30.5,
        "oppSavesAgainstProjLast5": 26.9,
        "oppSavesAgainstProjLast3": 30.0,
        "totalOver": 43,
        "totalOverLast5": 60,
        "totalOverLast15": 47,
        "lastTotalOver": 33,
        "last5": "2,0,1,0,1,1,2,0,0,1",
        "overOdds": "+120",
        "underOdds": "-150",
        "overUnder": "+120 / -150"
    },
    {
        "player": "Alex Tuch",
        "team": "BUF",
        "opponent": "NJ",
        "propType": "pts",
        "line": 0.5,
        "ppLine": "PP1",
        "avg": 1.05,
        "hit": false,
        "diffAvg": 1.1,
        "diffAbs": 0.6,
        "lastAvg": 0.76,
        "diff": 0.52,
        "avgMin": 19,
        "proj": 0.8,
        "lastAvgMin": 18.4,
        "oppOver": 0,
        "teamOver": 0,
        "gameLine": "+155",
        "+/-": "+7",
        "L5_+/-": -1.0,
        "prevMatchup": "2022-11-25 0.0 pts",
        "winLossSplits": "1.58 - 0.6",
        "awayHome": "H",
        "playedYesterday": "N",
        "awayHomeSplits": "1.22 - 0.87",
        "savesAboveExp": 0.109,
        "gsaa": "-",
        "corsi": "51.2% (57.8) // 51.4% (57.5) // 54.1% (58.0) // 55.8% (55.5)",
        "fenwick": "49.7% (43.5) // 49.8% (43.3) // 54.6% (46.0) // 55.1% (46.0)",
