[
    {
        "player": "Alex Debrincat",
        "team": "OTT",
        "opponent": "BOS",
        "propType": "sog",
        "line": 2.5,
        "ppLine": "PP1",
        "avg": 3.24,
        "hit": false,
        "diffAvg": 0.3,
        "diffAbs": 0.16,
        "lastAvg": 3.21,
        "diff": 0.28,
        "avgMin": 19,
        "proj": 2.9,
        "lastAvgMin": 20.85,
        "oppOver": 0,
        "teamOver": 0,
        "gameLine": "+245",
        "+/-": -26,
        "L5_+/-": -9.0,
        "prevMatchup": "2023-02-20 2.0 sog, 2022-12-27 7.0 sog, 2022-10-18 6.0 sog",
        "winLossSplits": "3.6 - 2.85",
        "awayHome": "A",
        "playedYesterday": "Y",
        "awayHomeSplits": "3.17 - 3.31",
        "savesAboveExp": 0.892,
        "gsaa": 38.7,
        "corsi": "51.1% (61.2) // 50.5% (60.7) // 46.5% (57.9) // 51.3% (68.4)",
        "fenwick": "51.3% (45.7) // 51.3% (46.1) // 47.7% (43.6) // 52.5% (50.6)",
        "shots": "51.0% (32.8) // 51.1% (32.8) // 47.8% (31.6) // 50.2% (35.4)",
        "scoring": "50.6% (32.3) // 44.7% (29.1) // 41.9% (28.8) // 46.2% (31.8)",
        "corsiAgainst": "48.9% (58.6) // 49.5% (59.5) // 53.5% (66.6) // 48.7% (64.9)",
        "fenwickAgainst": "48.7% (43.4) // 48.7% (43.8) // 52.3% (47.8) // 47.5% (45.7)",
        "shotsAgainst": "49.0% (31.6) // 48.9% (31.4) // 52.2% (34.5) // 49.8% (35.0)",
        "scoringAgainst": "49.4% (31.4) // 55.3% (35.9) // 58.1% (39.9) // 53.8% (37.0)",
        "oppCorsi": "51.4% (57.9) // 50.9% (56.4) // 53.3% (60.5) // 46.1% (51.0)",
        "oppFenwick": "51.9% (43.8) // 50.2% (42.5) // 52.3% (45.5) // 47.7% (41.3)",
        "oppShots": "52.7% (32.5) // 50.2% (31.1) // 52.8% (33.3) // 48.3% (29.0)",
        "oppScoring": "52.9% (32.1) // 52.2% (32.9) // 54.9% (35.3) // 47.0% (28.3)",
        "oppCorsiAgainst": "48.6% (54.7) // 49.1% (54.5) // 46.7% (53.0) // 53.9% (59.7)",
        "oppFenwickAgainst": "48.1% (40.6) // 49.8% (42.1) // 47.7% (41.5) // 52.3% (45.3)",
        "oppShotsAgainst": "47.3% (29.2) // 49.8% (30.8) // 47.2% (29.8) // 51.7% (31.0)",
        "oppScoringAgainst": "47.1% (28.6) // 47.8% (30.2) // 45.1% (29.0) // 53.0% (32.0)",
        "savesPerGame": 28.6,
        "savesPerGameLast1": 48.0,
        "savesPerGameLast3": 32.7,
        "savesPerGameLast5": 31.8,
        "savesPer60": 28.6,
        "savesPer60Last1": 48.0,
        "savesPer60Last3": 33.0,
        "savesPer60Last5": 32.0,
        "shotsPerGame": 33.1,
        "shotsPerGameLast5": 34.4,
        "shotsAgainstPerGame": 31.9,
        "shotsAgainstPerGameLast5": 36.0,
        "oppSavesAgainstPer60": 29.1,
        "oppSavesAgainstPer60Last1": 18.0,
        "oppSavesAgainstPer60Last3": 24.6,
        "oppSavesAgainstPer60Last5": 28.6,
        "oppShotsAgainstPerGame": 29.6,
        "oppShotsAgainstPerGameLast5": 29.6,
        "savesProj": 30.2,
        "savesProjLast5": 32.7,
        "savesProjLast3": 28.7,
        "oppSavesAgainstProj": 29.7,
        "oppSavesAgainstProjLast5": 29.9,
        "oppSavesAgainstProjLast3": 26.8,
        "totalOver": 59,
        "totalOverLast5": 60,
        "lastTotalOver": 62,
        "last5": "1,1,6,4,3,0,4,7,2,3",
        "overOdds": "-145",
        "underOdds": "+115",
        "overUnder": "-145 / +115"
    },
    {
        "player": "Brad Marchand",
        "team": "BOS",
        "opponent": "OTT",
        "propType": "sog",
        "line": 2.5,
        "ppLine": "PP1",
        "avg": 2.57,
        "hit": false,
        "diffAvg": 0.03,
        "diffAbs": 0.16,
        "lastAvg": 3.14,
        "diff": 0.26,
        "avgMin": 18,
        "proj": 2.9,
        "lastAvgMin": 19.25,
        "oppOver": 0,
        "teamOver": 0,
        "gameLine": "-295",
        "+/-": "+25",
        "L5_+/-": "+1.0",
        "prevMatchup": "2023-02-20 4.0 sog, 2022-12-27 5.0 sog",
        "winLossSplits": "2.18 - 3.38",
        "awayHome": "H",
        "playedYesterday": "N",
        "awayHomeSplits": "2.85 - 2.25",
        "savesAboveExp": "-",
        "gsaa": -7.74,
        "corsi": "51.4% (57.9) // 50.9% (56.4) // 53.3% (60.5) // 46.1% (51.0)",
        "fenwick": "51.9% (43.8) // 50.2% (42.5) // 52.3% (45.5) // 47.7% (41.3)",
        "shots": "52.7% (32.5) // 50.2% (31.1) // 52.8% (33.3) // 48.3% (29.0)",
        "scoring": "52.9% (32.1) // 52.2% (32.9) // 54.9% (35.3) // 47.0% (28.3)",
        "corsiAgainst": "48.6% (54.7) // 49.1% (54.5) // 46.7% (53.0) // 53.9% (59.7)",
        "fenwickAgainst": "48.1% (40.6) // 49.8% (42.1) // 47.7% (41.5) // 52.3% (45.3)",
        "shotsAgainst": "47.3% (29.2) // 49.8% (30.8) // 47.2% (29.8) // 51.7% (31.0)",
        "scoringAgainst": "47.1% (28.6) // 47.8% (30.2) // 45.1% (29.0) // 53.0% (32.0)",
        "oppCorsi": "51.1% (61.2) // 50.5% (60.7) // 46.5% (57.9) // 51.3% (68.4)",
        "oppFenwick": "51.3% (45.7) // 51.3% (46.1) // 47.7% (43.6) // 52.5% (50.6)",
        "oppShots": "51.0% (32.8) // 51.1% (32.8) // 47.8% (31.6) // 50.2% (35.4)",
        "oppScoring": "50.6% (32.3) // 44.7% (29.1) // 41.9% (28.8) // 46.2% (31.8)",
        "oppCorsiAgainst": "48.9% (58.6) // 49.5% (59.5) // 53.5% (66.6) // 48.7% (64.9)",
        "oppFenwickAgainst": "48.7% (43.4) // 48.7% (43.8) // 52.3% (47.8) // 47.5% (45.7)",
        "oppShotsAgainst": "49.0% (31.6) // 48.9% (31.4) // 52.2% (34.5) // 49.8% (35.0)",
        "oppScoringAgainst": "49.4% (31.4) // 55.3% (35.9) // 58.1% (39.9) // 53.8% (37.0)",
        "savesPerGame": 27.4,
        "savesPerGameLast1": 26.0,
        "savesPerGameLast3": 30.3,
        "savesPerGameLast5": 27.0,
        "savesPer60": 27.6,
        "savesPer60Last1": 25.8,
        "savesPer60Last3": 30.2,
        "savesPer60Last5": 26.7,
        "shotsPerGame": 32.9,
        "shotsPerGameLast5": 32.4,
        "shotsAgainstPerGame": 29.6,
        "shotsAgainstPerGameLast5": 29.6,
        "oppSavesAgainstPer60": 30.1,
        "oppSavesAgainstPer60Last1": 19.0,
        "oppSavesAgainstPer60Last3": 32.8,
        "oppSavesAgainstPer60Last5": 31.5,
        "oppShotsAgainstPerGame": 31.9,
        "oppShotsAgainstPerGameLast5": 36.0,
        "savesProj": 29.0,
        "savesProjLast5": 29.5,
        "savesProjLast3": 34.9,
        "oppSavesAgainstProj": 28.9,
        "oppSavesAgainstProjLast5": 31.5,
        "oppSavesAgainstProjLast3": 35.4,
        "totalOver": 44,
        "totalOverLast5": 40,
        "lastTotalOver": 61,
        "last5": "0,1,1,6,4,0,3,2,2,1",
        "overOdds": "-115",
        "underOdds": "-115",
        "overUnder": "-115 / -115"
    },
    {
        "player": "Brady Tkachuk",
        "team": "OTT",
        "opponent": "BOS",
        "propType": "sog",
        "line": 3.5,
        "ppLine": "PP1",
        "avg": 4.16,
        "hit": false,
        "diffAvg": 0.19,
        "diffAbs": 0.0,
        "lastAvg": 3.6,
        "diff": 0.03,
        "avgMin": 18,
        "proj": 3.5,
        "lastAvgMin": 18.78,
        "oppOver": 0,
        "teamOver": 0,
        "gameLine": "+245",
        "+/-": -10,
        "L5_+/-": -5.0,
        "prevMatchup": "2023-02-20 4.0 sog, 2022-12-27 5.0 sog, 2022-10-18 4.0 sog",
        "winLossSplits": "4.34 - 3.79",
        "awayHome": "A",
        "playedYesterday": "Y",
        "awayHomeSplits": "4.2 - 4.11",
        "savesAboveExp": 0.892,
        "gsaa": 38.7,
        "corsi": "51.1% (61.2) // 50.5% (60.7) // 46.5% (57.9) // 51.3% (68.4)",
        "fenwick": "51.3% (45.7) // 51.3% (46.1) // 47.7% (43.6) // 52.5% (50.6)",
        "shots": "51.0% (32.8) // 51.1% (32.8) // 47.8% (31.6) // 50.2% (35.4)",
        "scoring": "50.6% (32.3) // 44.7% (29.1) // 41.9% (28.8) // 46.2% (31.8)",
        "corsiAgainst": "48.9% (58.6) // 49.5% (59.5) // 53.5% (66.6) // 48.7% (64.9)",
        "fenwickAgainst": "48.7% (43.4) // 48.7% (43.8) // 52.3% (47.8) // 47.5% (45.7)",
        "shotsAgainst": "49.0% (31.6) // 48.9% (31.4) // 52.2% (34.5) // 49.8% (35.0)",
        "scoringAgainst": "49.4% (31.4) // 55.3% (35.9) // 58.1% (39.9) // 53.8% (37.0)",
        "oppCorsi": "51.4% (57.9) // 50.9% (56.4) // 53.3% (60.5) // 46.1% (51.0)",
        "oppFenwick": "51.9% (43.8) // 50.2% (42.5) // 52.3% (45.5) // 47.7% (41.3)",
        "oppShots": "52.7% (32.5) // 50.2% (31.1) // 52.8% (33.3) // 48.3% (29.0)",
        "oppScoring": "52.9% (32.1) // 52.2% (32.9) // 54.9% (35.3) // 47.0% (28.3)",
        "oppCorsiAgainst": "48.6% (54.7) // 49.1% (54.5) // 46.7% (53.0) // 53.9% (59.7)",
        "oppFenwickAgainst": "48.1% (40.6) // 49.8% (42.1) // 47.7% (41.5) // 52.3% (45.3)",
        "oppShotsAgainst": "47.3% (29.2) // 49.8% (30.8) // 47.2% (29.8) // 51.7% (31.0)",
        "oppScoringAgainst": "47.1% (28.6) // 47.8% (30.2) // 45.1% (29.0) // 53.0% (32.0)",
        "savesPerGame": 28.6,
        "savesPerGameLast1": 48.0,
        "savesPerGameLast3": 32.7,
        "savesPerGameLast5": 31.8,
        "savesPer60": 28.6,
        "savesPer60Last1": 48.0,
        "savesPer60Last3": 33.0,
        "savesPer60Last5": 32.0,
        "shotsPerGame": 33.1,
        "shotsPerGameLast5": 34.4,
        "shotsAgainstPerGame": 31.9,
        "shotsAgainstPerGameLast5": 36.0,
        "oppSavesAgainstPer60": 29.1,
        "oppSavesAgainstPer60Last1": 18.0,
        "oppSavesAgainstPer60Last3": 24.6,
        "oppSavesAgainstPer60Last5": 28.6,
        "oppShotsAgainstPerGame": 29.6,
        "oppShotsAgainstPerGameLast5": 29.6,
        "savesProj": 30.2,
        "savesProjLast5": 32.7,
        "savesProjLast3": 28.7,
        "oppSavesAgainstProj": 29.7,
        "oppSavesAgainstProjLast5": 29.9,
        "oppSavesAgainstProjLast3": 26.8,
        "totalOver": 64,
        "totalOverLast5": 80,
        "lastTotalOver": 46,
        "last5": "6,8,5,4,2,7,0,3,4,2",
        "overOdds": "-125",
        "underOdds": "-105",
        "overUnder": "-125 / -105"
    },
    {
        "player": "Claude Giroux",
        "team": "OTT",
        "opponent": "BOS",
        "propType": "sog",
        "line": 2.5,
        "ppLine": "PP2",
        "avg": 2.53,
        "hit": false,
        "diffAvg": 0.01,
        "diffAbs": 0.12,
        "lastAvg": 2.36,
        "diff": -0.06,
        "avgMin": 18,
        "proj": 2.2,
        "lastAvgMin": 19.07,
        "oppOver": 0,
        "teamOver": 0,
        "gameLine": "+245",
        "+/-": "+4",
        "L5_+/-": -1.0,
        "prevMatchup": "2023-02-20 5.0 sog, 2022-12-27 0.0 sog, 2022-10-18 2.0 sog",
        "winLossSplits": "2.25 - 2.66",
        "awayHome": "A",
        "playedYesterday": "Y",
        "awayHomeSplits": "2.74 - 2.31",
        "savesAboveExp": 0.892,
        "gsaa": 38.7,
        "corsi": "51.1% (61.2) // 50.5% (60.7) // 46.5% (57.9) // 51.3% (68.4)",
        "fenwick": "51.3% (45.7) // 51.3% (46.1) // 47.7% (43.6) // 52.5% (50.6)",
        "shots": "51.0% (32.8) // 51.1% (32.8) // 47.8% (31.6) // 50.2% (35.4)",
        "scoring": "50.6% (32.3) // 44.7% (29.1) // 41.9% (28.8) // 46.2% (31.8)",
        "corsiAgainst": "48.9% (58.6) // 49.5% (59.5) // 53.5% (66.6) // 48.7% (64.9)",
        "fenwickAgainst": "48.7% (43.4) // 48.7% (43.8) // 52.3% (47.8) // 47.5% (45.7)",
        "shotsAgainst": "49.0% (31.6) // 48.9% (31.4) // 52.2% (34.5) // 49.8% (35.0)",
        "scoringAgainst": "49.4% (31.4) // 55.3% (35.9) // 58.1% (39.9) // 53.8% (37.0)",
        "oppCorsi": "51.4% (57.9) // 50.9% (56.4) // 53.3% (60.5) // 46.1% (51.0)",
        "oppFenwick": "51.9% (43.8) // 50.2% (42.5) // 52.3% (45.5) // 47.7% (41.3)",
        "oppShots": "52.7% (32.5) // 50.2% (31.1) // 52.8% (33.3) // 48.3% (29.0)",
        "oppScoring": "52.9% (32.1) // 52.2% (32.9) // 54.9% (35.3) // 47.0% (28.3)",
        "oppCorsiAgainst": "48.6% (54.7) // 49.1% (54.5) // 46.7% (53.0) // 53.9% (59.7)",
        "oppFenwickAgainst": "48.1% (40.6) // 49.8% (42.1) // 47.7% (41.5) // 52.3% (45.3)",
        "oppShotsAgainst": "47.3% (29.2) // 49.8% (30.8) // 47.2% (29.8) // 51.7% (31.0)",
        "oppScoringAgainst": "47.1% (28.6) // 47.8% (30.2) // 45.1% (29.0) // 53.0% (32.0)",
        "savesPerGame": 28.6,
        "savesPerGameLast1": 48.0,
        "savesPerGameLast3": 32.7,
        "savesPerGameLast5": 31.8,
        "savesPer60": 28.6,
        "savesPer60Last1": 48.0,
        "savesPer60Last3": 33.0,
        "savesPer60Last5": 32.0,
        "shotsPerGame": 33.1,
        "shotsPerGameLast5": 34.4,
        "shotsAgainstPerGame": 31.9,
        "shotsAgainstPerGameLast5": 36.0,
        "oppSavesAgainstPer60": 29.1,
        "oppSavesAgainstPer60Last1": 18.0,
        "oppSavesAgainstPer60Last3": 24.6,
        "oppSavesAgainstPer60Last5": 28.6,
        "oppShotsAgainstPerGame": 29.6,
        "oppShotsAgainstPerGameLast5": 29.6,
        "savesProj": 30.2,
        "savesProjLast5": 32.7,
        "savesProjLast3": 28.7,
        "oppSavesAgainstProj": 29.7,
        "oppSavesAgainstProjLast5": 29.9,
        "oppSavesAgainstProjLast3": 26.8,
        "totalOver": 44,
        "totalOverLast5": 60,
        "lastTotalOver": 49,
        "last5": "1,8,1,4,3,2,2,2,1,4",
        "overOdds": "+105",
        "underOdds": "-135",
        "overUnder": "+105 / -135"
    },
    {
        "player": "David Pastrnak",
        "team": "BOS",
        "opponent": "OTT",
        "propType": "sog",
        "line": 4.5,
        "ppLine": "PP1",
        "avg": 4.72,
        "hit": false,
        "diffAvg": 0.05,
        "diffAbs": 0.11,
        "lastAvg": 3.95,
        "diff": -0.12,
        "avgMin": 19,
        "proj": 4.0,
        "lastAvgMin": 18.6,
        "oppOver": 0,
        "teamOver": 0,
        "gameLine": "-295",
        "+/-": "+31",
        "L5_+/-": "+3.0",
        "prevMatchup": "2023-02-20 6.0 sog, 2022-12-27 6.0 sog, 2022-10-18 5.0 sog",
        "winLossSplits": "4.67 - 4.29",
        "awayHome": "H",
        "playedYesterday": "N",
        "awayHomeSplits": "4.61 - 4.85",
        "savesAboveExp": "-",
        "gsaa": -7.74,
        "corsi": "51.4% (57.9) // 50.9% (56.4) // 53.3% (60.5) // 46.1% (51.0)",
        "fenwick": "51.9% (43.8) // 50.2% (42.5) // 52.3% (45.5) // 47.7% (41.3)",
        "shots": "52.7% (32.5) // 50.2% (31.1) // 52.8% (33.3) // 48.3% (29.0)",
        "scoring": "52.9% (32.1) // 52.2% (32.9) // 54.9% (35.3) // 47.0% (28.3)",
        "corsiAgainst": "48.6% (54.7) // 49.1% (54.5) // 46.7% (53.0) // 53.9% (59.7)",
        "fenwickAgainst": "48.1% (40.6) // 49.8% (42.1) // 47.7% (41.5) // 52.3% (45.3)",
        "shotsAgainst": "47.3% (29.2) // 49.8% (30.8) // 47.2% (29.8) // 51.7% (31.0)",
        "scoringAgainst": "47.1% (28.6) // 47.8% (30.2) // 45.1% (29.0) // 53.0% (32.0)",
        "oppCorsi": "51.1% (61.2) // 50.5% (60.7) // 46.5% (57.9) // 51.3% (68.4)",
        "oppFenwick": "51.3% (45.7) // 51.3% (46.1) // 47.7% (43.6) // 52.5% (50.6)",
        "oppShots": "51.0% (32.8) // 51.1% (32.8) // 47.8% (31.6) // 50.2% (35.4)",
        "oppScoring": "50.6% (32.3) // 44.7% (29.1) // 41.9% (28.8) // 46.2% (31.8)",
        "oppCorsiAgainst": "48.9% (58.6) // 49.5% (59.5) // 53.5% (66.6) // 48.7% (64.9)",
        "oppFenwickAgainst": "48.7% (43.4) // 48.7% (43.8) // 52.3% (47.8) // 47.5% (45.7)",
        "oppShotsAgainst": "49.0% (31.6) // 48.9% (31.4) // 52.2% (34.5) // 49.8% (35.0)",
        "oppScoringAgainst": "49.4% (31.4) // 55.3% (35.9) // 58.1% (39.9) // 53.8% (37.0)",
        "savesPerGame": 27.4,
        "savesPerGameLast1": 26.0,
        "savesPerGameLast3": 30.3,
        "savesPerGameLast5": 27.0,
        "savesPer60": 27.6,
        "savesPer60Last1": 25.8,
        "savesPer60Last3": 30.2,
        "savesPer60Last5": 26.7,
        "shotsPerGame": 32.9,
        "shotsPerGameLast5": 32.4,
        "shotsAgainstPerGame": 29.6,
        "shotsAgainstPerGameLast5": 29.6,
        "oppSavesAgainstPer60": 30.1,
        "oppSavesAgainstPer60Last1": 19.0,
        "oppSavesAgainstPer60Last3": 32.8,
        "oppSavesAgainstPer60Last5": 31.5,
        "oppShotsAgainstPerGame": 31.9,
        "oppShotsAgainstPerGameLast5": 36.0,
        "savesProj": 29.0,
        "savesProjLast5": 29.5,
        "savesProjLast3": 34.9,
        "oppSavesAgainstProj": 28.9,
        "oppSavesAgainstProjLast5": 31.5,
        "oppSavesAgainstProjLast3": 35.4,
        "totalOver": 57,
        "totalOverLast5": 60,
        "lastTotalOver": 46,
        "last5": "5,6,5,3,2,7,6,3,4,2",
        "overOdds": "-110",
        "underOdds": "-120",
        "overUnder": "-110 / -120"
    },
    {
        "player": "Drake Batherson",
        "team": "OTT",
        "opponent": "BOS",
        "propType": "sog",
        "line": 2.5,
        "ppLine": "PP1",
        "avg": 2.96,
        "hit": false,
        "diffAvg": 0.18,
        "diffAbs": 0.08,
        "lastAvg": 2.39,
        "diff": -0.04,
        "avgMin": 18,
        "proj": 2.3,
        "lastAvgMin": 18.92,
        "oppOver": 0,
        "teamOver": 0,
        "gameLine": "+245",
        "+/-": -33,
        "L5_+/-": -5.0,
        "prevMatchup": "2023-02-20 2.0 sog, 2022-12-27 2.0 sog, 2022-10-18 2.0 sog",
        "winLossSplits": "3.04 - 2.75",
        "awayHome": "A",
        "playedYesterday": "Y",
        "awayHomeSplits": "2.6 - 3.31",
        "savesAboveExp": 0.892,
        "gsaa": 38.7,
        "corsi": "51.1% (61.2) // 50.5% (60.7) // 46.5% (57.9) // 51.3% (68.4)",
        "fenwick": "51.3% (45.7) // 51.3% (46.1) // 47.7% (43.6) // 52.5% (50.6)",
        "shots": "51.0% (32.8) // 51.1% (32.8) // 47.8% (31.6) // 50.2% (35.4)",
        "scoring": "50.6% (32.3) // 44.7% (29.1) // 41.9% (28.8) // 46.2% (31.8)",
        "corsiAgainst": "48.9% (58.6) // 49.5% (59.5) // 53.5% (66.6) // 48.7% (64.9)",
        "fenwickAgainst": "48.7% (43.4) // 48.7% (43.8) // 52.3% (47.8) // 47.5% (45.7)",
        "shotsAgainst": "49.0% (31.6) // 48.9% (31.4) // 52.2% (34.5) // 49.8% (35.0)",
        "scoringAgainst": "49.4% (31.4) // 55.3% (35.9) // 58.1% (39.9) // 53.8% (37.0)",
        "oppCorsi": "51.4% (57.9) // 50.9% (56.4) // 53.3% (60.5) // 46.1% (51.0)",
        "oppFenwick": "51.9% (43.8) // 50.2% (42.5) // 52.3% (45.5) // 47.7% (41.3)",
        "oppShots": "52.7% (32.5) // 50.2% (31.1) // 52.8% (33.3) // 48.3% (29.0)",
        "oppScoring": "52.9% (32.1) // 52.2% (32.9) // 54.9% (35.3) // 47.0% (28.3)",
        "oppCorsiAgainst": "48.6% (54.7) // 49.1% (54.5) // 46.7% (53.0) // 53.9% (59.7)",
        "oppFenwickAgainst": "48.1% (40.6) // 49.8% (42.1) // 47.7% (41.5) // 52.3% (45.3)",
        "oppShotsAgainst": "47.3% (29.2) // 49.8% (30.8) // 47.2% (29.8) // 51.7% (31.0)",
        "oppScoringAgainst": "47.1% (28.6) // 47.8% (30.2) // 45.1% (29.0) // 53.0% (32.0)",
        "savesPerGame": 28.6,
        "savesPerGameLast1": 48.0,
        "savesPerGameLast3": 32.7,
        "savesPerGameLast5": 31.8,
        "savesPer60": 28.6,
        "savesPer60Last1": 48.0,
        "savesPer60Last3": 33.0,
        "savesPer60Last5": 32.0,
        "shotsPerGame": 33.1,
        "shotsPerGameLast5": 34.4,
        "shotsAgainstPerGame": 31.9,
        "shotsAgainstPerGameLast5": 36.0,
        "oppSavesAgainstPer60": 29.1,
        "oppSavesAgainstPer60Last1": 18.0,
        "oppSavesAgainstPer60Last3": 24.6,
        "oppSavesAgainstPer60Last5": 28.6,
        "oppShotsAgainstPerGame": 29.6,
        "oppShotsAgainstPerGameLast5": 29.6,
        "savesProj": 30.2,
        "savesProjLast5": 32.7,
        "savesProjLast3": 28.7,
        "oppSavesAgainstProj": 29.7,
        "oppSavesAgainstProjLast5": 29.9,
        "oppSavesAgainstProjLast3": 26.8,
        "totalOver": 57,
        "totalOverLast5": 60,
        "lastTotalOver": 41,
        "last5": "2,4,3,2,4,2,2,3,5,3",
        "overOdds": "-125",
        "underOdds": "-105",
        "overUnder": "-125 / -105"
    },
    {
        "player": "Jake Debrusk",
        "team": "BOS",
        "opponent": "OTT",
        "propType": "sog",
        "line": 2.5,
        "ppLine": "PP1",
        "avg": 2.98,
        "hit": false,
        "diffAvg": 0.19,
        "diffAbs": 0.08,
        "lastAvg": 2.19,
        "diff": -0.12,
        "avgMin": 16,
        "proj": 2.3,
        "lastAvgMin": 15.03,
        "oppOver": 0,
        "teamOver": 0,
        "gameLine": "-295",
        "+/-": "+22",
        "L5_+/-": "+4.0",
        "prevMatchup": "2023-02-20 5.0 sog, 2022-12-27 4.0 sog, 2022-10-18 4.0 sog",
        "winLossSplits": "3.02 - 2.17",
        "awayHome": "H",
        "playedYesterday": "N",
        "awayHomeSplits": "2.92 - 3.04",
        "savesAboveExp": "-",
        "gsaa": -7.74,
        "corsi": "51.4% (57.9) // 50.9% (56.4) // 53.3% (60.5) // 46.1% (51.0)",
        "fenwick": "51.9% (43.8) // 50.2% (42.5) // 52.3% (45.5) // 47.7% (41.3)",
        "shots": "52.7% (32.5) // 50.2% (31.1) // 52.8% (33.3) // 48.3% (29.0)",
        "scoring": "52.9% (32.1) // 52.2% (32.9) // 54.9% (35.3) // 47.0% (28.3)",
        "corsiAgainst": "48.6% (54.7) // 49.1% (54.5) // 46.7% (53.0) // 53.9% (59.7)",
        "fenwickAgainst": "48.1% (40.6) // 49.8% (42.1) // 47.7% (41.5) // 52.3% (45.3)",
        "shotsAgainst": "47.3% (29.2) // 49.8% (30.8) // 47.2% (29.8) // 51.7% (31.0)",
        "scoringAgainst": "47.1% (28.6) // 47.8% (30.2) // 45.1% (29.0) // 53.0% (32.0)",
        "oppCorsi": "51.1% (61.2) // 50.5% (60.7) // 46.5% (57.9) // 51.3% (68.4)",
        "oppFenwick": "51.3% (45.7) // 51.3% (46.1) // 47.7% (43.6) // 52.5% (50.6)",
        "oppShots": "51.0% (32.8) // 51.1% (32.8) // 47.8% (31.6) // 50.2% (35.4)",
        "oppScoring": "50.6% (32.3) // 44.7% (29.1) // 41.9% (28.8) // 46.2% (31.8)",
        "oppCorsiAgainst": "48.9% (58.6) // 49.5% (59.5) // 53.5% (66.6) // 48.7% (64.9)",
        "oppFenwickAgainst": "48.7% (43.4) // 48.7% (43.8) // 52.3% (47.8) // 47.5% (45.7)",
        "oppShotsAgainst": "49.0% (31.6) // 48.9% (31.4) // 52.2% (34.5) // 49.8% (35.0)",
        "oppScoringAgainst": "49.4% (31.4) // 55.3% (35.9) // 58.1% (39.9) // 53.8% (37.0)",
        "savesPerGame": 27.4,
        "savesPerGameLast1": 26.0,
        "savesPerGameLast3": 30.3,
        "savesPerGameLast5": 27.0,
        "savesPer60": 27.6,
        "savesPer60Last1": 25.8,
        "savesPer60Last3": 30.2,
        "savesPer60Last5": 26.7,
        "shotsPerGame": 32.9,
        "shotsPerGameLast5": 32.4,
        "shotsAgainstPerGame": 29.6,
        "shotsAgainstPerGameLast5": 29.6,
        "oppSavesAgainstPer60": 30.1,
        "oppSavesAgainstPer60Last1": 19.0,
        "oppSavesAgainstPer60Last3": 32.8,
        "oppSavesAgainstPer60Last5": 31.5,
        "oppShotsAgainstPerGame": 31.9,
        "oppShotsAgainstPerGameLast5": 36.0,
        "savesProj": 29.0,
        "savesProjLast5": 29.5,
        "savesProjLast3": 34.9,
        "oppSavesAgainstProj": 28.9,
        "oppSavesAgainstProjLast5": 31.5,
        "oppSavesAgainstProjLast3": 35.4,
        "totalOver": 53,
        "totalOverLast5": 60,
        "lastTotalOver": 40,
        "last5": "4,3,2,3,2,1,1,2,2,0",
        "overOdds": "-110",
        "underOdds": "-120",
        "overUnder": "-110 / -120"
    },
    {
        "player": "Jakob Chychrun",
        "team": "OTT",
        "opponent": "BOS",
        "propType": "sog",
        "line": 2.5,
        "ppLine": "PP2",
        "avg": 3.04,
        "hit": false,
        "diffAvg": 0.22,
        "diffAbs": 0.16,
        "lastAvg": 3.0,
        "diff": 0.2,
        "avgMin": 22,
        "proj": 2.9,
        "lastAvgMin": 22.98,
        "oppOver": 0,
        "teamOver": 0,
        "gameLine": "+245",
        "+/-": -2,
        "L5_+/-": -2.0,
        "prevMatchup": "2022-12-09 1.0 sog",
        "winLossSplits": "3.08 - 2.87",
        "awayHome": "A",
        "playedYesterday": "Y",
        "awayHomeSplits": "3.0 - 3.1",
        "savesAboveExp": 0.892,
        "gsaa": 38.7,
        "corsi": "51.1% (61.2) // 50.5% (60.7) // 46.5% (57.9) // 51.3% (68.4)",
        "fenwick": "51.3% (45.7) // 51.3% (46.1) // 47.7% (43.6) // 52.5% (50.6)",
        "shots": "51.0% (32.8) // 51.1% (32.8) // 47.8% (31.6) // 50.2% (35.4)",
        "scoring": "50.6% (32.3) // 44.7% (29.1) // 41.9% (28.8) // 46.2% (31.8)",
        "corsiAgainst": "48.9% (58.6) // 49.5% (59.5) // 53.5% (66.6) // 48.7% (64.9)",
        "fenwickAgainst": "48.7% (43.4) // 48.7% (43.8) // 52.3% (47.8) // 47.5% (45.7)",
        "shotsAgainst": "49.0% (31.6) // 48.9% (31.4) // 52.2% (34.5) // 49.8% (35.0)",
        "scoringAgainst": "49.4% (31.4) // 55.3% (35.9) // 58.1% (39.9) // 53.8% (37.0)",
        "oppCorsi": "51.4% (57.9) // 50.9% (56.4) // 53.3% (60.5) // 46.1% (51.0)",
        "oppFenwick": "51.9% (43.8) // 50.2% (42.5) // 52.3% (45.5) // 47.7% (41.3)",
        "oppShots": "52.7% (32.5) // 50.2% (31.1) // 52.8% (33.3) // 48.3% (29.0)",
        "oppScoring": "52.9% (32.1) // 52.2% (32.9) // 54.9% (35.3) // 47.0% (28.3)",
        "oppCorsiAgainst": "48.6% (54.7) // 49.1% (54.5) // 46.7% (53.0) // 53.9% (59.7)",
        "oppFenwickAgainst": "48.1% (40.6) // 49.8% (42.1) // 47.7% (41.5) // 52.3% (45.3)",
        "oppShotsAgainst": "47.3% (29.2) // 49.8% (30.8) // 47.2% (29.8) // 51.7% (31.0)",
        "oppScoringAgainst": "47.1% (28.6) // 47.8% (30.2) // 45.1% (29.0) // 53.0% (32.0)",
        "savesPerGame": 28.6,
        "savesPerGameLast1": 48.0,
        "savesPerGameLast3": 32.7,
        "savesPerGameLast5": 31.8,
        "savesPer60": 28.6,
        "savesPer60Last1": 48.0,
        "savesPer60Last3": 33.0,
        "savesPer60Last5": 32.0,
        "shotsPerGame": 33.1,
        "shotsPerGameLast5": 34.4,
        "shotsAgainstPerGame": 31.9,
        "shotsAgainstPerGameLast5": 36.0,
        "oppSavesAgainstPer60": 29.1,
        "oppSavesAgainstPer60Last1": 18.0,
        "oppSavesAgainstPer60Last3": 24.6,
        "oppSavesAgainstPer60Last5": 28.6,
        "oppShotsAgainstPerGame": 29.6,
        "oppShotsAgainstPerGameLast5": 29.6,
        "savesProj": 30.2,
        "savesProjLast5": 32.7,
        "savesProjLast3": 28.7,
        "oppSavesAgainstProj": 29.7,
        "oppSavesAgainstProjLast5": 29.9,
        "oppSavesAgainstProjLast3": 26.8,
        "totalOver": 65,
        "totalOverLast5": 60,
        "lastTotalOver": 58,
        "last5": "0,4,4,4,2,3,3,3,2,1",
        "overOdds": "-125",
        "underOdds": "-105",
        "overUnder": "-125 / -105"
    },
    {
        "player": "Patrice Bergeron",
        "team": "BOS",
        "opponent": "OTT",
        "propType": "sog",
        "line": 3.5,
        "ppLine": "PP1",
        "avg": 3.28,
        "hit": false,
        "diffAvg": -0.06,
        "diffAbs": 0.03,
        "lastAvg": 3.62,
        "diff": 0.03,
        "avgMin": 17,
        "proj": 3.4,
        "lastAvgMin": 18.17,
        "oppOver": 0,
        "teamOver": 0,
        "gameLine": "-295",
        "+/-": "+31",
        "L5_+/-": "+3.0",
        "prevMatchup": "2023-02-20 2.0 sog, 2022-12-27 8.0 sog, 2022-10-18 7.0 sog",
        "winLossSplits": "3.08 - 3.69",
        "awayHome": "H",
        "playedYesterday": "N",
        "awayHomeSplits": "3.14 - 3.42",
        "savesAboveExp": "-",
        "gsaa": -7.74,
        "corsi": "51.4% (57.9) // 50.9% (56.4) // 53.3% (60.5) // 46.1% (51.0)",
        "fenwick": "51.9% (43.8) // 50.2% (42.5) // 52.3% (45.5) // 47.7% (41.3)",
        "shots": "52.7% (32.5) // 50.2% (31.1) // 52.8% (33.3) // 48.3% (29.0)",
        "scoring": "52.9% (32.1) // 52.2% (32.9) // 54.9% (35.3) // 47.0% (28.3)",
        "corsiAgainst": "48.6% (54.7) // 49.1% (54.5) // 46.7% (53.0) // 53.9% (59.7)",
        "fenwickAgainst": "48.1% (40.6) // 49.8% (42.1) // 47.7% (41.5) // 52.3% (45.3)",
        "shotsAgainst": "47.3% (29.2) // 49.8% (30.8) // 47.2% (29.8) // 51.7% (31.0)",
        "scoringAgainst": "47.1% (28.6) // 47.8% (30.2) // 45.1% (29.0) // 53.0% (32.0)",
        "oppCorsi": "51.1% (61.2) // 50.5% (60.7) // 46.5% (57.9) // 51.3% (68.4)",
        "oppFenwick": "51.3% (45.7) // 51.3% (46.1) // 47.7% (43.6) // 52.5% (50.6)",
        "oppShots": "51.0% (32.8) // 51.1% (32.8) // 47.8% (31.6) // 50.2% (35.4)",
        "oppScoring": "50.6% (32.3) // 44.7% (29.1) // 41.9% (28.8) // 46.2% (31.8)",
        "oppCorsiAgainst": "48.9% (58.6) // 49.5% (59.5) // 53.5% (66.6) // 48.7% (64.9)",
        "oppFenwickAgainst": "48.7% (43.4) // 48.7% (43.8) // 52.3% (47.8) // 47.5% (45.7)",
        "oppShotsAgainst": "49.0% (31.6) // 48.9% (31.4) // 52.2% (34.5) // 49.8% (35.0)",
        "oppScoringAgainst": "49.4% (31.4) // 55.3% (35.9) // 58.1% (39.9) // 53.8% (37.0)",
        "savesPerGame": 27.4,
        "savesPerGameLast1": 26.0,
        "savesPerGameLast3": 30.3,
        "savesPerGameLast5": 27.0,
        "savesPer60": 27.6,
        "savesPer60Last1": 25.8,
        "savesPer60Last3": 30.2,
        "savesPer60Last5": 26.7,
        "shotsPerGame": 32.9,
        "shotsPerGameLast5": 32.4,
        "shotsAgainstPerGame": 29.6,
        "shotsAgainstPerGameLast5": 29.6,
        "oppSavesAgainstPer60": 30.1,
        "oppSavesAgainstPer60Last1": 19.0,
        "oppSavesAgainstPer60Last3": 32.8,
        "oppSavesAgainstPer60Last5": 31.5,
        "oppShotsAgainstPerGame": 31.9,
        "oppShotsAgainstPerGameLast5": 36.0,
        "savesProj": 29.0,
        "savesProjLast5": 29.5,
        "savesProjLast3": 34.9,
        "oppSavesAgainstProj": 28.9,
        "oppSavesAgainstProjLast5": 31.5,
        "oppSavesAgainstProjLast3": 35.4,
        "totalOver": 43,
        "totalOverLast5": 40,
        "lastTotalOver": 56,
        "last5": "4,2,2,5,3,4,4,3,6,3",
        "overOdds": "+100",
        "underOdds": "-130",
        "overUnder": "+100 / -130"
    },
    {
        "player": "Thomas Chabot",
        "team": "OTT",
        "opponent": "BOS",
        "propType": "sog",
        "line": 2.5,
        "ppLine": "PP2",
        "avg": 2.53,
        "hit": false,
        "diffAvg": 0.01,
        "diffAbs": 0.12,
        "lastAvg": 2.93,
        "diff": 0.17,
        "avgMin": 25,
        "proj": 2.8,
        "lastAvgMin": 26.18,
        "oppOver": 0,
        "teamOver": 0,
        "gameLine": "+245",
        "+/-": -11,
        "L5_+/-": -3.0,
        "prevMatchup": "2023-02-20 3.0 sog, 2022-12-27 3.0 sog, 2022-10-18 0.0 sog",
        "winLossSplits": "3.12 - 1.98",
        "awayHome": "A",
        "playedYesterday": "Y",
        "awayHomeSplits": "2.47 - 2.59",
        "savesAboveExp": 0.892,
        "gsaa": 38.7,
        "corsi": "51.1% (61.2) // 50.5% (60.7) // 46.5% (57.9) // 51.3% (68.4)",
        "fenwick": "51.3% (45.7) // 51.3% (46.1) // 47.7% (43.6) // 52.5% (50.6)",
        "shots": "51.0% (32.8) // 51.1% (32.8) // 47.8% (31.6) // 50.2% (35.4)",
        "scoring": "50.6% (32.3) // 44.7% (29.1) // 41.9% (28.8) // 46.2% (31.8)",
        "corsiAgainst": "48.9% (58.6) // 49.5% (59.5) // 53.5% (66.6) // 48.7% (64.9)",
        "fenwickAgainst": "48.7% (43.4) // 48.7% (43.8) // 52.3% (47.8) // 47.5% (45.7)",
        "shotsAgainst": "49.0% (31.6) // 48.9% (31.4) // 52.2% (34.5) // 49.8% (35.0)",
        "scoringAgainst": "49.4% (31.4) // 55.3% (35.9) // 58.1% (39.9) // 53.8% (37.0)",
        "oppCorsi": "51.4% (57.9) // 50.9% (56.4) // 53.3% (60.5) // 46.1% (51.0)",
        "oppFenwick": "51.9% (43.8) // 50.2% (42.5) // 52.3% (45.5) // 47.7% (41.3)",
        "oppShots": "52.7% (32.5) // 50.2% (31.1) // 52.8% (33.3) // 48.3% (29.0)",
        "oppScoring": "52.9% (32.1) // 52.2% (32.9) // 54.9% (35.3) // 47.0% (28.3)",
        "oppCorsiAgainst": "48.6% (54.7) // 49.1% (54.5) // 46.7% (53.0) // 53.9% (59.7)",
        "oppFenwickAgainst": "48.1% (40.6) // 49.8% (42.1) // 47.7% (41.5) // 52.3% (45.3)",
        "oppShotsAgainst": "47.3% (29.2) // 49.8% (30.8) // 47.2% (29.8) // 51.7% (31.0)",
        "oppScoringAgainst": "47.1% (28.6) // 47.8% (30.2) // 45.1% (29.0) // 53.0% (32.0)",
        "savesPerGame": 28.6,
        "savesPerGameLast1": 48.0,
        "savesPerGameLast3": 32.7,
        "savesPerGameLast5": 31.8,
        "savesPer60": 28.6,
        "savesPer60Last1": 48.0,
        "savesPer60Last3": 33.0,
        "savesPer60Last5": 32.0,
        "shotsPerGame": 33.1,
        "shotsPerGameLast5": 34.4,
        "shotsAgainstPerGame": 31.9,
        "shotsAgainstPerGameLast5": 36.0,
        "oppSavesAgainstPer60": 29.1,
        "oppSavesAgainstPer60Last1": 18.0,
        "oppSavesAgainstPer60Last3": 24.6,
        "oppSavesAgainstPer60Last5": 28.6,
        "oppShotsAgainstPerGame": 29.6,
        "oppShotsAgainstPerGameLast5": 29.6,
        "savesProj": 30.2,
        "savesProjLast5": 32.7,
        "savesProjLast3": 28.7,
        "oppSavesAgainstProj": 29.7,
        "oppSavesAgainstProjLast5": 29.9,
        "oppSavesAgainstProjLast3": 26.8,
        "totalOver": 48,
        "totalOverLast5": 40,
        "lastTotalOver": 66,
        "last5": "3,0,1,3,0,1,2,2,4,2",
        "overOdds": "+125",
        "underOdds": "-155",
        "overUnder": "+125 / -155"
    },
    {
        "player": "Tim Stutzle",
        "team": "OTT",
        "opponent": "BOS",
        "propType": "sog",
        "line": 2.5,
        "ppLine": "PP1",
        "avg": 2.92,
        "hit": false,
        "diffAvg": 0.17,
        "diffAbs": 0.04,
        "lastAvg": 2.23,
        "diff": -0.11,
        "avgMin": 20,
        "proj": 2.4,
        "lastAvgMin": 18.4,
        "oppOver": 0,
        "teamOver": 0,
        "gameLine": "+245",
        "+/-": -1,
        "L5_+/-": 0.0,
        "prevMatchup": "2023-02-20 3.0 sog, 2022-12-27 4.0 sog, 2022-10-18 1.0 sog",
        "winLossSplits": "2.83 - 2.66",
        "awayHome": "A",
        "playedYesterday": "Y",
        "awayHomeSplits": "2.78 - 3.06",
        "savesAboveExp": 0.892,
        "gsaa": 38.7,
        "corsi": "51.1% (61.2) // 50.5% (60.7) // 46.5% (57.9) // 51.3% (68.4)",
        "fenwick": "51.3% (45.7) // 51.3% (46.1) // 47.7% (43.6) // 52.5% (50.6)",
        "shots": "51.0% (32.8) // 51.1% (32.8) // 47.8% (31.6) // 50.2% (35.4)",
        "scoring": "50.6% (32.3) // 44.7% (29.1) // 41.9% (28.8) // 46.2% (31.8)",
        "corsiAgainst": "48.9% (58.6) // 49.5% (59.5) // 53.5% (66.6) // 48.7% (64.9)",
        "fenwickAgainst": "48.7% (43.4) // 48.7% (43.8) // 52.3% (47.8) // 47.5% (45.7)",
        "shotsAgainst": "49.0% (31.6) // 48.9% (31.4) // 52.2% (34.5) // 49.8% (35.0)",
        "scoringAgainst": "49.4% (31.4) // 55.3% (35.9) // 58.1% (39.9) // 53.8% (37.0)",
        "oppCorsi": "51.4% (57.9) // 50.9% (56.4) // 53.3% (60.5) // 46.1% (51.0)",
        "oppFenwick": "51.9% (43.8) // 50.2% (42.5) // 52.3% (45.5) // 47.7% (41.3)",
        "oppShots": "52.7% (32.5) // 50.2% (31.1) // 52.8% (33.3) // 48.3% (29.0)",
        "oppScoring": "52.9% (32.1) // 52.2% (32.9) // 54.9% (35.3) // 47.0% (28.3)",
        "oppCorsiAgainst": "48.6% (54.7) // 49.1% (54.5) // 46.7% (53.0) // 53.9% (59.7)",
        "oppFenwickAgainst": "48.1% (40.6) // 49.8% (42.1) // 47.7% (41.5) // 52.3% (45.3)",
        "oppShotsAgainst": "47.3% (29.2) // 49.8% (30.8) // 47.2% (29.8) // 51.7% (31.0)",
        "oppScoringAgainst": "47.1% (28.6) // 47.8% (30.2) // 45.1% (29.0) // 53.0% (32.0)",
        "savesPerGame": 28.6,
        "savesPerGameLast1": 48.0,
        "savesPerGameLast3": 32.7,
        "savesPerGameLast5": 31.8,
        "savesPer60": 28.6,
        "savesPer60Last1": 48.0,
        "savesPer60Last3": 33.0,
        "savesPer60Last5": 32.0,
        "shotsPerGame": 33.1,
        "shotsPerGameLast5": 34.4,
        "shotsAgainstPerGame": 31.9,
        "shotsAgainstPerGameLast5": 36.0,
        "oppSavesAgainstPer60": 29.1,
        "oppSavesAgainstPer60Last1": 18.0,
        "oppSavesAgainstPer60Last3": 24.6,
        "oppSavesAgainstPer60Last5": 28.6,
        "oppShotsAgainstPerGame": 29.6,
        "oppShotsAgainstPerGameLast5": 29.6,
        "savesProj": 30.2,
        "savesProjLast5": 32.7,
        "savesProjLast3": 28.7,
        "oppSavesAgainstProj": 29.7,
        "oppSavesAgainstProjLast5": 29.9,
        "oppSavesAgainstProjLast3": 26.8,
        "totalOver": 59,
        "totalOverLast5": 80,
        "lastTotalOver": 42,
        "last5": "3,3,3,4,2,1,4,4,4,4",
        "overOdds": "-175",
        "underOdds": "+140",
        "overUnder": "-175 / +140"
    },
    {
        "player": "Tyler Bertuzzi",
        "team": "BOS",
        "opponent": "OTT",
        "propType": "sog",
        "line": 2.5,
        "ppLine": "PP2",
        "avg": 2.08,
        "hit": false,
        "diffAvg": -0.17,
        "diffAbs": 0.16,
        "lastAvg": 2.65,
        "diff": 0.06,
        "avgMin": 16,
        "proj": 2.1,
        "lastAvgMin": 19.87,
        "oppOver": 0,
        "teamOver": 0,
        "gameLine": "-295",
        "+/-": "+2",
        "L5_+/-": 0.0,
        "prevMatchup": "2023-02-28 0.0 sog, 2023-02-27 4.0 sog",
        "winLossSplits": "2.18 - 1.9",
        "awayHome": "H",
        "playedYesterday": "Y",
        "awayHomeSplits": "2.24 - 1.88",
        "savesAboveExp": "-",
        "gsaa": -7.74,
        "corsi": "51.4% (57.9) // 50.9% (56.4) // 53.3% (60.5) // 46.1% (51.0)",
        "fenwick": "51.9% (43.8) // 50.2% (42.5) // 52.3% (45.5) // 47.7% (41.3)",
        "shots": "52.7% (32.5) // 50.2% (31.1) // 52.8% (33.3) // 48.3% (29.0)",
        "scoring": "52.9% (32.1) // 52.2% (32.9) // 54.9% (35.3) // 47.0% (28.3)",
        "corsiAgainst": "48.6% (54.7) // 49.1% (54.5) // 46.7% (53.0) // 53.9% (59.7)",
        "fenwickAgainst": "48.1% (40.6) // 49.8% (42.1) // 47.7% (41.5) // 52.3% (45.3)",
        "shotsAgainst": "47.3% (29.2) // 49.8% (30.8) // 47.2% (29.8) // 51.7% (31.0)",
        "scoringAgainst": "47.1% (28.6) // 47.8% (30.2) // 45.1% (29.0) // 53.0% (32.0)",
        "oppCorsi": "51.1% (61.2) // 50.5% (60.7) // 46.5% (57.9) // 51.3% (68.4)",
        "oppFenwick": "51.3% (45.7) // 51.3% (46.1) // 47.7% (43.6) // 52.5% (50.6)",
        "oppShots": "51.0% (32.8) // 51.1% (32.8) // 47.8% (31.6) // 50.2% (35.4)",
        "oppScoring": "50.6% (32.3) // 44.7% (29.1) // 41.9% (28.8) // 46.2% (31.8)",
        "oppCorsiAgainst": "48.9% (58.6) // 49.5% (59.5) // 53.5% (66.6) // 48.7% (64.9)",
        "oppFenwickAgainst": "48.7% (43.4) // 48.7% (43.8) // 52.3% (47.8) // 47.5% (45.7)",
        "oppShotsAgainst": "49.0% (31.6) // 48.9% (31.4) // 52.2% (34.5) // 49.8% (35.0)",
        "oppScoringAgainst": "49.4% (31.4) // 55.3% (35.9) // 58.1% (39.9) // 53.8% (37.0)",
        "savesPerGame": 27.4,
        "savesPerGameLast1": 26.0,
        "savesPerGameLast3": 30.3,
        "savesPerGameLast5": 27.0,
        "savesPer60": 27.6,
        "savesPer60Last1": 25.8,
        "savesPer60Last3": 30.2,
        "savesPer60Last5": 26.7,
        "shotsPerGame": 32.9,
        "shotsPerGameLast5": 32.4,
        "shotsAgainstPerGame": 29.6,
        "shotsAgainstPerGameLast5": 29.6,
        "oppSavesAgainstPer60": 30.1,
        "oppSavesAgainstPer60Last1": 19.0,
        "oppSavesAgainstPer60Last3": 32.8,
        "oppSavesAgainstPer60Last5": 31.5,
        "oppShotsAgainstPerGame": 31.9,
        "oppShotsAgainstPerGameLast5": 36.0,
        "savesProj": 29.0,
        "savesProjLast5": 29.5,
        "savesProjLast3": 34.9,
        "oppSavesAgainstProj": 28.9,
        "oppSavesAgainstProjLast5": 31.5,
        "oppSavesAgainstProjLast3": 35.4,
        "totalOver": 35,
        "totalOverLast5": 40,
        "lastTotalOver": 37,
        "last5": "1,3,4,2,1,3,0,1,0,4",
        "overOdds": "+150",
        "underOdds": "-185",
        "overUnder": "+150 / -185"
    },
    {
        "player": "Brandon Hagel",
        "team": "TB",
        "opponent": "MTL",
        "propType": "sog",
        "line": 2.5,
        "ppLine": "PP2",
        "avg": 2.13,
        "hit": false,
        "diffAvg": -0.15,
        "diffAbs": 0.44,
        "lastAvg": 1.25,
        "diff": -0.5,
        "avgMin": 18,
        "proj": 1.4,
        "lastAvgMin": 16.35,
        "oppOver": 0,
        "teamOver": 0,
        "gameLine": "-255",
        "+/-": "+21",
        "L5_+/-": "+11.0",
        "prevMatchup": "2023-03-18 7.0 sog, 2022-12-28 3.0 sog, 2022-12-17 3.0 sog",
        "winLossSplits": "2.3 - 1.56",
        "awayHome": "A",
        "playedYesterday": "N",
        "awayHomeSplits": "1.91 - 2.32",
        "savesAboveExp": 0.116,
        "gsaa": -15.53,
        "corsi": "51.5% (59.6) // 53.5% (61.0) // 53.9% (61.5) // 51.8% (61.3)",
        "fenwick": "51.7% (45.1) // 52.8% (45.0) // 53.4% (45.4) // 50.2% (43.5)",
