[
    {
        "player": "Bryan Rust",
        "team": "PIT",
        "opponent": "COL",
        "propType": "g",
        "line": 0.5,
        "ppLine": "PP2",
        "avg": 0.22,
        "hit": false,
        "diffAvg": -0.56,
        "diffAbs": 0.4,
        "lastAvg": 0.36,
        "diff": -0.28,
        "avgMin": 17,
        "proj": 0.3,
        "lastAvgMin": 18.77,
        "oppOver": 0,
        "teamOver": 0,
        "gameLine": "+140",
        "+/-": -10,
        "L5_+/-": -3.0,
        "prevMatchup": "2023-02-07 1.0 g",
        "winLossSplits": "0.36 - 0.1",
        "awayHome": "A",
        "playedYesterday": "N",
        "awayHomeSplits": "0.17 - 0.26",
        "savesAboveExp": 0.16,
        "gsaa": 23.16,
        "corsi": "51.7% (62.7) // 55.3% (67.5) // 57.9% (72.0) // 58.0% (72.3)",
        "fenwick": "51.5% (46.8) // 55.7% (49.9) // 59.0% (52.3) // 58.2% (52.0)",
        "shots": "50.8% (33.8) // 56.0% (36.6) // 59.4% (38.2) // 58.8% (38.0)",
        "scoring": "52.4% (33.0) // 58.0% (36.1) // 62.3% (40.4) // 61.7% (39.7)",
        "corsiAgainst": "48.3% (58.6) // 44.7% (54.5) // 42.1% (52.3) // 42.0% (52.3)",
        "fenwickAgainst": "48.5% (44.0) // 44.3% (39.7) // 41.0% (36.4) // 41.8% (37.3)",
        "shotsAgainst": "49.2% (32.8) // 44.0% (28.7) // 40.6% (26.1) // 41.2% (26.7)",
        "scoringAgainst": "47.6% (29.9) // 42.0% (26.1) // 37.7% (24.5) // 38.3% (24.7)",
        "oppCorsi": "52.1% (59.7) // 56.0% (61.0) // 53.3% (57.4) // 48.2% (54.3)",
        "oppFenwick": "51.4% (43.8) // 56.1% (44.7) // 52.7% (40.7) // 48.6% (40.7)",
        "oppShots": "51.4% (32.6) // 55.1% (31.8) // 52.3% (28.9) // 46.7% (28.3)",
        "oppScoring": "53.1% (30.0) // 58.8% (32.4) // 57.9% (33.0) // 54.5% (32.3)",
        "oppCorsiAgainst": "47.9% (54.8) // 44.0% (47.9) // 46.7% (50.4) // 51.8% (58.3)",
        "oppFenwickAgainst": "48.6% (41.4) // 43.9% (35.0) // 47.3% (36.6) // 51.4% (43.0)",
        "oppShotsAgainst": "48.6% (30.9) // 44.9% (25.9) // 47.7% (26.4) // 53.3% (32.3)",
        "oppScoringAgainst": "46.9% (26.4) // 41.2% (22.7) // 42.1% (24.0) // 45.5% (27.0)",
        "savesPerGame": 29.9,
        "savesPerGameLast1": 19.0,
        "savesPerGameLast3": 22.7,
        "savesPerGameLast5": 22.2,
        "savesPer60": 30.0,
        "savesPer60Last1": 18.5,
        "savesPer60Last3": 22.3,
        "savesPer60Last5": 22.0,
        "shotsPerGame": 34.2,
        "shotsPerGameLast5": 38.4,
        "shotsAgainstPerGame": 33.2,
        "shotsAgainstPerGameLast5": 26.2,
        "oppSavesAgainstPer60": 30.0,
        "oppSavesAgainstPer60Last1": 27.0,
        "oppSavesAgainstPer60Last3": 23.5,
        "oppSavesAgainstPer60Last5": 24.7,
        "oppShotsAgainstPerGame": 31.3,
        "oppShotsAgainstPerGameLast5": 26.8,
        "savesProj": 31.3,
        "savesProjLast5": 18.9,
        "savesProjLast3": 18.2,
        "oppSavesAgainstProj": 31.7,
        "oppSavesAgainstProjLast5": 19.4,
        "oppSavesAgainstProjLast3": 18.4,
        "totalOver": 22,
        "totalOverLast5": 0,
        "lastTotalOver": 28,
        "last5": "0,0,0,0,0,0,0,0,0,1",
        "overOdds": "+300",
        "underOdds": "0",
        "overUnder": "+300 / 0"
    },
    {
        "player": "Evgeni Malkin",
        "team": "PIT",
        "opponent": "COL",
        "propType": "g",
        "line": 0.5,
        "ppLine": "PP1",
        "avg": 0.34,
        "hit": false,
        "diffAvg": -0.32,
        "diffAbs": 0.2,
        "lastAvg": 0.42,
        "diff": -0.16,
        "avgMin": 18,
        "proj": 0.4,
        "lastAvgMin": 18.32,
        "oppOver": 0,
        "teamOver": 0,
        "gameLine": "+140",
        "+/-": -8,
        "L5_+/-": -3.0,
        "prevMatchup": "2023-02-07 0.0 g",
        "winLossSplits": "0.36 - 0.33",
        "awayHome": "A",
        "playedYesterday": "N",
        "awayHomeSplits": "0.26 - 0.43",
        "savesAboveExp": 0.16,
        "gsaa": 23.16,
        "corsi": "51.7% (62.7) // 55.3% (67.5) // 57.9% (72.0) // 58.0% (72.3)",
        "fenwick": "51.5% (46.8) // 55.7% (49.9) // 59.0% (52.3) // 58.2% (52.0)",
        "shots": "50.8% (33.8) // 56.0% (36.6) // 59.4% (38.2) // 58.8% (38.0)",
        "scoring": "52.4% (33.0) // 58.0% (36.1) // 62.3% (40.4) // 61.7% (39.7)",
        "corsiAgainst": "48.3% (58.6) // 44.7% (54.5) // 42.1% (52.3) // 42.0% (52.3)",
        "fenwickAgainst": "48.5% (44.0) // 44.3% (39.7) // 41.0% (36.4) // 41.8% (37.3)",
        "shotsAgainst": "49.2% (32.8) // 44.0% (28.7) // 40.6% (26.1) // 41.2% (26.7)",
        "scoringAgainst": "47.6% (29.9) // 42.0% (26.1) // 37.7% (24.5) // 38.3% (24.7)",
        "oppCorsi": "52.1% (59.7) // 56.0% (61.0) // 53.3% (57.4) // 48.2% (54.3)",
        "oppFenwick": "51.4% (43.8) // 56.1% (44.7) // 52.7% (40.7) // 48.6% (40.7)",
        "oppShots": "51.4% (32.6) // 55.1% (31.8) // 52.3% (28.9) // 46.7% (28.3)",
        "oppScoring": "53.1% (30.0) // 58.8% (32.4) // 57.9% (33.0) // 54.5% (32.3)",
        "oppCorsiAgainst": "47.9% (54.8) // 44.0% (47.9) // 46.7% (50.4) // 51.8% (58.3)",
        "oppFenwickAgainst": "48.6% (41.4) // 43.9% (35.0) // 47.3% (36.6) // 51.4% (43.0)",
        "oppShotsAgainst": "48.6% (30.9) // 44.9% (25.9) // 47.7% (26.4) // 53.3% (32.3)",
        "oppScoringAgainst": "46.9% (26.4) // 41.2% (22.7) // 42.1% (24.0) // 45.5% (27.0)",
        "savesPerGame": 29.9,
        "savesPerGameLast1": 19.0,
        "savesPerGameLast3": 22.7,
        "savesPerGameLast5": 22.2,
        "savesPer60": 30.0,
        "savesPer60Last1": 18.5,
        "savesPer60Last3": 22.3,
        "savesPer60Last5": 22.0,
        "shotsPerGame": 34.2,
        "shotsPerGameLast5": 38.4,
        "shotsAgainstPerGame": 33.2,
        "shotsAgainstPerGameLast5": 26.2,
        "oppSavesAgainstPer60": 30.0,
        "oppSavesAgainstPer60Last1": 27.0,
        "oppSavesAgainstPer60Last3": 23.5,
        "oppSavesAgainstPer60Last5": 24.7,
        "oppShotsAgainstPerGame": 31.3,
        "oppShotsAgainstPerGameLast5": 26.8,
        "savesProj": 31.3,
        "savesProjLast5": 18.9,
        "savesProjLast3": 18.2,
        "oppSavesAgainstProj": 31.7,
        "oppSavesAgainstProjLast5": 19.4,
        "oppSavesAgainstProjLast3": 18.4,
        "totalOver": 29,
        "totalOverLast5": 20,
        "lastTotalOver": 40,
        "last5": "0,0,0,1,0,0,0,0,0,0",
        "overOdds": "+215",
        "underOdds": "0",
        "overUnder": "+215 / 0"
    },
    {
        "player": "Jt Compher",
        "team": "COL",
        "opponent": "PIT",
        "propType": "g",
        "line": 0.5,
        "ppLine": "PP1",
        "avg": 0.2,
        "hit": false,
        "diffAvg": -0.6,
        "diffAbs": 0.6,
        "lastAvg": 0.2,
        "diff": -0.6,
        "avgMin": 20,
        "proj": 0.2,
        "lastAvgMin": 16.32,
        "oppOver": 0,
        "teamOver": 0,
        "gameLine": "-165",
        "+/-": "+9",
        "L5_+/-": "+1.0",
        "prevMatchup": "2023-02-07 0.0 g",
        "winLossSplits": "0.24 - 0.12",
        "awayHome": "H",
        "playedYesterday": "N",
        "awayHomeSplits": "0.15 - 0.26",
        "savesAboveExp": 0.033,
        "gsaa": 3.61,
        "corsi": "52.1% (59.7) // 56.0% (61.0) // 53.3% (57.4) // 48.2% (54.3)",
        "fenwick": "51.4% (43.8) // 56.1% (44.7) // 52.7% (40.7) // 48.6% (40.7)",
        "shots": "51.4% (32.6) // 55.1% (31.8) // 52.3% (28.9) // 46.7% (28.3)",
        "scoring": "53.1% (30.0) // 58.8% (32.4) // 57.9% (33.0) // 54.5% (32.3)",
        "corsiAgainst": "47.9% (54.8) // 44.0% (47.9) // 46.7% (50.4) // 51.8% (58.3)",
        "fenwickAgainst": "48.6% (41.4) // 43.9% (35.0) // 47.3% (36.6) // 51.4% (43.0)",
        "shotsAgainst": "48.6% (30.9) // 44.9% (25.9) // 47.7% (26.4) // 53.3% (32.3)",
        "scoringAgainst": "46.9% (26.4) // 41.2% (22.7) // 42.1% (24.0) // 45.5% (27.0)",
        "oppCorsi": "51.7% (62.7) // 55.3% (67.5) // 57.9% (72.0) // 58.0% (72.3)",
        "oppFenwick": "51.5% (46.8) // 55.7% (49.9) // 59.0% (52.3) // 58.2% (52.0)",
        "oppShots": "50.8% (33.8) // 56.0% (36.6) // 59.4% (38.2) // 58.8% (38.0)",
        "oppScoring": "52.4% (33.0) // 58.0% (36.1) // 62.3% (40.4) // 61.7% (39.7)",
        "oppCorsiAgainst": "48.3% (58.6) // 44.7% (54.5) // 42.1% (52.3) // 42.0% (52.3)",
        "oppFenwickAgainst": "48.5% (44.0) // 44.3% (39.7) // 41.0% (36.4) // 41.8% (37.3)",
        "oppShotsAgainst": "49.2% (32.8) // 44.0% (28.7) // 40.6% (26.1) // 41.2% (26.7)",
        "oppScoringAgainst": "47.6% (29.9) // 42.0% (26.1) // 37.7% (24.5) // 38.3% (24.7)",
        "savesPerGame": 28.6,
        "savesPerGameLast1": 27.0,
        "savesPerGameLast3": 30.7,
        "savesPerGameLast5": 24.8,
        "savesPer60": 28.6,
        "savesPer60Last1": 27.0,
        "savesPer60Last3": 30.7,
        "savesPer60Last5": 25.2,
        "shotsPerGame": 33.1,
        "shotsPerGameLast5": 29.4,
        "shotsAgainstPerGame": 31.3,
        "shotsAgainstPerGameLast5": 26.8,
        "oppSavesAgainstPer60": 31.1,
        "oppSavesAgainstPer60Last1": 48.0,
        "oppSavesAgainstPer60Last3": 36.6,
        "oppSavesAgainstPer60Last5": 36.1,
        "oppShotsAgainstPerGame": 33.2,
        "oppShotsAgainstPerGameLast5": 26.2,
        "savesProj": 29.6,
        "savesProjLast5": 30.6,
        "savesProjLast3": 37.9,
        "oppSavesAgainstProj": 31.6,
        "oppSavesAgainstProjLast5": 33.6,
        "oppSavesAgainstProjLast3": 42.0,
        "totalOver": 19,
        "totalOverLast5": 20,
        "lastTotalOver": 22,
        "last5": "0,0,0,0,1,0,0,0,0,0",
        "overOdds": "+275",
        "underOdds": "0",
        "overUnder": "+275 / 0"
    },
    {
        "player": "Jake Guentzel",
        "team": "PIT",
        "opponent": "COL",
        "propType": "g",
        "line": 0.5,
        "ppLine": "PP1",
        "avg": 0.45,
        "hit": false,
        "diffAvg": -0.1,
        "diffAbs": 0.0,
        "lastAvg": 0.47,
        "diff": -0.06,
        "avgMin": 20,
        "proj": 0.5,
        "lastAvgMin": 20.08,
        "oppOver": 0,
        "teamOver": 0,
        "gameLine": "+140",
        "+/-": -1,
        "L5_+/-": -6.0,
        "prevMatchup": "2023-02-07 0.0 g",
        "winLossSplits": "0.66 - 0.28",
        "awayHome": "A",
        "playedYesterday": "N",
        "awayHomeSplits": "0.48 - 0.43",
        "savesAboveExp": 0.16,
        "gsaa": 23.16,
        "corsi": "51.7% (62.7) // 55.3% (67.5) // 57.9% (72.0) // 58.0% (72.3)",
        "fenwick": "51.5% (46.8) // 55.7% (49.9) // 59.0% (52.3) // 58.2% (52.0)",
        "shots": "50.8% (33.8) // 56.0% (36.6) // 59.4% (38.2) // 58.8% (38.0)",
        "scoring": "52.4% (33.0) // 58.0% (36.1) // 62.3% (40.4) // 61.7% (39.7)",
        "corsiAgainst": "48.3% (58.6) // 44.7% (54.5) // 42.1% (52.3) // 42.0% (52.3)",
        "fenwickAgainst": "48.5% (44.0) // 44.3% (39.7) // 41.0% (36.4) // 41.8% (37.3)",
        "shotsAgainst": "49.2% (32.8) // 44.0% (28.7) // 40.6% (26.1) // 41.2% (26.7)",
        "scoringAgainst": "47.6% (29.9) // 42.0% (26.1) // 37.7% (24.5) // 38.3% (24.7)",
        "oppCorsi": "52.1% (59.7) // 56.0% (61.0) // 53.3% (57.4) // 48.2% (54.3)",
        "oppFenwick": "51.4% (43.8) // 56.1% (44.7) // 52.7% (40.7) // 48.6% (40.7)",
        "oppShots": "51.4% (32.6) // 55.1% (31.8) // 52.3% (28.9) // 46.7% (28.3)",
        "oppScoring": "53.1% (30.0) // 58.8% (32.4) // 57.9% (33.0) // 54.5% (32.3)",
        "oppCorsiAgainst": "47.9% (54.8) // 44.0% (47.9) // 46.7% (50.4) // 51.8% (58.3)",
        "oppFenwickAgainst": "48.6% (41.4) // 43.9% (35.0) // 47.3% (36.6) // 51.4% (43.0)",
        "oppShotsAgainst": "48.6% (30.9) // 44.9% (25.9) // 47.7% (26.4) // 53.3% (32.3)",
        "oppScoringAgainst": "46.9% (26.4) // 41.2% (22.7) // 42.1% (24.0) // 45.5% (27.0)",
        "savesPerGame": 29.9,
        "savesPerGameLast1": 19.0,
        "savesPerGameLast3": 22.7,
        "savesPerGameLast5": 22.2,
        "savesPer60": 30.0,
        "savesPer60Last1": 18.5,
        "savesPer60Last3": 22.3,
        "savesPer60Last5": 22.0,
        "shotsPerGame": 34.2,
        "shotsPerGameLast5": 38.4,
        "shotsAgainstPerGame": 33.2,
        "shotsAgainstPerGameLast5": 26.2,
        "oppSavesAgainstPer60": 30.0,
        "oppSavesAgainstPer60Last1": 27.0,
        "oppSavesAgainstPer60Last3": 23.5,
        "oppSavesAgainstPer60Last5": 24.7,
        "oppShotsAgainstPerGame": 31.3,
        "oppShotsAgainstPerGameLast5": 26.8,
        "savesProj": 31.3,
        "savesProjLast5": 18.9,
        "savesProjLast3": 18.2,
        "oppSavesAgainstProj": 31.7,
        "oppSavesAgainstProjLast5": 19.4,
        "oppSavesAgainstProjLast3": 18.4,
        "totalOver": 38,
        "totalOverLast5": 40,
        "lastTotalOver": 45,
        "last5": "0,0,1,2,0,1,1,1,0,0",
        "overOdds": "+155",
        "underOdds": "0",
        "overUnder": "+155 / 0"
    },
    {
        "player": "Jason Zucker",
        "team": "PIT",
        "opponent": "COL",
        "propType": "g",
        "line": 0.5,
        "ppLine": "PP2",
        "avg": 0.36,
        "hit": false,
        "diffAvg": -0.28,
        "diffAbs": 0.6,
        "lastAvg": 0.17,
        "diff": -0.66,
        "avgMin": 15,
        "proj": 0.2,
        "lastAvgMin": 14.82,
        "oppOver": 0,
        "teamOver": 0,
        "gameLine": "+140",
        "+/-": 0,
        "L5_+/-": 0.0,
        "prevMatchup": "2023-02-07 0.0 g",
        "winLossSplits": "0.48 - 0.2",
        "awayHome": "A",
        "playedYesterday": "N",
        "awayHomeSplits": "0.32 - 0.4",
        "savesAboveExp": 0.16,
        "gsaa": 23.16,
        "corsi": "51.7% (62.7) // 55.3% (67.5) // 57.9% (72.0) // 58.0% (72.3)",
        "fenwick": "51.5% (46.8) // 55.7% (49.9) // 59.0% (52.3) // 58.2% (52.0)",
        "shots": "50.8% (33.8) // 56.0% (36.6) // 59.4% (38.2) // 58.8% (38.0)",
        "scoring": "52.4% (33.0) // 58.0% (36.1) // 62.3% (40.4) // 61.7% (39.7)",
        "corsiAgainst": "48.3% (58.6) // 44.7% (54.5) // 42.1% (52.3) // 42.0% (52.3)",
        "fenwickAgainst": "48.5% (44.0) // 44.3% (39.7) // 41.0% (36.4) // 41.8% (37.3)",
        "shotsAgainst": "49.2% (32.8) // 44.0% (28.7) // 40.6% (26.1) // 41.2% (26.7)",
        "scoringAgainst": "47.6% (29.9) // 42.0% (26.1) // 37.7% (24.5) // 38.3% (24.7)",
        "oppCorsi": "52.1% (59.7) // 56.0% (61.0) // 53.3% (57.4) // 48.2% (54.3)",
        "oppFenwick": "51.4% (43.8) // 56.1% (44.7) // 52.7% (40.7) // 48.6% (40.7)",
        "oppShots": "51.4% (32.6) // 55.1% (31.8) // 52.3% (28.9) // 46.7% (28.3)",
        "oppScoring": "53.1% (30.0) // 58.8% (32.4) // 57.9% (33.0) // 54.5% (32.3)",
        "oppCorsiAgainst": "47.9% (54.8) // 44.0% (47.9) // 46.7% (50.4) // 51.8% (58.3)",
        "oppFenwickAgainst": "48.6% (41.4) // 43.9% (35.0) // 47.3% (36.6) // 51.4% (43.0)",
        "oppShotsAgainst": "48.6% (30.9) // 44.9% (25.9) // 47.7% (26.4) // 53.3% (32.3)",
        "oppScoringAgainst": "46.9% (26.4) // 41.2% (22.7) // 42.1% (24.0) // 45.5% (27.0)",
        "savesPerGame": 29.9,
        "savesPerGameLast1": 19.0,
        "savesPerGameLast3": 22.7,
        "savesPerGameLast5": 22.2,
        "savesPer60": 30.0,
        "savesPer60Last1": 18.5,
        "savesPer60Last3": 22.3,
        "savesPer60Last5": 22.0,
        "shotsPerGame": 34.2,
        "shotsPerGameLast5": 38.4,
        "shotsAgainstPerGame": 33.2,
        "shotsAgainstPerGameLast5": 26.2,
        "oppSavesAgainstPer60": 30.0,
        "oppSavesAgainstPer60Last1": 27.0,
        "oppSavesAgainstPer60Last3": 23.5,
        "oppSavesAgainstPer60Last5": 24.7,
        "oppShotsAgainstPerGame": 31.3,
        "oppShotsAgainstPerGameLast5": 26.8,
        "savesProj": 31.3,
        "savesProjLast5": 18.9,
        "savesProjLast3": 18.2,
        "oppSavesAgainstProj": 31.7,
        "oppSavesAgainstProjLast5": 19.4,
        "oppSavesAgainstProjLast3": 18.4,
        "totalOver": 32,
        "totalOverLast5": 20,
        "lastTotalOver": 15,
        "last5": "0,0,0,0,1,1,1,2,0,2",
        "overOdds": "+230",
        "underOdds": "0",
        "overUnder": "+230 / 0"
    },
    {
        "player": "Kris Letang",
        "team": "PIT",
        "opponent": "COL",
        "propType": "g",
        "line": 0.5,
        "ppLine": "PP1",
        "avg": 0.19,
        "hit": false,
        "diffAvg": -0.62,
        "diffAbs": 0.8,
        "lastAvg": 0.12,
        "diff": -0.76,
        "avgMin": 24,
        "proj": 0.1,
        "lastAvgMin": 25.77,
        "oppOver": 0,
        "teamOver": 0,
        "gameLine": "+140",
        "+/-": -12,
        "L5_+/-": "+1.0",
        "prevMatchup": "2023-02-07 1.0 g",
        "winLossSplits": "0.23 - 0.15",
        "awayHome": "A",
        "playedYesterday": "N",
        "awayHomeSplits": "0.11 - 0.28",
        "savesAboveExp": 0.16,
        "gsaa": 23.16,
        "corsi": "51.7% (62.7) // 55.3% (67.5) // 57.9% (72.0) // 58.0% (72.3)",
        "fenwick": "51.5% (46.8) // 55.7% (49.9) // 59.0% (52.3) // 58.2% (52.0)",
        "shots": "50.8% (33.8) // 56.0% (36.6) // 59.4% (38.2) // 58.8% (38.0)",
        "scoring": "52.4% (33.0) // 58.0% (36.1) // 62.3% (40.4) // 61.7% (39.7)",
        "corsiAgainst": "48.3% (58.6) // 44.7% (54.5) // 42.1% (52.3) // 42.0% (52.3)",
        "fenwickAgainst": "48.5% (44.0) // 44.3% (39.7) // 41.0% (36.4) // 41.8% (37.3)",
        "shotsAgainst": "49.2% (32.8) // 44.0% (28.7) // 40.6% (26.1) // 41.2% (26.7)",
        "scoringAgainst": "47.6% (29.9) // 42.0% (26.1) // 37.7% (24.5) // 38.3% (24.7)",
        "oppCorsi": "52.1% (59.7) // 56.0% (61.0) // 53.3% (57.4) // 48.2% (54.3)",
        "oppFenwick": "51.4% (43.8) // 56.1% (44.7) // 52.7% (40.7) // 48.6% (40.7)",
        "oppShots": "51.4% (32.6) // 55.1% (31.8) // 52.3% (28.9) // 46.7% (28.3)",
        "oppScoring": "53.1% (30.0) // 58.8% (32.4) // 57.9% (33.0) // 54.5% (32.3)",
        "oppCorsiAgainst": "47.9% (54.8) // 44.0% (47.9) // 46.7% (50.4) // 51.8% (58.3)",
        "oppFenwickAgainst": "48.6% (41.4) // 43.9% (35.0) // 47.3% (36.6) // 51.4% (43.0)",
        "oppShotsAgainst": "48.6% (30.9) // 44.9% (25.9) // 47.7% (26.4) // 53.3% (32.3)",
        "oppScoringAgainst": "46.9% (26.4) // 41.2% (22.7) // 42.1% (24.0) // 45.5% (27.0)",
        "savesPerGame": 29.9,
        "savesPerGameLast1": 19.0,
        "savesPerGameLast3": 22.7,
        "savesPerGameLast5": 22.2,
        "savesPer60": 30.0,
        "savesPer60Last1": 18.5,
        "savesPer60Last3": 22.3,
        "savesPer60Last5": 22.0,
        "shotsPerGame": 34.2,
        "shotsPerGameLast5": 38.4,
        "shotsAgainstPerGame": 33.2,
        "shotsAgainstPerGameLast5": 26.2,
        "oppSavesAgainstPer60": 30.0,
        "oppSavesAgainstPer60Last1": 27.0,
        "oppSavesAgainstPer60Last3": 23.5,
        "oppSavesAgainstPer60Last5": 24.7,
        "oppShotsAgainstPerGame": 31.3,
        "oppShotsAgainstPerGameLast5": 26.8,
        "savesProj": 31.3,
        "savesProjLast5": 18.9,
        "savesProjLast3": 18.2,
        "oppSavesAgainstProj": 31.7,
        "oppSavesAgainstProjLast5": 19.4,
        "oppSavesAgainstProjLast3": 18.4,
        "totalOver": 15,
        "totalOverLast5": 40,
        "lastTotalOver": 12,
        "last5": "0,0,0,1,1,0,0,0,1,0",
        "overOdds": "+550",
        "underOdds": "0",
        "overUnder": "+550 / 0"
    },
    {
        "player": "Mikko Rantanen",
        "team": "COL",
        "opponent": "PIT",
        "propType": "g",
        "line": 0.5,
        "ppLine": "PP1",
        "avg": 0.68,
        "hit": false,
        "diffAvg": 0.36,
        "diffAbs": 0.2,
        "lastAvg": 0.38,
        "diff": -0.24,
        "avgMin": 22,
        "proj": 0.4,
        "lastAvgMin": 20.97,
        "oppOver": 0,
        "teamOver": 0,
        "gameLine": "-165",
        "+/-": "+9",
        "L5_+/-": "+2.0",
        "prevMatchup": "2023-02-07 0.0 g",
        "winLossSplits": "0.81 - 0.54",
        "awayHome": "H",
        "playedYesterday": "N",
        "awayHomeSplits": "0.56 - 0.8",
        "savesAboveExp": 0.033,
        "gsaa": 3.61,
        "corsi": "52.1% (59.7) // 56.0% (61.0) // 53.3% (57.4) // 48.2% (54.3)",
        "fenwick": "51.4% (43.8) // 56.1% (44.7) // 52.7% (40.7) // 48.6% (40.7)",
        "shots": "51.4% (32.6) // 55.1% (31.8) // 52.3% (28.9) // 46.7% (28.3)",
        "scoring": "53.1% (30.0) // 58.8% (32.4) // 57.9% (33.0) // 54.5% (32.3)",
        "corsiAgainst": "47.9% (54.8) // 44.0% (47.9) // 46.7% (50.4) // 51.8% (58.3)",
        "fenwickAgainst": "48.6% (41.4) // 43.9% (35.0) // 47.3% (36.6) // 51.4% (43.0)",
        "shotsAgainst": "48.6% (30.9) // 44.9% (25.9) // 47.7% (26.4) // 53.3% (32.3)",
        "scoringAgainst": "46.9% (26.4) // 41.2% (22.7) // 42.1% (24.0) // 45.5% (27.0)",
        "oppCorsi": "51.7% (62.7) // 55.3% (67.5) // 57.9% (72.0) // 58.0% (72.3)",
        "oppFenwick": "51.5% (46.8) // 55.7% (49.9) // 59.0% (52.3) // 58.2% (52.0)",
        "oppShots": "50.8% (33.8) // 56.0% (36.6) // 59.4% (38.2) // 58.8% (38.0)",
        "oppScoring": "52.4% (33.0) // 58.0% (36.1) // 62.3% (40.4) // 61.7% (39.7)",
        "oppCorsiAgainst": "48.3% (58.6) // 44.7% (54.5) // 42.1% (52.3) // 42.0% (52.3)",
        "oppFenwickAgainst": "48.5% (44.0) // 44.3% (39.7) // 41.0% (36.4) // 41.8% (37.3)",
        "oppShotsAgainst": "49.2% (32.8) // 44.0% (28.7) // 40.6% (26.1) // 41.2% (26.7)",
        "oppScoringAgainst": "47.6% (29.9) // 42.0% (26.1) // 37.7% (24.5) // 38.3% (24.7)",
        "savesPerGame": 28.6,
        "savesPerGameLast1": 27.0,
        "savesPerGameLast3": 30.7,
        "savesPerGameLast5": 24.8,
        "savesPer60": 28.6,
        "savesPer60Last1": 27.0,
        "savesPer60Last3": 30.7,
        "savesPer60Last5": 25.2,
        "shotsPerGame": 33.1,
        "shotsPerGameLast5": 29.4,
        "shotsAgainstPerGame": 31.3,
        "shotsAgainstPerGameLast5": 26.8,
        "oppSavesAgainstPer60": 31.1,
        "oppSavesAgainstPer60Last1": 48.0,
        "oppSavesAgainstPer60Last3": 36.6,
        "oppSavesAgainstPer60Last5": 36.1,
        "oppShotsAgainstPerGame": 33.2,
        "oppShotsAgainstPerGameLast5": 26.2,
        "savesProj": 29.6,
        "savesProjLast5": 30.6,
        "savesProjLast3": 37.9,
        "oppSavesAgainstProj": 31.6,
        "oppSavesAgainstProjLast5": 33.6,
        "oppSavesAgainstProjLast3": 42.0,
        "totalOver": 52,
        "totalOverLast5": 100,
        "lastTotalOver": 35,
        "last5": "1,1,1,1,1,0,0,1,0,0",
        "overOdds": "-120",
        "underOdds": "0",
        "overUnder": "-120 / 0"
    },
    {
        "player": "Nathan Mackinnon",
        "team": "COL",
        "opponent": "PIT",
        "propType": "g",
        "line": 0.5,
        "ppLine": "PP1",
        "avg": 0.52,
        "hit": false,
        "diffAvg": 0.04,
        "diffAbs": 0.2,
        "lastAvg": 0.38,
        "diff": -0.24,
        "avgMin": 22,
        "proj": 0.4,
        "lastAvgMin": 21.05,
        "oppOver": 0,
        "teamOver": 0,
        "gameLine": "-165",
        "+/-": "+20",
        "L5_+/-": -1.0,
        "prevMatchup": "2023-02-07 1.0 g",
        "winLossSplits": "0.61 - 0.37",
        "awayHome": "H",
        "playedYesterday": "N",
        "awayHomeSplits": "0.45 - 0.59",
        "savesAboveExp": 0.033,
        "gsaa": 3.61,
        "corsi": "52.1% (59.7) // 56.0% (61.0) // 53.3% (57.4) // 48.2% (54.3)",
        "fenwick": "51.4% (43.8) // 56.1% (44.7) // 52.7% (40.7) // 48.6% (40.7)",
        "shots": "51.4% (32.6) // 55.1% (31.8) // 52.3% (28.9) // 46.7% (28.3)",
        "scoring": "53.1% (30.0) // 58.8% (32.4) // 57.9% (33.0) // 54.5% (32.3)",
        "corsiAgainst": "47.9% (54.8) // 44.0% (47.9) // 46.7% (50.4) // 51.8% (58.3)",
        "fenwickAgainst": "48.6% (41.4) // 43.9% (35.0) // 47.3% (36.6) // 51.4% (43.0)",
        "shotsAgainst": "48.6% (30.9) // 44.9% (25.9) // 47.7% (26.4) // 53.3% (32.3)",
        "scoringAgainst": "46.9% (26.4) // 41.2% (22.7) // 42.1% (24.0) // 45.5% (27.0)",
        "oppCorsi": "51.7% (62.7) // 55.3% (67.5) // 57.9% (72.0) // 58.0% (72.3)",
        "oppFenwick": "51.5% (46.8) // 55.7% (49.9) // 59.0% (52.3) // 58.2% (52.0)",
        "oppShots": "50.8% (33.8) // 56.0% (36.6) // 59.4% (38.2) // 58.8% (38.0)",
        "oppScoring": "52.4% (33.0) // 58.0% (36.1) // 62.3% (40.4) // 61.7% (39.7)",
        "oppCorsiAgainst": "48.3% (58.6) // 44.7% (54.5) // 42.1% (52.3) // 42.0% (52.3)",
        "oppFenwickAgainst": "48.5% (44.0) // 44.3% (39.7) // 41.0% (36.4) // 41.8% (37.3)",
        "oppShotsAgainst": "49.2% (32.8) // 44.0% (28.7) // 40.6% (26.1) // 41.2% (26.7)",
        "oppScoringAgainst": "47.6% (29.9) // 42.0% (26.1) // 37.7% (24.5) // 38.3% (24.7)",
        "savesPerGame": 28.6,
        "savesPerGameLast1": 27.0,
        "savesPerGameLast3": 30.7,
        "savesPerGameLast5": 24.8,
        "savesPer60": 28.6,
        "savesPer60Last1": 27.0,
        "savesPer60Last3": 30.7,
        "savesPer60Last5": 25.2,
        "shotsPerGame": 33.1,
        "shotsPerGameLast5": 29.4,
        "shotsAgainstPerGame": 31.3,
        "shotsAgainstPerGameLast5": 26.8,
        "oppSavesAgainstPer60": 31.1,
        "oppSavesAgainstPer60Last1": 48.0,
        "oppSavesAgainstPer60Last3": 36.6,
        "oppSavesAgainstPer60Last5": 36.1,
        "oppShotsAgainstPerGame": 33.2,
        "oppShotsAgainstPerGameLast5": 26.2,
        "savesProj": 29.6,
        "savesProjLast5": 30.6,
        "savesProjLast3": 37.9,
        "oppSavesAgainstProj": 31.6,
        "oppSavesAgainstProjLast5": 33.6,
        "oppSavesAgainstProjLast3": 42.0,
        "totalOver": 45,
        "totalOverLast5": 40,
        "lastTotalOver": 41,
        "last5": "0,1,0,0,1,1,1,1,1,0",
        "overOdds": "-120",
        "underOdds": "0",
        "overUnder": "-120 / 0"
    },
    {
        "player": "Rickard Rakell",
        "team": "PIT",
        "opponent": "COL",
        "propType": "g",
        "line": 0.5,
        "ppLine": "PP1",
        "avg": 0.36,
        "hit": false,
        "diffAvg": -0.28,
        "diffAbs": 0.4,
        "lastAvg": 0.28,
        "diff": -0.44,
        "avgMin": 18,
        "proj": 0.3,
        "lastAvgMin": 17.98,
        "oppOver": 0,
        "teamOver": 0,
        "gameLine": "+140",
        "+/-": "+3",
        "L5_+/-": "+1.0",
        "prevMatchup": "2023-02-07 0.0 g",
        "winLossSplits": "0.37 - 0.36",
        "awayHome": "A",
        "playedYesterday": "N",
        "awayHomeSplits": "0.34 - 0.37",
        "savesAboveExp": 0.16,
        "gsaa": 23.16,
        "corsi": "51.7% (62.7) // 55.3% (67.5) // 57.9% (72.0) // 58.0% (72.3)",
        "fenwick": "51.5% (46.8) // 55.7% (49.9) // 59.0% (52.3) // 58.2% (52.0)",
        "shots": "50.8% (33.8) // 56.0% (36.6) // 59.4% (38.2) // 58.8% (38.0)",
        "scoring": "52.4% (33.0) // 58.0% (36.1) // 62.3% (40.4) // 61.7% (39.7)",
        "corsiAgainst": "48.3% (58.6) // 44.7% (54.5) // 42.1% (52.3) // 42.0% (52.3)",
        "fenwickAgainst": "48.5% (44.0) // 44.3% (39.7) // 41.0% (36.4) // 41.8% (37.3)",
        "shotsAgainst": "49.2% (32.8) // 44.0% (28.7) // 40.6% (26.1) // 41.2% (26.7)",
        "scoringAgainst": "47.6% (29.9) // 42.0% (26.1) // 37.7% (24.5) // 38.3% (24.7)",
        "oppCorsi": "52.1% (59.7) // 56.0% (61.0) // 53.3% (57.4) // 48.2% (54.3)",
        "oppFenwick": "51.4% (43.8) // 56.1% (44.7) // 52.7% (40.7) // 48.6% (40.7)",
        "oppShots": "51.4% (32.6) // 55.1% (31.8) // 52.3% (28.9) // 46.7% (28.3)",
        "oppScoring": "53.1% (30.0) // 58.8% (32.4) // 57.9% (33.0) // 54.5% (32.3)",
        "oppCorsiAgainst": "47.9% (54.8) // 44.0% (47.9) // 46.7% (50.4) // 51.8% (58.3)",
        "oppFenwickAgainst": "48.6% (41.4) // 43.9% (35.0) // 47.3% (36.6) // 51.4% (43.0)",
        "oppShotsAgainst": "48.6% (30.9) // 44.9% (25.9) // 47.7% (26.4) // 53.3% (32.3)",
        "oppScoringAgainst": "46.9% (26.4) // 41.2% (22.7) // 42.1% (24.0) // 45.5% (27.0)",
        "savesPerGame": 29.9,
        "savesPerGameLast1": 19.0,
        "savesPerGameLast3": 22.7,
        "savesPerGameLast5": 22.2,
        "savesPer60": 30.0,
        "savesPer60Last1": 18.5,
        "savesPer60Last3": 22.3,
        "savesPer60Last5": 22.0,
        "shotsPerGame": 34.2,
        "shotsPerGameLast5": 38.4,
        "shotsAgainstPerGame": 33.2,
        "shotsAgainstPerGameLast5": 26.2,
        "oppSavesAgainstPer60": 30.0,
        "oppSavesAgainstPer60Last1": 27.0,
        "oppSavesAgainstPer60Last3": 23.5,
        "oppSavesAgainstPer60Last5": 24.7,
        "oppShotsAgainstPerGame": 31.3,
        "oppShotsAgainstPerGameLast5": 26.8,
        "savesProj": 31.3,
        "savesProjLast5": 18.9,
        "savesProjLast3": 18.2,
        "oppSavesAgainstProj": 31.7,
        "oppSavesAgainstProjLast5": 19.4,
        "oppSavesAgainstProjLast3": 18.4,
        "totalOver": 34,
        "totalOverLast5": 60,
        "lastTotalOver": 24,
        "last5": "1,0,1,0,1,1,0,0,0,0",
        "overOdds": "+240",
        "underOdds": "0",
        "overUnder": "+240 / 0"
    },
    {
        "player": "Sidney Crosby",
        "team": "PIT",
        "opponent": "COL",
        "propType": "g",
        "line": 0.5,
        "ppLine": "PP1",
        "avg": 0.41,
        "hit": false,
        "diffAvg": -0.18,
        "diffAbs": 0.2,
        "lastAvg": 0.41,
        "diff": -0.18,
        "avgMin": 20,
        "proj": 0.4,
        "lastAvgMin": 19.97,
        "oppOver": 0,
        "teamOver": 0,
        "gameLine": "+140",
        "+/-": "+3",
        "L5_+/-": -4.0,
        "prevMatchup": "2023-02-07 0.0 g",
        "winLossSplits": "0.58 - 0.27",
        "awayHome": "A",
        "playedYesterday": "N",
        "awayHomeSplits": "0.29 - 0.54",
        "savesAboveExp": 0.16,
        "gsaa": 23.16,
        "corsi": "51.7% (62.7) // 55.3% (67.5) // 57.9% (72.0) // 58.0% (72.3)",
        "fenwick": "51.5% (46.8) // 55.7% (49.9) // 59.0% (52.3) // 58.2% (52.0)",
        "shots": "50.8% (33.8) // 56.0% (36.6) // 59.4% (38.2) // 58.8% (38.0)",
        "scoring": "52.4% (33.0) // 58.0% (36.1) // 62.3% (40.4) // 61.7% (39.7)",
        "corsiAgainst": "48.3% (58.6) // 44.7% (54.5) // 42.1% (52.3) // 42.0% (52.3)",
        "fenwickAgainst": "48.5% (44.0) // 44.3% (39.7) // 41.0% (36.4) // 41.8% (37.3)",
        "shotsAgainst": "49.2% (32.8) // 44.0% (28.7) // 40.6% (26.1) // 41.2% (26.7)",
        "scoringAgainst": "47.6% (29.9) // 42.0% (26.1) // 37.7% (24.5) // 38.3% (24.7)",
        "oppCorsi": "52.1% (59.7) // 56.0% (61.0) // 53.3% (57.4) // 48.2% (54.3)",
        "oppFenwick": "51.4% (43.8) // 56.1% (44.7) // 52.7% (40.7) // 48.6% (40.7)",
        "oppShots": "51.4% (32.6) // 55.1% (31.8) // 52.3% (28.9) // 46.7% (28.3)",
        "oppScoring": "53.1% (30.0) // 58.8% (32.4) // 57.9% (33.0) // 54.5% (32.3)",
        "oppCorsiAgainst": "47.9% (54.8) // 44.0% (47.9) // 46.7% (50.4) // 51.8% (58.3)",
        "oppFenwickAgainst": "48.6% (41.4) // 43.9% (35.0) // 47.3% (36.6) // 51.4% (43.0)",
        "oppShotsAgainst": "48.6% (30.9) // 44.9% (25.9) // 47.7% (26.4) // 53.3% (32.3)",
        "oppScoringAgainst": "46.9% (26.4) // 41.2% (22.7) // 42.1% (24.0) // 45.5% (27.0)",
        "savesPerGame": 29.9,
        "savesPerGameLast1": 19.0,
        "savesPerGameLast3": 22.7,
        "savesPerGameLast5": 22.2,
        "savesPer60": 30.0,
        "savesPer60Last1": 18.5,
        "savesPer60Last3": 22.3,
        "savesPer60Last5": 22.0,
        "shotsPerGame": 34.2,
        "shotsPerGameLast5": 38.4,
        "shotsAgainstPerGame": 33.2,
        "shotsAgainstPerGameLast5": 26.2,
        "oppSavesAgainstPer60": 30.0,
        "oppSavesAgainstPer60Last1": 27.0,
        "oppSavesAgainstPer60Last3": 23.5,
        "oppSavesAgainstPer60Last5": 24.7,
        "oppShotsAgainstPerGame": 31.3,
        "oppShotsAgainstPerGameLast5": 26.8,
        "savesProj": 31.3,
        "savesProjLast5": 18.9,
        "savesProjLast3": 18.2,
        "oppSavesAgainstProj": 31.7,
        "oppSavesAgainstProjLast5": 19.4,
        "oppSavesAgainstProjLast3": 18.4,
        "totalOver": 37,
        "totalOverLast5": 0,
        "lastTotalOver": 40,
        "last5": "0,0,0,0,0,1,0,1,0,0",
        "overOdds": "+180",
        "underOdds": "0",
        "overUnder": "+180 / 0"
    },
    {
        "player": "Valeri Nichushkin",
        "team": "COL",
        "opponent": "PIT",
        "propType": "g",
        "line": 0.5,
        "ppLine": "PP1",
        "avg": 0.35,
        "hit": false,
        "diffAvg": -0.3,
        "diffAbs": 0.4,
        "lastAvg": 0.3,
        "diff": -0.4,
        "avgMin": 19,
        "proj": 0.3,
        "lastAvgMin": 19.02,
        "oppOver": 0,
        "teamOver": 0,
        "gameLine": "-165",
        "+/-": "+13",
        "L5_+/-": "+4.0",
        "prevMatchup": "2023-02-07 0.0 g",
        "winLossSplits": "0.37 - 0.25",
        "awayHome": "H",
        "playedYesterday": "N",
        "awayHomeSplits": "0.42 - 0.29",
        "savesAboveExp": 0.033,
        "gsaa": 3.61,
        "corsi": "52.1% (59.7) // 56.0% (61.0) // 53.3% (57.4) // 48.2% (54.3)",
        "fenwick": "51.4% (43.8) // 56.1% (44.7) // 52.7% (40.7) // 48.6% (40.7)",
        "shots": "51.4% (32.6) // 55.1% (31.8) // 52.3% (28.9) // 46.7% (28.3)",
        "scoring": "53.1% (30.0) // 58.8% (32.4) // 57.9% (33.0) // 54.5% (32.3)",
        "corsiAgainst": "47.9% (54.8) // 44.0% (47.9) // 46.7% (50.4) // 51.8% (58.3)",
        "fenwickAgainst": "48.6% (41.4) // 43.9% (35.0) // 47.3% (36.6) // 51.4% (43.0)",
        "shotsAgainst": "48.6% (30.9) // 44.9% (25.9) // 47.7% (26.4) // 53.3% (32.3)",
        "scoringAgainst": "46.9% (26.4) // 41.2% (22.7) // 42.1% (24.0) // 45.5% (27.0)",
        "oppCorsi": "51.7% (62.7) // 55.3% (67.5) // 57.9% (72.0) // 58.0% (72.3)",
        "oppFenwick": "51.5% (46.8) // 55.7% (49.9) // 59.0% (52.3) // 58.2% (52.0)",
        "oppShots": "50.8% (33.8) // 56.0% (36.6) // 59.4% (38.2) // 58.8% (38.0)",
        "oppScoring": "52.4% (33.0) // 58.0% (36.1) // 62.3% (40.4) // 61.7% (39.7)",
        "oppCorsiAgainst": "48.3% (58.6) // 44.7% (54.5) // 42.1% (52.3) // 42.0% (52.3)",
        "oppFenwickAgainst": "48.5% (44.0) // 44.3% (39.7) // 41.0% (36.4) // 41.8% (37.3)",
        "oppShotsAgainst": "49.2% (32.8) // 44.0% (28.7) // 40.6% (26.1) // 41.2% (26.7)",
        "oppScoringAgainst": "47.6% (29.9) // 42.0% (26.1) // 37.7% (24.5) // 38.3% (24.7)",
        "savesPerGame": 28.6,
        "savesPerGameLast1": 27.0,
        "savesPerGameLast3": 30.7,
        "savesPerGameLast5": 24.8,
        "savesPer60": 28.6,
        "savesPer60Last1": 27.0,
        "savesPer60Last3": 30.7,
        "savesPer60Last5": 25.2,
        "shotsPerGame": 33.1,
        "shotsPerGameLast5": 29.4,
        "shotsAgainstPerGame": 31.3,
        "shotsAgainstPerGameLast5": 26.8,
        "oppSavesAgainstPer60": 31.1,
        "oppSavesAgainstPer60Last1": 48.0,
        "oppSavesAgainstPer60Last3": 36.6,
        "oppSavesAgainstPer60Last5": 36.1,
        "oppShotsAgainstPerGame": 33.2,
        "oppShotsAgainstPerGameLast5": 26.2,
        "savesProj": 29.6,
        "savesProjLast5": 30.6,
        "savesProjLast3": 37.9,
        "oppSavesAgainstProj": 31.6,
        "oppSavesAgainstProjLast5": 33.6,
        "oppSavesAgainstProjLast3": 42.0,
        "totalOver": 32,
        "totalOverLast5": 40,
        "lastTotalOver": 33,
        "last5": "0,0,1,0,1,0,0,1,0,1",
        "overOdds": "+170",
        "underOdds": "0",
        "overUnder": "+170 / 0"
    },
    {
        "player": "Mikael Granlund",
        "team": "PIT",
        "opponent": "COL",
        "propType": "g",
        "line": 0.5,
        "ppLine": "PP2",
        "avg": 0.15,
        "hit": false,
        "diffAvg": -0.7,
        "diffAbs": 0.8,
        "lastAvg": 0.13,
        "diff": -0.74,
        "avgMin": 18,
        "proj": 0.1,
        "lastAvgMin": 20.4,
        "oppOver": 0,
        "teamOver": 0,
        "gameLine": "+140",
        "+/-": "+1",
        "L5_+/-": 0.0,
        "prevMatchup": "2022-12-23 0.0 g, 2022-12-17 0.0 g, 2022-11-10 0.0 g",
        "winLossSplits": "0.32 - 0.0",
        "awayHome": "A",
        "playedYesterday": "Y",
        "awayHomeSplits": "0.12 - 0.17",
        "savesAboveExp": 0.16,
        "gsaa": 23.16,
        "corsi": "51.7% (62.7) // 55.3% (67.5) // 57.9% (72.0) // 58.0% (72.3)",
        "fenwick": "51.5% (46.8) // 55.7% (49.9) // 59.0% (52.3) // 58.2% (52.0)",
        "shots": "50.8% (33.8) // 56.0% (36.6) // 59.4% (38.2) // 58.8% (38.0)",
        "scoring": "52.4% (33.0) // 58.0% (36.1) // 62.3% (40.4) // 61.7% (39.7)",
        "corsiAgainst": "48.3% (58.6) // 44.7% (54.5) // 42.1% (52.3) // 42.0% (52.3)",
        "fenwickAgainst": "48.5% (44.0) // 44.3% (39.7) // 41.0% (36.4) // 41.8% (37.3)",
        "shotsAgainst": "49.2% (32.8) // 44.0% (28.7) // 40.6% (26.1) // 41.2% (26.7)",
        "scoringAgainst": "47.6% (29.9) // 42.0% (26.1) // 37.7% (24.5) // 38.3% (24.7)",
        "oppCorsi": "52.1% (59.7) // 56.0% (61.0) // 53.3% (57.4) // 48.2% (54.3)",
        "oppFenwick": "51.4% (43.8) // 56.1% (44.7) // 52.7% (40.7) // 48.6% (40.7)",
        "oppShots": "51.4% (32.6) // 55.1% (31.8) // 52.3% (28.9) // 46.7% (28.3)",
        "oppScoring": "53.1% (30.0) // 58.8% (32.4) // 57.9% (33.0) // 54.5% (32.3)",
        "oppCorsiAgainst": "47.9% (54.8) // 44.0% (47.9) // 46.7% (50.4) // 51.8% (58.3)",
        "oppFenwickAgainst": "48.6% (41.4) // 43.9% (35.0) // 47.3% (36.6) // 51.4% (43.0)",
        "oppShotsAgainst": "48.6% (30.9) // 44.9% (25.9) // 47.7% (26.4) // 53.3% (32.3)",
        "oppScoringAgainst": "46.9% (26.4) // 41.2% (22.7) // 42.1% (24.0) // 45.5% (27.0)",
        "savesPerGame": 29.9,
        "savesPerGameLast1": 19.0,
        "savesPerGameLast3": 22.7,
        "savesPerGameLast5": 22.2,
        "savesPer60": 30.0,
        "savesPer60Last1": 18.5,
        "savesPer60Last3": 22.3,
        "savesPer60Last5": 22.0,
        "shotsPerGame": 34.2,
        "shotsPerGameLast5": 38.4,
        "shotsAgainstPerGame": 33.2,
        "shotsAgainstPerGameLast5": 26.2,
        "oppSavesAgainstPer60": 30.0,
        "oppSavesAgainstPer60Last1": 27.0,
        "oppSavesAgainstPer60Last3": 23.5,
        "oppSavesAgainstPer60Last5": 24.7,
        "oppShotsAgainstPerGame": 31.3,
        "oppShotsAgainstPerGameLast5": 26.8,
        "savesProj": 31.3,
        "savesProjLast5": 18.9,
        "savesProjLast3": 18.2,
        "oppSavesAgainstProj": 31.7,
        "oppSavesAgainstProjLast5": 19.4,
        "oppSavesAgainstProjLast3": 18.4,
        "totalOver": 13,
        "totalOverLast5": 0,
        "lastTotalOver": 12,
        "last5": "0,0,0,0,0,1,0,0,0,0",
        "overOdds": "+340",
        "underOdds": "0",
        "overUnder": "+340 / 0"
    },
    {
        "player": "Cale Makar",
        "team": "COL",
        "opponent": "PIT",
        "propType": "g",
        "line": 0.5,
        "ppLine": "",
        "avg": 0.29,
        "hit": false,
        "diffAvg": -0.42,
        "diffAbs": 0.4,
        "lastAvg": 0.28,
        "diff": -0.44,
        "avgMin": 26,
        "proj": 0.3,
        "lastAvgMin": 25.67,
        "oppOver": 0,
        "teamOver": 0,
        "gameLine": "-165",
        "+/-": "+15",
        "L5_+/-": "+10.0",
        "prevMatchup": "2023-02-07 0.0 g",
        "winLossSplits": "0.41 - 0.15",
        "awayHome": "H",
        "playedYesterday": "N",
        "awayHomeSplits": "0.22 - 0.36",
        "savesAboveExp": 0.033,
        "gsaa": 3.61,
        "corsi": "52.1% (59.7) // 56.0% (61.0) // 53.3% (57.4) // 48.2% (54.3)",
        "fenwick": "51.4% (43.8) // 56.1% (44.7) // 52.7% (40.7) // 48.6% (40.7)",
        "shots": "51.4% (32.6) // 55.1% (31.8) // 52.3% (28.9) // 46.7% (28.3)",
        "scoring": "53.1% (30.0) // 58.8% (32.4) // 57.9% (33.0) // 54.5% (32.3)",
        "corsiAgainst": "47.9% (54.8) // 44.0% (47.9) // 46.7% (50.4) // 51.8% (58.3)",
        "fenwickAgainst": "48.6% (41.4) // 43.9% (35.0) // 47.3% (36.6) // 51.4% (43.0)",
        "shotsAgainst": "48.6% (30.9) // 44.9% (25.9) // 47.7% (26.4) // 53.3% (32.3)",
        "scoringAgainst": "46.9% (26.4) // 41.2% (22.7) // 42.1% (24.0) // 45.5% (27.0)",
        "oppCorsi": "51.7% (62.7) // 55.3% (67.5) // 57.9% (72.0) // 58.0% (72.3)",
