[
    {
        "player": "Alex Tuch",
        "team": "BUF",
        "opponent": "MTL",
        "propType": "sog",
        "line": 2.5,
        "ppLine": "PP1",
        "avg": 2.81,
        "hit": false,
        "diffAvg": 0.12,
        "diffAbs": 0.16,
        "lastAvg": 2.78,
        "diff": 0.11,
        "avgMin": 19,
        "proj": 2.9,
        "lastAvgMin": 18.4,
        "oppOver": 0,
        "teamOver": 0,
        "gameLine": "-175",
        "+/-": "+7",
        "L5_+/-": -3.0,
        "prevMatchup": "2022-11-22 3.0 sog, 2022-10-27 2.0 sog",
        "winLossSplits": "3.15 - 2.47",
        "awayHome": "H",
        "playedYesterday": "N",
        "awayHomeSplits": "2.79 - 2.84",
        "savesAboveExp": 0.116,
        "gsaa": -17.08,
        "corsi": "51.1% (57.6) // 51.2% (55.9) // 53.7% (56.6) // 49.5% (53.0)",
        "fenwick": "49.7% (43.5) // 49.8% (41.5) // 54.7% (45.2) // 51.8% (43.3)",
        "shots": "49.4% (31.9) // 48.9% (29.5) // 54.4% (31.2) // 52.3% (30.7)",
        "scoring": "49.9% (30.5) // 47.1% (27.0) // 48.2% (27.0) // 44.1% (25.0)",
        "corsiAgainst": "48.9% (55.0) // 48.8% (53.4) // 46.3% (48.8) // 50.5% (54.0)",
        "fenwickAgainst": "50.3% (43.9) // 50.2% (41.8) // 45.3% (37.4) // 48.2% (40.3)",
        "shotsAgainst": "50.6% (32.6) // 51.1% (30.8) // 45.6% (26.2) // 47.7% (28.0)",
        "scoringAgainst": "50.1% (30.6) // 52.9% (30.2) // 51.8% (29.0) // 55.9% (31.7)",
        "oppCorsi": "44.8% (51.0) // 42.6% (47.9) // 47.9% (50.8) // 53.4% (55.3)",
        "oppFenwick": "44.8% (37.2) // 43.6% (35.6) // 50.6% (40.2) // 56.5% (43.7)",
        "oppShots": "44.8% (27.1) // 41.9% (24.5) // 46.9% (26.0) // 51.9% (27.7)",
        "oppScoring": "42.7% (25.2) // 40.0% (22.3) // 44.9% (23.0) // 50.3% (26.0)",
        "oppCorsiAgainst": "55.2% (63.0) // 57.4% (64.6) // 52.1% (55.2) // 46.6% (48.3)",
        "oppFenwickAgainst": "55.2% (45.8) // 56.4% (46.1) // 49.4% (39.2) // 43.5% (33.7)",
        "oppShotsAgainst": "55.2% (33.4) // 58.1% (33.9) // 53.1% (29.5) // 48.1% (25.7)",
        "oppScoringAgainst": "57.3% (33.8) // 60.0% (33.5) // 55.1% (28.2) // 49.7% (25.7)",
        "savesPerGame": 29.2,
        "savesPerGameLast1": 26.0,
        "savesPerGameLast3": 24.3,
        "savesPerGameLast5": 21.6,
        "savesPer60": 29.3,
        "savesPer60Last1": 25.6,
        "savesPer60Last3": 24.1,
        "savesPer60Last5": 21.5,
        "shotsPerGame": 32.2,
        "shotsPerGameLast5": 31.2,
        "shotsAgainstPerGame": 32.9,
        "shotsAgainstPerGameLast5": 26.2,
        "oppSavesAgainstPer60": 24.7,
        "oppSavesAgainstPer60Last1": 24.0,
        "oppSavesAgainstPer60Last3": 23.4,
        "oppSavesAgainstPer60Last5": 22.6,
        "oppShotsAgainstPerGame": 33.7,
        "oppShotsAgainstPerGameLast5": 31.8,
        "savesProj": 23.9,
        "savesProjLast5": 16.1,
        "savesProjLast3": 18.7,
        "oppSavesAgainstProj": 25.5,
        "oppSavesAgainstProjLast5": 17.2,
        "oppSavesAgainstProjLast3": 19.9,
        "totalOver": 62,
        "totalOverLast5": 20,
        "totalOverLast15": 40,
        "lastTotalOver": 58,
        "last5": "3,2,2,0,1,3,5,5,0,2",
        "overOdds": "-145",
        "underOdds": "+115",
        "overUnder": "-145 / +115"
    },
    {
        "player": "Brendan Gallagher",
        "team": "MTL",
        "opponent": "BUF",
        "propType": "sog",
        "line": 2.5,
        "ppLine": "PP2",
        "avg": 2.25,
        "hit": false,
        "diffAvg": -0.1,
        "diffAbs": 0.04,
        "lastAvg": 2.54,
        "diff": 0.02,
        "avgMin": 14,
        "proj": 2.4,
        "lastAvgMin": 15.02,
        "oppOver": 0,
        "teamOver": 0,
        "gameLine": "+150",
        "+/-": -5,
        "L5_+/-": -3.0,
        "prevMatchup": "2022-11-22 1.0 sog, 2022-10-27 5.0 sog",
        "winLossSplits": "2.35 - 2.28",
        "awayHome": "A",
        "playedYesterday": "N",
        "awayHomeSplits": "2.79 - 1.71",
        "savesAboveExp": -0.339,
        "gsaa": -11.94,
        "corsi": "44.8% (51.0) // 42.6% (47.9) // 47.9% (50.8) // 53.4% (55.3)",
        "fenwick": "44.8% (37.2) // 43.6% (35.6) // 50.6% (40.2) // 56.5% (43.7)",
        "shots": "44.8% (27.1) // 41.9% (24.5) // 46.9% (26.0) // 51.9% (27.7)",
        "scoring": "42.7% (25.2) // 40.0% (22.3) // 44.9% (23.0) // 50.3% (26.0)",
        "corsiAgainst": "55.2% (63.0) // 57.4% (64.6) // 52.1% (55.2) // 46.6% (48.3)",
        "fenwickAgainst": "55.2% (45.8) // 56.4% (46.1) // 49.4% (39.2) // 43.5% (33.7)",
        "shotsAgainst": "55.2% (33.4) // 58.1% (33.9) // 53.1% (29.5) // 48.1% (25.7)",
        "scoringAgainst": "57.3% (33.8) // 60.0% (33.5) // 55.1% (28.2) // 49.7% (25.7)",
        "oppCorsi": "51.1% (57.6) // 51.2% (55.9) // 53.7% (56.6) // 49.5% (53.0)",
        "oppFenwick": "49.7% (43.5) // 49.8% (41.5) // 54.7% (45.2) // 51.8% (43.3)",
        "oppShots": "49.4% (31.9) // 48.9% (29.5) // 54.4% (31.2) // 52.3% (30.7)",
        "oppScoring": "49.9% (30.5) // 47.1% (27.0) // 48.2% (27.0) // 44.1% (25.0)",
        "oppCorsiAgainst": "48.9% (55.0) // 48.8% (53.4) // 46.3% (48.8) // 50.5% (54.0)",
        "oppFenwickAgainst": "50.3% (43.9) // 50.2% (41.8) // 45.3% (37.4) // 48.2% (40.3)",
        "oppShotsAgainst": "50.6% (32.6) // 51.1% (30.8) // 45.6% (26.2) // 47.7% (28.0)",
        "oppScoringAgainst": "50.1% (30.6) // 52.9% (30.2) // 51.8% (29.0) // 55.9% (31.7)",
        "savesPerGame": 30.1,
        "savesPerGameLast1": 20.0,
        "savesPerGameLast3": 22.7,
        "savesPerGameLast5": 27.4,
        "savesPer60": 30.1,
        "savesPer60Last1": 20.0,
        "savesPer60Last3": 22.4,
        "savesPer60Last5": 27.1,
        "shotsPerGame": 27.4,
        "shotsPerGameLast5": 26.8,
        "shotsAgainstPerGame": 33.7,
        "shotsAgainstPerGameLast5": 31.8,
        "oppSavesAgainstPer60": 28.6,
        "oppSavesAgainstPer60Last1": 33.0,
        "oppSavesAgainstPer60Last3": 27.2,
        "oppSavesAgainstPer60Last5": 28.7,
        "oppShotsAgainstPerGame": 32.9,
        "oppShotsAgainstPerGameLast5": 26.2,
        "savesProj": 29.4,
        "savesProjLast5": 26.6,
        "savesProjLast3": 20.9,
        "oppSavesAgainstProj": 30.3,
        "oppSavesAgainstProjLast5": 26.9,
        "oppSavesAgainstProjLast3": 22.1,
        "totalOver": 39,
        "totalOverLast5": 20,
        "totalOverLast15": 27,
        "lastTotalOver": 50,
        "last5": "2,3,1,1,2,3,2,2,1,1",
        "overOdds": "+135",
        "underOdds": "-165",
        "overUnder": "+135 / -165"
    },
    {
        "player": "Denis Gurianov",
        "team": "MTL",
        "opponent": "BUF",
        "propType": "sog",
        "line": 1.5,
        "ppLine": "PP2",
        "avg": 2.43,
        "hit": false,
        "diffAvg": 0.62,
        "diffAbs": 1.0,
        "lastAvg": 0,
        "diff": 0,
        "avgMin": 15,
        "proj": 0.0,
        "lastAvgMin": 0,
        "oppOver": 0,
        "teamOver": 0,
        "gameLine": "+150",
        "+/-": -6,
        "L5_+/-": -5.0,
        "prevMatchup": "",
        "winLossSplits": "2.78 - 2.12",
        "awayHome": "A",
        "playedYesterday": "N",
        "awayHomeSplits": "2.75 - 2.0",
        "savesAboveExp": -0.339,
        "gsaa": -11.94,
        "corsi": "44.8% (51.0) // 42.6% (47.9) // 47.9% (50.8) // 53.4% (55.3)",
        "fenwick": "44.8% (37.2) // 43.6% (35.6) // 50.6% (40.2) // 56.5% (43.7)",
        "shots": "44.8% (27.1) // 41.9% (24.5) // 46.9% (26.0) // 51.9% (27.7)",
        "scoring": "42.7% (25.2) // 40.0% (22.3) // 44.9% (23.0) // 50.3% (26.0)",
        "corsiAgainst": "55.2% (63.0) // 57.4% (64.6) // 52.1% (55.2) // 46.6% (48.3)",
        "fenwickAgainst": "55.2% (45.8) // 56.4% (46.1) // 49.4% (39.2) // 43.5% (33.7)",
        "shotsAgainst": "55.2% (33.4) // 58.1% (33.9) // 53.1% (29.5) // 48.1% (25.7)",
        "scoringAgainst": "57.3% (33.8) // 60.0% (33.5) // 55.1% (28.2) // 49.7% (25.7)",
        "oppCorsi": "51.1% (57.6) // 51.2% (55.9) // 53.7% (56.6) // 49.5% (53.0)",
        "oppFenwick": "49.7% (43.5) // 49.8% (41.5) // 54.7% (45.2) // 51.8% (43.3)",
        "oppShots": "49.4% (31.9) // 48.9% (29.5) // 54.4% (31.2) // 52.3% (30.7)",
        "oppScoring": "49.9% (30.5) // 47.1% (27.0) // 48.2% (27.0) // 44.1% (25.0)",
        "oppCorsiAgainst": "48.9% (55.0) // 48.8% (53.4) // 46.3% (48.8) // 50.5% (54.0)",
        "oppFenwickAgainst": "50.3% (43.9) // 50.2% (41.8) // 45.3% (37.4) // 48.2% (40.3)",
        "oppShotsAgainst": "50.6% (32.6) // 51.1% (30.8) // 45.6% (26.2) // 47.7% (28.0)",
        "oppScoringAgainst": "50.1% (30.6) // 52.9% (30.2) // 51.8% (29.0) // 55.9% (31.7)",
        "savesPerGame": 30.1,
        "savesPerGameLast1": 20.0,
        "savesPerGameLast3": 22.7,
        "savesPerGameLast5": 27.4,
        "savesPer60": 30.1,
        "savesPer60Last1": 20.0,
        "savesPer60Last3": 22.4,
        "savesPer60Last5": 27.1,
        "shotsPerGame": 27.4,
        "shotsPerGameLast5": 26.8,
        "shotsAgainstPerGame": 33.7,
        "shotsAgainstPerGameLast5": 31.8,
        "oppSavesAgainstPer60": 28.6,
        "oppSavesAgainstPer60Last1": 33.0,
        "oppSavesAgainstPer60Last3": 27.2,
        "oppSavesAgainstPer60Last5": 28.7,
        "oppShotsAgainstPerGame": 32.9,
        "oppShotsAgainstPerGameLast5": 26.2,
        "savesProj": 29.4,
        "savesProjLast5": 26.6,
        "savesProjLast3": 20.9,
        "oppSavesAgainstProj": 30.3,
        "oppSavesAgainstProjLast5": 26.9,
        "oppSavesAgainstProjLast3": 22.1,
        "totalOver": 71,
        "totalOverLast5": 20,
        "totalOverLast15": 71,
        "lastTotalOver": 0,
        "last5": "1,1,1,2,1,4,2,4,2,2",
        "overOdds": "-150",
        "underOdds": "+120",
        "overUnder": "-150 / +120"
    },
    {
        "player": "Dylan Cozens",
        "team": "BUF",
        "opponent": "MTL",
        "propType": "sog",
        "line": 2.5,
        "ppLine": "PP2",
        "avg": 2.62,
        "hit": false,
        "diffAvg": 0.05,
        "diffAbs": 0.2,
        "lastAvg": 2.03,
        "diff": -0.19,
        "avgMin": 16,
        "proj": 2.0,
        "lastAvgMin": 15.88,
        "oppOver": 0,
        "teamOver": 0,
        "gameLine": "-175",
        "+/-": 0,
        "L5_+/-": -8.0,
        "prevMatchup": "2022-11-22 4.0 sog, 2022-10-27 1.0 sog",
        "winLossSplits": "2.98 - 2.15",
        "awayHome": "H",
        "playedYesterday": "N",
        "awayHomeSplits": "2.56 - 2.68",
        "savesAboveExp": 0.116,
        "gsaa": -17.08,
        "corsi": "51.1% (57.6) // 51.2% (55.9) // 53.7% (56.6) // 49.5% (53.0)",
        "fenwick": "49.7% (43.5) // 49.8% (41.5) // 54.7% (45.2) // 51.8% (43.3)",
        "shots": "49.4% (31.9) // 48.9% (29.5) // 54.4% (31.2) // 52.3% (30.7)",
        "scoring": "49.9% (30.5) // 47.1% (27.0) // 48.2% (27.0) // 44.1% (25.0)",
        "corsiAgainst": "48.9% (55.0) // 48.8% (53.4) // 46.3% (48.8) // 50.5% (54.0)",
        "fenwickAgainst": "50.3% (43.9) // 50.2% (41.8) // 45.3% (37.4) // 48.2% (40.3)",
        "shotsAgainst": "50.6% (32.6) // 51.1% (30.8) // 45.6% (26.2) // 47.7% (28.0)",
        "scoringAgainst": "50.1% (30.6) // 52.9% (30.2) // 51.8% (29.0) // 55.9% (31.7)",
        "oppCorsi": "44.8% (51.0) // 42.6% (47.9) // 47.9% (50.8) // 53.4% (55.3)",
        "oppFenwick": "44.8% (37.2) // 43.6% (35.6) // 50.6% (40.2) // 56.5% (43.7)",
        "oppShots": "44.8% (27.1) // 41.9% (24.5) // 46.9% (26.0) // 51.9% (27.7)",
        "oppScoring": "42.7% (25.2) // 40.0% (22.3) // 44.9% (23.0) // 50.3% (26.0)",
        "oppCorsiAgainst": "55.2% (63.0) // 57.4% (64.6) // 52.1% (55.2) // 46.6% (48.3)",
        "oppFenwickAgainst": "55.2% (45.8) // 56.4% (46.1) // 49.4% (39.2) // 43.5% (33.7)",
        "oppShotsAgainst": "55.2% (33.4) // 58.1% (33.9) // 53.1% (29.5) // 48.1% (25.7)",
        "oppScoringAgainst": "57.3% (33.8) // 60.0% (33.5) // 55.1% (28.2) // 49.7% (25.7)",
        "savesPerGame": 29.2,
        "savesPerGameLast1": 26.0,
        "savesPerGameLast3": 24.3,
        "savesPerGameLast5": 21.6,
        "savesPer60": 29.3,
        "savesPer60Last1": 25.6,
        "savesPer60Last3": 24.1,
        "savesPer60Last5": 21.5,
        "shotsPerGame": 32.2,
        "shotsPerGameLast5": 31.2,
        "shotsAgainstPerGame": 32.9,
        "shotsAgainstPerGameLast5": 26.2,
        "oppSavesAgainstPer60": 24.7,
        "oppSavesAgainstPer60Last1": 24.0,
        "oppSavesAgainstPer60Last3": 23.4,
        "oppSavesAgainstPer60Last5": 22.6,
        "oppShotsAgainstPerGame": 33.7,
        "oppShotsAgainstPerGameLast5": 31.8,
        "savesProj": 23.9,
        "savesProjLast5": 16.1,
        "savesProjLast3": 18.7,
        "oppSavesAgainstProj": 25.5,
        "oppSavesAgainstProjLast5": 17.2,
        "oppSavesAgainstProjLast3": 19.9,
        "totalOver": 46,
        "totalOverLast5": 40,
        "totalOverLast15": 47,
        "lastTotalOver": 32,
        "last5": "6,2,2,0,3,2,4,3,1,4",
        "overOdds": "-130",
        "underOdds": "+100",
        "overUnder": "-130 / +100"
    },
    {
        "player": "Jeff Skinner",
        "team": "BUF",
        "opponent": "MTL",
        "propType": "sog",
        "line": 2.5,
        "ppLine": "PP1",
        "avg": 2.93,
        "hit": false,
        "diffAvg": 0.17,
        "diffAbs": 0.32,
        "lastAvg": 3.27,
        "diff": 0.31,
        "avgMin": 17,
        "proj": 3.3,
        "lastAvgMin": 17.1,
        "oppOver": 0,
        "teamOver": 0,
        "gameLine": "-175",
        "+/-": "+8",
        "L5_+/-": -2.0,
        "prevMatchup": "2022-11-22 5.0 sog, 2022-10-27 4.0 sog",
        "winLossSplits": "2.85 - 2.88",
        "awayHome": "H",
        "playedYesterday": "N",
        "awayHomeSplits": "2.58 - 3.25",
        "savesAboveExp": 0.116,
        "gsaa": -17.08,
        "corsi": "51.1% (57.6) // 51.2% (55.9) // 53.7% (56.6) // 49.5% (53.0)",
        "fenwick": "49.7% (43.5) // 49.8% (41.5) // 54.7% (45.2) // 51.8% (43.3)",
        "shots": "49.4% (31.9) // 48.9% (29.5) // 54.4% (31.2) // 52.3% (30.7)",
        "scoring": "49.9% (30.5) // 47.1% (27.0) // 48.2% (27.0) // 44.1% (25.0)",
        "corsiAgainst": "48.9% (55.0) // 48.8% (53.4) // 46.3% (48.8) // 50.5% (54.0)",
        "fenwickAgainst": "50.3% (43.9) // 50.2% (41.8) // 45.3% (37.4) // 48.2% (40.3)",
        "shotsAgainst": "50.6% (32.6) // 51.1% (30.8) // 45.6% (26.2) // 47.7% (28.0)",
        "scoringAgainst": "50.1% (30.6) // 52.9% (30.2) // 51.8% (29.0) // 55.9% (31.7)",
        "oppCorsi": "44.8% (51.0) // 42.6% (47.9) // 47.9% (50.8) // 53.4% (55.3)",
        "oppFenwick": "44.8% (37.2) // 43.6% (35.6) // 50.6% (40.2) // 56.5% (43.7)",
        "oppShots": "44.8% (27.1) // 41.9% (24.5) // 46.9% (26.0) // 51.9% (27.7)",
        "oppScoring": "42.7% (25.2) // 40.0% (22.3) // 44.9% (23.0) // 50.3% (26.0)",
        "oppCorsiAgainst": "55.2% (63.0) // 57.4% (64.6) // 52.1% (55.2) // 46.6% (48.3)",
        "oppFenwickAgainst": "55.2% (45.8) // 56.4% (46.1) // 49.4% (39.2) // 43.5% (33.7)",
        "oppShotsAgainst": "55.2% (33.4) // 58.1% (33.9) // 53.1% (29.5) // 48.1% (25.7)",
        "oppScoringAgainst": "57.3% (33.8) // 60.0% (33.5) // 55.1% (28.2) // 49.7% (25.7)",
        "savesPerGame": 29.2,
        "savesPerGameLast1": 26.0,
        "savesPerGameLast3": 24.3,
        "savesPerGameLast5": 21.6,
        "savesPer60": 29.3,
        "savesPer60Last1": 25.6,
        "savesPer60Last3": 24.1,
        "savesPer60Last5": 21.5,
        "shotsPerGame": 32.2,
        "shotsPerGameLast5": 31.2,
        "shotsAgainstPerGame": 32.9,
        "shotsAgainstPerGameLast5": 26.2,
        "oppSavesAgainstPer60": 24.7,
        "oppSavesAgainstPer60Last1": 24.0,
        "oppSavesAgainstPer60Last3": 23.4,
        "oppSavesAgainstPer60Last5": 22.6,
        "oppShotsAgainstPerGame": 33.7,
        "oppShotsAgainstPerGameLast5": 31.8,
        "savesProj": 23.9,
        "savesProjLast5": 16.1,
        "savesProjLast3": 18.7,
        "oppSavesAgainstProj": 25.5,
        "oppSavesAgainstProjLast5": 17.2,
        "oppSavesAgainstProjLast3": 19.9,
        "totalOver": 54,
        "totalOverLast5": 60,
        "totalOverLast15": 40,
        "lastTotalOver": 60,
        "last5": "2,5,3,2,4,2,2,3,2,1",
        "overOdds": "-150",
        "underOdds": "+120",
        "overUnder": "-150 / +120"
    },
    {
        "player": "Kirby Dach",
        "team": "MTL",
        "opponent": "BUF",
        "propType": "sog",
        "line": 1.5,
        "ppLine": "PP1",
        "avg": 1.82,
        "hit": false,
        "diffAvg": 0.21,
        "diffAbs": 0.13,
        "lastAvg": 1.66,
        "diff": 0.11,
        "avgMin": 18,
        "proj": 1.7,
        "lastAvgMin": 18.03,
        "oppOver": 0,
        "teamOver": 0,
        "gameLine": "+150",
        "+/-": -3,
        "L5_+/-": "+2.0",
        "prevMatchup": "2022-11-22 1.0 sog, 2022-10-27 2.0 sog",
        "winLossSplits": "1.82 - 1.74",
        "awayHome": "A",
        "playedYesterday": "N",
        "awayHomeSplits": "2.19 - 1.52",
        "savesAboveExp": -0.339,
        "gsaa": -11.94,
        "corsi": "44.8% (51.0) // 42.6% (47.9) // 47.9% (50.8) // 53.4% (55.3)",
        "fenwick": "44.8% (37.2) // 43.6% (35.6) // 50.6% (40.2) // 56.5% (43.7)",
        "shots": "44.8% (27.1) // 41.9% (24.5) // 46.9% (26.0) // 51.9% (27.7)",
        "scoring": "42.7% (25.2) // 40.0% (22.3) // 44.9% (23.0) // 50.3% (26.0)",
        "corsiAgainst": "55.2% (63.0) // 57.4% (64.6) // 52.1% (55.2) // 46.6% (48.3)",
        "fenwickAgainst": "55.2% (45.8) // 56.4% (46.1) // 49.4% (39.2) // 43.5% (33.7)",
        "shotsAgainst": "55.2% (33.4) // 58.1% (33.9) // 53.1% (29.5) // 48.1% (25.7)",
        "scoringAgainst": "57.3% (33.8) // 60.0% (33.5) // 55.1% (28.2) // 49.7% (25.7)",
        "oppCorsi": "51.1% (57.6) // 51.2% (55.9) // 53.7% (56.6) // 49.5% (53.0)",
        "oppFenwick": "49.7% (43.5) // 49.8% (41.5) // 54.7% (45.2) // 51.8% (43.3)",
        "oppShots": "49.4% (31.9) // 48.9% (29.5) // 54.4% (31.2) // 52.3% (30.7)",
        "oppScoring": "49.9% (30.5) // 47.1% (27.0) // 48.2% (27.0) // 44.1% (25.0)",
        "oppCorsiAgainst": "48.9% (55.0) // 48.8% (53.4) // 46.3% (48.8) // 50.5% (54.0)",
        "oppFenwickAgainst": "50.3% (43.9) // 50.2% (41.8) // 45.3% (37.4) // 48.2% (40.3)",
        "oppShotsAgainst": "50.6% (32.6) // 51.1% (30.8) // 45.6% (26.2) // 47.7% (28.0)",
        "oppScoringAgainst": "50.1% (30.6) // 52.9% (30.2) // 51.8% (29.0) // 55.9% (31.7)",
        "savesPerGame": 30.1,
        "savesPerGameLast1": 20.0,
        "savesPerGameLast3": 22.7,
        "savesPerGameLast5": 27.4,
        "savesPer60": 30.1,
        "savesPer60Last1": 20.0,
        "savesPer60Last3": 22.4,
        "savesPer60Last5": 27.1,
        "shotsPerGame": 27.4,
        "shotsPerGameLast5": 26.8,
        "shotsAgainstPerGame": 33.7,
        "shotsAgainstPerGameLast5": 31.8,
        "oppSavesAgainstPer60": 28.6,
        "oppSavesAgainstPer60Last1": 33.0,
        "oppSavesAgainstPer60Last3": 27.2,
        "oppSavesAgainstPer60Last5": 28.7,
        "oppShotsAgainstPerGame": 32.9,
        "oppShotsAgainstPerGameLast5": 26.2,
        "savesProj": 29.4,
        "savesProjLast5": 26.6,
        "savesProjLast3": 20.9,
        "oppSavesAgainstProj": 30.3,
        "oppSavesAgainstProjLast5": 26.9,
        "oppSavesAgainstProjLast3": 22.1,
        "totalOver": 53,
        "totalOverLast5": 40,
        "totalOverLast15": 53,
        "lastTotalOver": 52,
        "last5": "0,3,2,1,1,1,3,3,1,3",
        "overOdds": "-150",
        "underOdds": "+120",
        "overUnder": "-150 / +120"
    },
    {
        "player": "Mike Matheson",
        "team": "MTL",
        "opponent": "BUF",
        "propType": "sog",
        "line": 2.5,
        "ppLine": "PP1",
        "avg": 2.56,
        "hit": false,
        "diffAvg": 0.02,
        "diffAbs": 0.12,
        "lastAvg": 1.73,
        "diff": -0.31,
        "avgMin": 24,
        "proj": 2.2,
        "lastAvgMin": 18.78,
        "oppOver": 0,
        "teamOver": 0,
        "gameLine": "+150",
        "+/-": "+7",
        "L5_+/-": 0.0,
        "prevMatchup": "2022-11-22 3.0 sog",
        "winLossSplits": "2.51 - 2.57",
        "awayHome": "A",
        "playedYesterday": "N",
        "awayHomeSplits": "2.53 - 2.6",
        "savesAboveExp": -0.339,
        "gsaa": -11.94,
        "corsi": "44.8% (51.0) // 42.6% (47.9) // 47.9% (50.8) // 53.4% (55.3)",
        "fenwick": "44.8% (37.2) // 43.6% (35.6) // 50.6% (40.2) // 56.5% (43.7)",
        "shots": "44.8% (27.1) // 41.9% (24.5) // 46.9% (26.0) // 51.9% (27.7)",
        "scoring": "42.7% (25.2) // 40.0% (22.3) // 44.9% (23.0) // 50.3% (26.0)",
        "corsiAgainst": "55.2% (63.0) // 57.4% (64.6) // 52.1% (55.2) // 46.6% (48.3)",
        "fenwickAgainst": "55.2% (45.8) // 56.4% (46.1) // 49.4% (39.2) // 43.5% (33.7)",
        "shotsAgainst": "55.2% (33.4) // 58.1% (33.9) // 53.1% (29.5) // 48.1% (25.7)",
        "scoringAgainst": "57.3% (33.8) // 60.0% (33.5) // 55.1% (28.2) // 49.7% (25.7)",
        "oppCorsi": "51.1% (57.6) // 51.2% (55.9) // 53.7% (56.6) // 49.5% (53.0)",
        "oppFenwick": "49.7% (43.5) // 49.8% (41.5) // 54.7% (45.2) // 51.8% (43.3)",
        "oppShots": "49.4% (31.9) // 48.9% (29.5) // 54.4% (31.2) // 52.3% (30.7)",
        "oppScoring": "49.9% (30.5) // 47.1% (27.0) // 48.2% (27.0) // 44.1% (25.0)",
        "oppCorsiAgainst": "48.9% (55.0) // 48.8% (53.4) // 46.3% (48.8) // 50.5% (54.0)",
        "oppFenwickAgainst": "50.3% (43.9) // 50.2% (41.8) // 45.3% (37.4) // 48.2% (40.3)",
        "oppShotsAgainst": "50.6% (32.6) // 51.1% (30.8) // 45.6% (26.2) // 47.7% (28.0)",
        "oppScoringAgainst": "50.1% (30.6) // 52.9% (30.2) // 51.8% (29.0) // 55.9% (31.7)",
        "savesPerGame": 30.1,
        "savesPerGameLast1": 20.0,
        "savesPerGameLast3": 22.7,
        "savesPerGameLast5": 27.4,
        "savesPer60": 30.1,
        "savesPer60Last1": 20.0,
        "savesPer60Last3": 22.4,
        "savesPer60Last5": 27.1,
        "shotsPerGame": 27.4,
        "shotsPerGameLast5": 26.8,
        "shotsAgainstPerGame": 33.7,
        "shotsAgainstPerGameLast5": 31.8,
        "oppSavesAgainstPer60": 28.6,
        "oppSavesAgainstPer60Last1": 33.0,
        "oppSavesAgainstPer60Last3": 27.2,
        "oppSavesAgainstPer60Last5": 28.7,
        "oppShotsAgainstPerGame": 32.9,
        "oppShotsAgainstPerGameLast5": 26.2,
        "savesProj": 29.4,
        "savesProjLast5": 26.6,
        "savesProjLast3": 20.9,
        "oppSavesAgainstProj": 30.3,
        "oppSavesAgainstProjLast5": 26.9,
        "oppSavesAgainstProjLast3": 22.1,
        "totalOver": 51,
        "totalOverLast5": 80,
        "totalOverLast15": 67,
        "lastTotalOver": 44,
        "last5": "3,5,5,2,3,3,2,2,2,3",
        "overOdds": "-105",
        "underOdds": "-125",
        "overUnder": "-105 / -125"
    },
    {
        "player": "Nick Suzuki",
        "team": "MTL",
        "opponent": "BUF",
        "propType": "sog",
        "line": 1.5,
        "ppLine": "PP1",
        "avg": 1.95,
        "hit": false,
        "diffAvg": 0.3,
        "diffAbs": 0.53,
        "lastAvg": 2.24,
        "diff": 0.49,
        "avgMin": 21,
        "proj": 2.3,
        "lastAvgMin": 20.5,
        "oppOver": 0,
        "teamOver": 0,
        "gameLine": "+150",
        "+/-": -8,
        "L5_+/-": 0.0,
        "prevMatchup": "2022-11-22 2.0 sog, 2022-10-27 4.0 sog",
        "winLossSplits": "2.08 - 1.82",
        "awayHome": "A",
        "playedYesterday": "N",
        "awayHomeSplits": "1.65 - 2.25",
        "savesAboveExp": -0.339,
        "gsaa": -11.94,
        "corsi": "44.8% (51.0) // 42.6% (47.9) // 47.9% (50.8) // 53.4% (55.3)",
        "fenwick": "44.8% (37.2) // 43.6% (35.6) // 50.6% (40.2) // 56.5% (43.7)",
        "shots": "44.8% (27.1) // 41.9% (24.5) // 46.9% (26.0) // 51.9% (27.7)",
        "scoring": "42.7% (25.2) // 40.0% (22.3) // 44.9% (23.0) // 50.3% (26.0)",
        "corsiAgainst": "55.2% (63.0) // 57.4% (64.6) // 52.1% (55.2) // 46.6% (48.3)",
        "fenwickAgainst": "55.2% (45.8) // 56.4% (46.1) // 49.4% (39.2) // 43.5% (33.7)",
        "shotsAgainst": "55.2% (33.4) // 58.1% (33.9) // 53.1% (29.5) // 48.1% (25.7)",
        "scoringAgainst": "57.3% (33.8) // 60.0% (33.5) // 55.1% (28.2) // 49.7% (25.7)",
        "oppCorsi": "51.1% (57.6) // 51.2% (55.9) // 53.7% (56.6) // 49.5% (53.0)",
        "oppFenwick": "49.7% (43.5) // 49.8% (41.5) // 54.7% (45.2) // 51.8% (43.3)",
        "oppShots": "49.4% (31.9) // 48.9% (29.5) // 54.4% (31.2) // 52.3% (30.7)",
        "oppScoring": "49.9% (30.5) // 47.1% (27.0) // 48.2% (27.0) // 44.1% (25.0)",
        "oppCorsiAgainst": "48.9% (55.0) // 48.8% (53.4) // 46.3% (48.8) // 50.5% (54.0)",
        "oppFenwickAgainst": "50.3% (43.9) // 50.2% (41.8) // 45.3% (37.4) // 48.2% (40.3)",
        "oppShotsAgainst": "50.6% (32.6) // 51.1% (30.8) // 45.6% (26.2) // 47.7% (28.0)",
        "oppScoringAgainst": "50.1% (30.6) // 52.9% (30.2) // 51.8% (29.0) // 55.9% (31.7)",
        "savesPerGame": 30.1,
        "savesPerGameLast1": 20.0,
        "savesPerGameLast3": 22.7,
        "savesPerGameLast5": 27.4,
        "savesPer60": 30.1,
        "savesPer60Last1": 20.0,
        "savesPer60Last3": 22.4,
        "savesPer60Last5": 27.1,
        "shotsPerGame": 27.4,
        "shotsPerGameLast5": 26.8,
        "shotsAgainstPerGame": 33.7,
        "shotsAgainstPerGameLast5": 31.8,
        "oppSavesAgainstPer60": 28.6,
        "oppSavesAgainstPer60Last1": 33.0,
        "oppSavesAgainstPer60Last3": 27.2,
        "oppSavesAgainstPer60Last5": 28.7,
        "oppShotsAgainstPerGame": 32.9,
        "oppShotsAgainstPerGameLast5": 26.2,
        "savesProj": 29.4,
        "savesProjLast5": 26.6,
        "savesProjLast3": 20.9,
        "oppSavesAgainstProj": 30.3,
        "oppSavesAgainstProjLast5": 26.9,
        "oppSavesAgainstProjLast3": 22.1,
        "totalOver": 56,
        "totalOverLast5": 60,
        "totalOverLast15": 40,
        "lastTotalOver": 62,
        "last5": "3,4,1,1,4,1,1,0,1,3",
        "overOdds": "-150",
        "underOdds": "+120",
        "overUnder": "-150 / +120"
    },
    {
        "player": "Rasmus Dahlin",
        "team": "BUF",
        "opponent": "MTL",
        "propType": "sog",
        "line": 2.5,
        "ppLine": "PP1",
        "avg": 2.71,
        "hit": false,
        "diffAvg": 0.08,
        "diffAbs": 0.12,
        "lastAvg": 2.1,
        "diff": -0.16,
        "avgMin": 25,
        "proj": 2.2,
        "lastAvgMin": 24.0,
        "oppOver": 0,
        "teamOver": 0,
        "gameLine": "-175",
        "+/-": "+9",
        "L5_+/-": -13.0,
        "prevMatchup": "2022-11-22 2.0 sog, 2022-10-27 3.0 sog",
        "winLossSplits": "2.53 - 2.74",
        "awayHome": "H",
        "playedYesterday": "N",
        "awayHomeSplits": "2.52 - 2.89",
        "savesAboveExp": 0.116,
        "gsaa": -17.08,
        "corsi": "51.1% (57.6) // 51.2% (55.9) // 53.7% (56.6) // 49.5% (53.0)",
        "fenwick": "49.7% (43.5) // 49.8% (41.5) // 54.7% (45.2) // 51.8% (43.3)",
        "shots": "49.4% (31.9) // 48.9% (29.5) // 54.4% (31.2) // 52.3% (30.7)",
        "scoring": "49.9% (30.5) // 47.1% (27.0) // 48.2% (27.0) // 44.1% (25.0)",
        "corsiAgainst": "48.9% (55.0) // 48.8% (53.4) // 46.3% (48.8) // 50.5% (54.0)",
        "fenwickAgainst": "50.3% (43.9) // 50.2% (41.8) // 45.3% (37.4) // 48.2% (40.3)",
        "shotsAgainst": "50.6% (32.6) // 51.1% (30.8) // 45.6% (26.2) // 47.7% (28.0)",
        "scoringAgainst": "50.1% (30.6) // 52.9% (30.2) // 51.8% (29.0) // 55.9% (31.7)",
        "oppCorsi": "44.8% (51.0) // 42.6% (47.9) // 47.9% (50.8) // 53.4% (55.3)",
        "oppFenwick": "44.8% (37.2) // 43.6% (35.6) // 50.6% (40.2) // 56.5% (43.7)",
        "oppShots": "44.8% (27.1) // 41.9% (24.5) // 46.9% (26.0) // 51.9% (27.7)",
        "oppScoring": "42.7% (25.2) // 40.0% (22.3) // 44.9% (23.0) // 50.3% (26.0)",
        "oppCorsiAgainst": "55.2% (63.0) // 57.4% (64.6) // 52.1% (55.2) // 46.6% (48.3)",
        "oppFenwickAgainst": "55.2% (45.8) // 56.4% (46.1) // 49.4% (39.2) // 43.5% (33.7)",
        "oppShotsAgainst": "55.2% (33.4) // 58.1% (33.9) // 53.1% (29.5) // 48.1% (25.7)",
        "oppScoringAgainst": "57.3% (33.8) // 60.0% (33.5) // 55.1% (28.2) // 49.7% (25.7)",
        "savesPerGame": 29.2,
        "savesPerGameLast1": 26.0,
        "savesPerGameLast3": 24.3,
        "savesPerGameLast5": 21.6,
        "savesPer60": 29.3,
        "savesPer60Last1": 25.6,
        "savesPer60Last3": 24.1,
        "savesPer60Last5": 21.5,
        "shotsPerGame": 32.2,
        "shotsPerGameLast5": 31.2,
        "shotsAgainstPerGame": 32.9,
        "shotsAgainstPerGameLast5": 26.2,
        "oppSavesAgainstPer60": 24.7,
        "oppSavesAgainstPer60Last1": 24.0,
        "oppSavesAgainstPer60Last3": 23.4,
        "oppSavesAgainstPer60Last5": 22.6,
        "oppShotsAgainstPerGame": 33.7,
        "oppShotsAgainstPerGameLast5": 31.8,
        "savesProj": 23.9,
        "savesProjLast5": 16.1,
        "savesProjLast3": 18.7,
        "oppSavesAgainstProj": 25.5,
        "oppSavesAgainstProjLast5": 17.2,
        "oppSavesAgainstProjLast3": 19.9,
        "totalOver": 53,
        "totalOverLast5": 40,
        "totalOverLast15": 33,
        "lastTotalOver": 36,
        "last5": "1,0,2,7,3,0,1,2,4,0",
        "overOdds": "-135",
        "underOdds": "+105",
        "overUnder": "-135 / +105"
    },
    {
        "player": "Tage Thompson",
        "team": "BUF",
        "opponent": "MTL",
        "propType": "sog",
        "line": 3.5,
        "ppLine": "PP1",
        "avg": 3.74,
        "hit": false,
        "diffAvg": 0.07,
        "diffAbs": 0.06,
        "lastAvg": 3.24,
        "diff": -0.07,
        "avgMin": 18,
        "proj": 3.3,
        "lastAvgMin": 17.87,
        "oppOver": 0,
        "teamOver": 0,
        "gameLine": "-175",
        "+/-": "+6",
        "L5_+/-": -4.0,
        "prevMatchup": "2022-11-22 8.0 sog, 2022-10-27 8.0 sog",
        "winLossSplits": "4.02 - 3.29",
        "awayHome": "H",
        "playedYesterday": "N",
        "awayHomeSplits": "3.89 - 3.59",
        "savesAboveExp": 0.116,
        "gsaa": -17.08,
        "corsi": "51.1% (57.6) // 51.2% (55.9) // 53.7% (56.6) // 49.5% (53.0)",
        "fenwick": "49.7% (43.5) // 49.8% (41.5) // 54.7% (45.2) // 51.8% (43.3)",
        "shots": "49.4% (31.9) // 48.9% (29.5) // 54.4% (31.2) // 52.3% (30.7)",
        "scoring": "49.9% (30.5) // 47.1% (27.0) // 48.2% (27.0) // 44.1% (25.0)",
        "corsiAgainst": "48.9% (55.0) // 48.8% (53.4) // 46.3% (48.8) // 50.5% (54.0)",
        "fenwickAgainst": "50.3% (43.9) // 50.2% (41.8) // 45.3% (37.4) // 48.2% (40.3)",
        "shotsAgainst": "50.6% (32.6) // 51.1% (30.8) // 45.6% (26.2) // 47.7% (28.0)",
        "scoringAgainst": "50.1% (30.6) // 52.9% (30.2) // 51.8% (29.0) // 55.9% (31.7)",
        "oppCorsi": "44.8% (51.0) // 42.6% (47.9) // 47.9% (50.8) // 53.4% (55.3)",
        "oppFenwick": "44.8% (37.2) // 43.6% (35.6) // 50.6% (40.2) // 56.5% (43.7)",
        "oppShots": "44.8% (27.1) // 41.9% (24.5) // 46.9% (26.0) // 51.9% (27.7)",
        "oppScoring": "42.7% (25.2) // 40.0% (22.3) // 44.9% (23.0) // 50.3% (26.0)",
        "oppCorsiAgainst": "55.2% (63.0) // 57.4% (64.6) // 52.1% (55.2) // 46.6% (48.3)",
        "oppFenwickAgainst": "55.2% (45.8) // 56.4% (46.1) // 49.4% (39.2) // 43.5% (33.7)",
        "oppShotsAgainst": "55.2% (33.4) // 58.1% (33.9) // 53.1% (29.5) // 48.1% (25.7)",
        "oppScoringAgainst": "57.3% (33.8) // 60.0% (33.5) // 55.1% (28.2) // 49.7% (25.7)",
        "savesPerGame": 29.2,
        "savesPerGameLast1": 26.0,
        "savesPerGameLast3": 24.3,
        "savesPerGameLast5": 21.6,
        "savesPer60": 29.3,
        "savesPer60Last1": 25.6,
        "savesPer60Last3": 24.1,
        "savesPer60Last5": 21.5,
        "shotsPerGame": 32.2,
        "shotsPerGameLast5": 31.2,
        "shotsAgainstPerGame": 32.9,
        "shotsAgainstPerGameLast5": 26.2,
        "oppSavesAgainstPer60": 24.7,
        "oppSavesAgainstPer60Last1": 24.0,
        "oppSavesAgainstPer60Last3": 23.4,
        "oppSavesAgainstPer60Last5": 22.6,
        "oppShotsAgainstPerGame": 33.7,
        "oppShotsAgainstPerGameLast5": 31.8,
        "savesProj": 23.9,
        "savesProjLast5": 16.1,
        "savesProjLast3": 18.7,
        "oppSavesAgainstProj": 25.5,
        "oppSavesAgainstProjLast5": 17.2,
        "oppSavesAgainstProjLast3": 19.9,
        "totalOver": 44,
        "totalOverLast5": 20,
        "totalOverLast15": 27,
        "lastTotalOver": 42,
        "last5": "2,4,3,2,2,5,7,2,2,3",
        "overOdds": "-120",
        "underOdds": "-110",
        "overUnder": "-120 / -110"
    },
    {
        "player": "Victor Olofsson",
        "team": "BUF",
        "opponent": "MTL",
        "propType": "sog",
        "line": 2.5,
        "ppLine": "PP1",
        "avg": 2.17,
        "hit": false,
        "diffAvg": -0.13,
        "diffAbs": 0.16,
        "lastAvg": 2.28,
        "diff": -0.09,
        "avgMin": 14,
        "proj": 2.1,
        "lastAvgMin": 15.37,
        "oppOver": 0,
        "teamOver": 0,
        "gameLine": "-175",
        "+/-": -27,
        "L5_+/-": -10.0,
        "prevMatchup": "2022-11-22 0.0 sog, 2022-10-27 4.0 sog",
        "winLossSplits": "1.98 - 2.17",
        "awayHome": "H",
        "playedYesterday": "N",
        "awayHomeSplits": "1.79 - 2.51",
        "savesAboveExp": 0.116,
        "gsaa": -17.08,
        "corsi": "51.1% (57.6) // 51.2% (55.9) // 53.7% (56.6) // 49.5% (53.0)",
        "fenwick": "49.7% (43.5) // 49.8% (41.5) // 54.7% (45.2) // 51.8% (43.3)",
        "shots": "49.4% (31.9) // 48.9% (29.5) // 54.4% (31.2) // 52.3% (30.7)",
        "scoring": "49.9% (30.5) // 47.1% (27.0) // 48.2% (27.0) // 44.1% (25.0)",
        "corsiAgainst": "48.9% (55.0) // 48.8% (53.4) // 46.3% (48.8) // 50.5% (54.0)",
        "fenwickAgainst": "50.3% (43.9) // 50.2% (41.8) // 45.3% (37.4) // 48.2% (40.3)",
        "shotsAgainst": "50.6% (32.6) // 51.1% (30.8) // 45.6% (26.2) // 47.7% (28.0)",
        "scoringAgainst": "50.1% (30.6) // 52.9% (30.2) // 51.8% (29.0) // 55.9% (31.7)",
        "oppCorsi": "44.8% (51.0) // 42.6% (47.9) // 47.9% (50.8) // 53.4% (55.3)",
        "oppFenwick": "44.8% (37.2) // 43.6% (35.6) // 50.6% (40.2) // 56.5% (43.7)",
        "oppShots": "44.8% (27.1) // 41.9% (24.5) // 46.9% (26.0) // 51.9% (27.7)",
        "oppScoring": "42.7% (25.2) // 40.0% (22.3) // 44.9% (23.0) // 50.3% (26.0)",
        "oppCorsiAgainst": "55.2% (63.0) // 57.4% (64.6) // 52.1% (55.2) // 46.6% (48.3)",
        "oppFenwickAgainst": "55.2% (45.8) // 56.4% (46.1) // 49.4% (39.2) // 43.5% (33.7)",
        "oppShotsAgainst": "55.2% (33.4) // 58.1% (33.9) // 53.1% (29.5) // 48.1% (25.7)",
        "oppScoringAgainst": "57.3% (33.8) // 60.0% (33.5) // 55.1% (28.2) // 49.7% (25.7)",
        "savesPerGame": 29.2,
        "savesPerGameLast1": 26.0,
        "savesPerGameLast3": 24.3,
        "savesPerGameLast5": 21.6,
        "savesPer60": 29.3,
        "savesPer60Last1": 25.6,
        "savesPer60Last3": 24.1,
        "savesPer60Last5": 21.5,
        "shotsPerGame": 32.2,
        "shotsPerGameLast5": 31.2,
        "shotsAgainstPerGame": 32.9,
        "shotsAgainstPerGameLast5": 26.2,
        "oppSavesAgainstPer60": 24.7,
        "oppSavesAgainstPer60Last1": 24.0,
        "oppSavesAgainstPer60Last3": 23.4,
        "oppSavesAgainstPer60Last5": 22.6,
        "oppShotsAgainstPerGame": 33.7,
        "oppShotsAgainstPerGameLast5": 31.8,
        "savesProj": 23.9,
        "savesProjLast5": 16.1,
        "savesProjLast3": 18.7,
        "oppSavesAgainstProj": 25.5,
        "oppSavesAgainstProjLast5": 17.2,
        "oppSavesAgainstProjLast3": 19.9,
        "totalOver": 37,
        "totalOverLast5": 20,
        "totalOverLast15": 20,
        "lastTotalOver": 36,
        "last5": "2,1,2,1,4,2,1,2,3,3",
        "overOdds": "+135",
        "underOdds": "-165",
        "overUnder": "+135 / -165"
    },
    {
        "player": "Mike Hoffman",
        "team": "MTL",
        "opponent": "BUF",
        "propType": "sog",
        "line": 2.5,
        "ppLine": "PP1",
        "avg": 2.29,
        "hit": false,
        "diffAvg": -0.08,
        "diffAbs": 0.2,
        "lastAvg": 2.3,
        "diff": -0.08,
        "avgMin": 15,
        "proj": 2.0,
        "lastAvgMin": 17.03,
        "oppOver": 0,
        "teamOver": 0,
        "gameLine": "+150",
        "+/-": -3,
        "L5_+/-": "+1.0",
        "prevMatchup": "2022-10-27 1.0 sog",
        "winLossSplits": "2.3 - 2.15",
        "awayHome": "A",
        "playedYesterday": "N",
        "awayHomeSplits": "2.07 - 2.48",
        "savesAboveExp": -0.339,
        "gsaa": -11.94,
        "corsi": "44.8% (51.0) // 42.6% (47.9) // 47.9% (50.8) // 53.4% (55.3)",
        "fenwick": "44.8% (37.2) // 43.6% (35.6) // 50.6% (40.2) // 56.5% (43.7)",
        "shots": "44.8% (27.1) // 41.9% (24.5) // 46.9% (26.0) // 51.9% (27.7)",
        "scoring": "42.7% (25.2) // 40.0% (22.3) // 44.9% (23.0) // 50.3% (26.0)",
        "corsiAgainst": "55.2% (63.0) // 57.4% (64.6) // 52.1% (55.2) // 46.6% (48.3)",
        "fenwickAgainst": "55.2% (45.8) // 56.4% (46.1) // 49.4% (39.2) // 43.5% (33.7)",
        "shotsAgainst": "55.2% (33.4) // 58.1% (33.9) // 53.1% (29.5) // 48.1% (25.7)",
        "scoringAgainst": "57.3% (33.8) // 60.0% (33.5) // 55.1% (28.2) // 49.7% (25.7)",
        "oppCorsi": "51.1% (57.6) // 51.2% (55.9) // 53.7% (56.6) // 49.5% (53.0)",
        "oppFenwick": "49.7% (43.5) // 49.8% (41.5) // 54.7% (45.2) // 51.8% (43.3)",
        "oppShots": "49.4% (31.9) // 48.9% (29.5) // 54.4% (31.2) // 52.3% (30.7)",
        "oppScoring": "49.9% (30.5) // 47.1% (27.0) // 48.2% (27.0) // 44.1% (25.0)",
        "oppCorsiAgainst": "48.9% (55.0) // 48.8% (53.4) // 46.3% (48.8) // 50.5% (54.0)",
        "oppFenwickAgainst": "50.3% (43.9) // 50.2% (41.8) // 45.3% (37.4) // 48.2% (40.3)",
        "oppShotsAgainst": "50.6% (32.6) // 51.1% (30.8) // 45.6% (26.2) // 47.7% (28.0)",
        "oppScoringAgainst": "50.1% (30.6) // 52.9% (30.2) // 51.8% (29.0) // 55.9% (31.7)",
        "savesPerGame": 30.1,
        "savesPerGameLast1": 20.0,
        "savesPerGameLast3": 22.7,
        "savesPerGameLast5": 27.4,
        "savesPer60": 30.1,
        "savesPer60Last1": 20.0,
        "savesPer60Last3": 22.4,
        "savesPer60Last5": 27.1,
        "shotsPerGame": 27.4,
        "shotsPerGameLast5": 26.8,
        "shotsAgainstPerGame": 33.7,
        "shotsAgainstPerGameLast5": 31.8,
        "oppSavesAgainstPer60": 28.6,
        "oppSavesAgainstPer60Last1": 33.0,
        "oppSavesAgainstPer60Last3": 27.2,
        "oppSavesAgainstPer60Last5": 28.7,
        "oppShotsAgainstPerGame": 32.9,
        "oppShotsAgainstPerGameLast5": 26.2,
        "savesProj": 29.4,
        "savesProjLast5": 26.6,
        "savesProjLast3": 20.9,
        "oppSavesAgainstProj": 30.3,
        "oppSavesAgainstProjLast5": 26.9,
        "oppSavesAgainstProjLast3": 22.1,
        "totalOver": 41,
        "totalOverLast5": 40,
        "totalOverLast15": 27,
        "lastTotalOver": 29,
        "last5": "2,1,1,6,3,2,2,0,5,2",
        "overOdds": "+135",
        "underOdds": "-165",
        "overUnder": "+135 / -165"
    },
    {
        "player": "Aaron Ekblad",
        "team": "FLA",
        "opponent": "OTT",
        "propType": "sog",
        "line": 2.5,
        "ppLine": "PP2",
        "avg": 3.05,
        "hit": false,
        "diffAvg": 0.22,
        "diffAbs": 0.08,
        "lastAvg": 2.54,
        "diff": 0.02,
        "avgMin": 23,
        "proj": 2.3,
        "lastAvgMin": 24.92,
        "oppOver": 0,
        "teamOver": 0,
        "gameLine": "-135",
        "+/-": -16,
        "L5_+/-": -1.0,
        "prevMatchup": "",
        "winLossSplits": "2.92 - 2.97",
        "awayHome": "A",
        "playedYesterday": "N",
        "awayHomeSplits": "2.5 - 3.56",
        "savesAboveExp": "-",
        "gsaa": -5.48,
        "corsi": "54.4% (66.4) // 58.7% (68.5) // 56.6% (65.8) // 57.1% (69.7)",
        "fenwick": "53.8% (49.9) // 56.9% (50.7) // 54.8% (49.0) // 55.7% (50.7)",
