[
    {
        "player": "Bryan Rust",
        "team": "PIT",
        "opponent": "COL",
        "propType": "pts",
        "line": 0.5,
        "ppLine": "PP2",
        "avg": 0.55,
        "hit": false,
        "diffAvg": 0.1,
        "diffAbs": 0.6,
        "lastAvg": 0.87,
        "diff": 0.74,
        "avgMin": 17,
        "proj": 0.8,
        "lastAvgMin": 18.77,
        "oppOver": 0,
        "teamOver": 0,
        "gameLine": "+140",
        "+/-": -10,
        "L5_+/-": -3.0,
        "prevMatchup": "2023-02-07 1.0 pts",
        "winLossSplits": "0.88 - 0.29",
        "awayHome": "A",
        "playedYesterday": "N",
        "awayHomeSplits": "0.4 - 0.71",
        "savesAboveExp": 0.16,
        "gsaa": 23.16,
        "corsi": "51.7% (62.7) // 55.3% (67.5) // 57.9% (72.0) // 58.0% (72.3)",
        "fenwick": "51.5% (46.8) // 55.7% (49.9) // 59.0% (52.3) // 58.2% (52.0)",
        "shots": "50.8% (33.8) // 56.0% (36.6) // 59.4% (38.2) // 58.8% (38.0)",
        "scoring": "52.4% (33.0) // 58.0% (36.1) // 62.3% (40.4) // 61.7% (39.7)",
        "corsiAgainst": "48.3% (58.6) // 44.7% (54.5) // 42.1% (52.3) // 42.0% (52.3)",
        "fenwickAgainst": "48.5% (44.0) // 44.3% (39.7) // 41.0% (36.4) // 41.8% (37.3)",
        "shotsAgainst": "49.2% (32.8) // 44.0% (28.7) // 40.6% (26.1) // 41.2% (26.7)",
        "scoringAgainst": "47.6% (29.9) // 42.0% (26.1) // 37.7% (24.5) // 38.3% (24.7)",
        "oppCorsi": "52.1% (59.7) // 56.0% (61.0) // 53.3% (57.4) // 48.2% (54.3)",
        "oppFenwick": "51.4% (43.8) // 56.1% (44.7) // 52.7% (40.7) // 48.6% (40.7)",
        "oppShots": "51.4% (32.6) // 55.1% (31.8) // 52.3% (28.9) // 46.7% (28.3)",
        "oppScoring": "53.1% (30.0) // 58.8% (32.4) // 57.9% (33.0) // 54.5% (32.3)",
        "oppCorsiAgainst": "47.9% (54.8) // 44.0% (47.9) // 46.7% (50.4) // 51.8% (58.3)",
        "oppFenwickAgainst": "48.6% (41.4) // 43.9% (35.0) // 47.3% (36.6) // 51.4% (43.0)",
        "oppShotsAgainst": "48.6% (30.9) // 44.9% (25.9) // 47.7% (26.4) // 53.3% (32.3)",
        "oppScoringAgainst": "46.9% (26.4) // 41.2% (22.7) // 42.1% (24.0) // 45.5% (27.0)",
        "savesPerGame": 29.9,
        "savesPerGameLast1": 19.0,
        "savesPerGameLast3": 22.7,
        "savesPerGameLast5": 22.2,
        "savesPer60": 30.0,
        "savesPer60Last1": 18.5,
        "savesPer60Last3": 22.3,
        "savesPer60Last5": 22.0,
        "shotsPerGame": 34.2,
        "shotsPerGameLast5": 38.4,
        "shotsAgainstPerGame": 33.2,
        "shotsAgainstPerGameLast5": 26.2,
        "oppSavesAgainstPer60": 30.0,
        "oppSavesAgainstPer60Last1": 27.0,
        "oppSavesAgainstPer60Last3": 23.5,
        "oppSavesAgainstPer60Last5": 24.7,
        "oppShotsAgainstPerGame": 31.3,
        "oppShotsAgainstPerGameLast5": 26.8,
        "savesProj": 31.3,
        "savesProjLast5": 18.9,
        "savesProjLast3": 18.2,
        "oppSavesAgainstProj": 31.7,
        "oppSavesAgainstProjLast5": 19.4,
        "oppSavesAgainstProjLast3": 18.4,
        "totalOver": 38,
        "totalOverLast5": 20,
        "lastTotalOver": 55,
        "last5": "0,0,0,1,0,0,0,0,0,1",
        "overOdds": "-105",
        "underOdds": "-125",
        "overUnder": "-105 / -125"
    },
    {
        "player": "Evgeni Malkin",
        "team": "PIT",
        "opponent": "COL",
        "propType": "pts",
        "line": 0.5,
        "ppLine": "PP1",
        "avg": 1.04,
        "hit": false,
        "diffAvg": 1.08,
        "diffAbs": 0.8,
        "lastAvg": 0.88,
        "diff": 0.76,
        "avgMin": 18,
        "proj": 0.9,
        "lastAvgMin": 18.32,
        "oppOver": 0,
        "teamOver": 0,
        "gameLine": "+140",
        "+/-": -8,
        "L5_+/-": -3.0,
        "prevMatchup": "2023-02-07 2.0 pts",
        "winLossSplits": "1.32 - 0.74",
        "awayHome": "A",
        "playedYesterday": "N",
        "awayHomeSplits": "0.8 - 1.29",
        "savesAboveExp": 0.16,
        "gsaa": 23.16,
        "corsi": "51.7% (62.7) // 55.3% (67.5) // 57.9% (72.0) // 58.0% (72.3)",
        "fenwick": "51.5% (46.8) // 55.7% (49.9) // 59.0% (52.3) // 58.2% (52.0)",
        "shots": "50.8% (33.8) // 56.0% (36.6) // 59.4% (38.2) // 58.8% (38.0)",
        "scoring": "52.4% (33.0) // 58.0% (36.1) // 62.3% (40.4) // 61.7% (39.7)",
        "corsiAgainst": "48.3% (58.6) // 44.7% (54.5) // 42.1% (52.3) // 42.0% (52.3)",
        "fenwickAgainst": "48.5% (44.0) // 44.3% (39.7) // 41.0% (36.4) // 41.8% (37.3)",
        "shotsAgainst": "49.2% (32.8) // 44.0% (28.7) // 40.6% (26.1) // 41.2% (26.7)",
        "scoringAgainst": "47.6% (29.9) // 42.0% (26.1) // 37.7% (24.5) // 38.3% (24.7)",
        "oppCorsi": "52.1% (59.7) // 56.0% (61.0) // 53.3% (57.4) // 48.2% (54.3)",
        "oppFenwick": "51.4% (43.8) // 56.1% (44.7) // 52.7% (40.7) // 48.6% (40.7)",
        "oppShots": "51.4% (32.6) // 55.1% (31.8) // 52.3% (28.9) // 46.7% (28.3)",
        "oppScoring": "53.1% (30.0) // 58.8% (32.4) // 57.9% (33.0) // 54.5% (32.3)",
        "oppCorsiAgainst": "47.9% (54.8) // 44.0% (47.9) // 46.7% (50.4) // 51.8% (58.3)",
        "oppFenwickAgainst": "48.6% (41.4) // 43.9% (35.0) // 47.3% (36.6) // 51.4% (43.0)",
        "oppShotsAgainst": "48.6% (30.9) // 44.9% (25.9) // 47.7% (26.4) // 53.3% (32.3)",
        "oppScoringAgainst": "46.9% (26.4) // 41.2% (22.7) // 42.1% (24.0) // 45.5% (27.0)",
        "savesPerGame": 29.9,
        "savesPerGameLast1": 19.0,
        "savesPerGameLast3": 22.7,
        "savesPerGameLast5": 22.2,
        "savesPer60": 30.0,
        "savesPer60Last1": 18.5,
        "savesPer60Last3": 22.3,
        "savesPer60Last5": 22.0,
        "shotsPerGame": 34.2,
        "shotsPerGameLast5": 38.4,
        "shotsAgainstPerGame": 33.2,
        "shotsAgainstPerGameLast5": 26.2,
        "oppSavesAgainstPer60": 30.0,
        "oppSavesAgainstPer60Last1": 27.0,
        "oppSavesAgainstPer60Last3": 23.5,
        "oppSavesAgainstPer60Last5": 24.7,
        "oppShotsAgainstPerGame": 31.3,
        "oppShotsAgainstPerGameLast5": 26.8,
        "savesProj": 31.3,
        "savesProjLast5": 18.9,
        "savesProjLast3": 18.2,
        "oppSavesAgainstProj": 31.7,
        "oppSavesAgainstProjLast5": 19.4,
        "oppSavesAgainstProjLast3": 18.4,
        "totalOver": 64,
        "totalOverLast5": 60,
        "lastTotalOver": 67,
        "last5": "1,0,0,2,2,1,1,3,1,0",
        "overOdds": "-235",
        "underOdds": "+190",
        "overUnder": "-235 / +190"
    },
    {
        "player": "Jt Compher",
        "team": "COL",
        "opponent": "PIT",
        "propType": "pts",
        "line": 0.5,
        "ppLine": "PP1",
        "avg": 0.65,
        "hit": false,
        "diffAvg": 0.3,
        "diffAbs": 0.2,
        "lastAvg": 0.37,
        "diff": -0.26,
        "avgMin": 20,
        "proj": 0.4,
        "lastAvgMin": 16.32,
        "oppOver": 0,
        "teamOver": 0,
        "gameLine": "-165",
        "+/-": "+9",
        "L5_+/-": "+1.0",
        "prevMatchup": "2023-02-07 0.0 pts",
        "winLossSplits": "0.85 - 0.35",
        "awayHome": "H",
        "playedYesterday": "N",
        "awayHomeSplits": "0.68 - 0.63",
        "savesAboveExp": 0.033,
        "gsaa": 3.61,
        "corsi": "52.1% (59.7) // 56.0% (61.0) // 53.3% (57.4) // 48.2% (54.3)",
        "fenwick": "51.4% (43.8) // 56.1% (44.7) // 52.7% (40.7) // 48.6% (40.7)",
        "shots": "51.4% (32.6) // 55.1% (31.8) // 52.3% (28.9) // 46.7% (28.3)",
        "scoring": "53.1% (30.0) // 58.8% (32.4) // 57.9% (33.0) // 54.5% (32.3)",
        "corsiAgainst": "47.9% (54.8) // 44.0% (47.9) // 46.7% (50.4) // 51.8% (58.3)",
        "fenwickAgainst": "48.6% (41.4) // 43.9% (35.0) // 47.3% (36.6) // 51.4% (43.0)",
        "shotsAgainst": "48.6% (30.9) // 44.9% (25.9) // 47.7% (26.4) // 53.3% (32.3)",
        "scoringAgainst": "46.9% (26.4) // 41.2% (22.7) // 42.1% (24.0) // 45.5% (27.0)",
        "oppCorsi": "51.7% (62.7) // 55.3% (67.5) // 57.9% (72.0) // 58.0% (72.3)",
        "oppFenwick": "51.5% (46.8) // 55.7% (49.9) // 59.0% (52.3) // 58.2% (52.0)",
        "oppShots": "50.8% (33.8) // 56.0% (36.6) // 59.4% (38.2) // 58.8% (38.0)",
        "oppScoring": "52.4% (33.0) // 58.0% (36.1) // 62.3% (40.4) // 61.7% (39.7)",
        "oppCorsiAgainst": "48.3% (58.6) // 44.7% (54.5) // 42.1% (52.3) // 42.0% (52.3)",
        "oppFenwickAgainst": "48.5% (44.0) // 44.3% (39.7) // 41.0% (36.4) // 41.8% (37.3)",
        "oppShotsAgainst": "49.2% (32.8) // 44.0% (28.7) // 40.6% (26.1) // 41.2% (26.7)",
        "oppScoringAgainst": "47.6% (29.9) // 42.0% (26.1) // 37.7% (24.5) // 38.3% (24.7)",
        "savesPerGame": 28.6,
        "savesPerGameLast1": 27.0,
        "savesPerGameLast3": 30.7,
        "savesPerGameLast5": 24.8,
        "savesPer60": 28.6,
        "savesPer60Last1": 27.0,
        "savesPer60Last3": 30.7,
        "savesPer60Last5": 25.2,
        "shotsPerGame": 33.1,
        "shotsPerGameLast5": 29.4,
        "shotsAgainstPerGame": 31.3,
        "shotsAgainstPerGameLast5": 26.8,
        "oppSavesAgainstPer60": 31.1,
        "oppSavesAgainstPer60Last1": 48.0,
        "oppSavesAgainstPer60Last3": 36.6,
        "oppSavesAgainstPer60Last5": 36.1,
        "oppShotsAgainstPerGame": 33.2,
        "oppShotsAgainstPerGameLast5": 26.2,
        "savesProj": 29.6,
        "savesProjLast5": 30.6,
        "savesProjLast3": 37.9,
        "oppSavesAgainstProj": 31.6,
        "oppSavesAgainstProjLast5": 33.6,
        "oppSavesAgainstProjLast3": 42.0,
        "totalOver": 41,
        "totalOverLast5": 60,
        "lastTotalOver": 33,
        "last5": "1,1,0,0,1,0,0,0,0,0",
        "overOdds": "-140",
        "underOdds": "+110",
        "overUnder": "-140 / +110"
    },
    {
        "player": "Jake Guentzel",
        "team": "PIT",
        "opponent": "COL",
        "propType": "pts",
        "line": 1.5,
        "ppLine": "PP1",
        "avg": 0.94,
        "hit": false,
        "diffAvg": -0.37,
        "diffAbs": 0.33,
        "lastAvg": 0.99,
        "diff": -0.34,
        "avgMin": 20,
        "proj": 1.0,
        "lastAvgMin": 20.08,
        "oppOver": 0,
        "teamOver": 0,
        "gameLine": "+140",
        "+/-": -1,
        "L5_+/-": -6.0,
        "prevMatchup": "2023-02-07 0.0 pts",
        "winLossSplits": "1.27 - 0.66",
        "awayHome": "A",
        "playedYesterday": "N",
        "awayHomeSplits": "0.84 - 1.03",
        "savesAboveExp": 0.16,
        "gsaa": 23.16,
        "corsi": "51.7% (62.7) // 55.3% (67.5) // 57.9% (72.0) // 58.0% (72.3)",
        "fenwick": "51.5% (46.8) // 55.7% (49.9) // 59.0% (52.3) // 58.2% (52.0)",
        "shots": "50.8% (33.8) // 56.0% (36.6) // 59.4% (38.2) // 58.8% (38.0)",
        "scoring": "52.4% (33.0) // 58.0% (36.1) // 62.3% (40.4) // 61.7% (39.7)",
        "corsiAgainst": "48.3% (58.6) // 44.7% (54.5) // 42.1% (52.3) // 42.0% (52.3)",
        "fenwickAgainst": "48.5% (44.0) // 44.3% (39.7) // 41.0% (36.4) // 41.8% (37.3)",
        "shotsAgainst": "49.2% (32.8) // 44.0% (28.7) // 40.6% (26.1) // 41.2% (26.7)",
        "scoringAgainst": "47.6% (29.9) // 42.0% (26.1) // 37.7% (24.5) // 38.3% (24.7)",
        "oppCorsi": "52.1% (59.7) // 56.0% (61.0) // 53.3% (57.4) // 48.2% (54.3)",
        "oppFenwick": "51.4% (43.8) // 56.1% (44.7) // 52.7% (40.7) // 48.6% (40.7)",
        "oppShots": "51.4% (32.6) // 55.1% (31.8) // 52.3% (28.9) // 46.7% (28.3)",
        "oppScoring": "53.1% (30.0) // 58.8% (32.4) // 57.9% (33.0) // 54.5% (32.3)",
        "oppCorsiAgainst": "47.9% (54.8) // 44.0% (47.9) // 46.7% (50.4) // 51.8% (58.3)",
        "oppFenwickAgainst": "48.6% (41.4) // 43.9% (35.0) // 47.3% (36.6) // 51.4% (43.0)",
        "oppShotsAgainst": "48.6% (30.9) // 44.9% (25.9) // 47.7% (26.4) // 53.3% (32.3)",
        "oppScoringAgainst": "46.9% (26.4) // 41.2% (22.7) // 42.1% (24.0) // 45.5% (27.0)",
        "savesPerGame": 29.9,
        "savesPerGameLast1": 19.0,
        "savesPerGameLast3": 22.7,
        "savesPerGameLast5": 22.2,
        "savesPer60": 30.0,
        "savesPer60Last1": 18.5,
        "savesPer60Last3": 22.3,
        "savesPer60Last5": 22.0,
        "shotsPerGame": 34.2,
        "shotsPerGameLast5": 38.4,
        "shotsAgainstPerGame": 33.2,
        "shotsAgainstPerGameLast5": 26.2,
        "oppSavesAgainstPer60": 30.0,
        "oppSavesAgainstPer60Last1": 27.0,
        "oppSavesAgainstPer60Last3": 23.5,
        "oppSavesAgainstPer60Last5": 24.7,
        "oppShotsAgainstPerGame": 31.3,
        "oppShotsAgainstPerGameLast5": 26.8,
        "savesProj": 31.3,
        "savesProjLast5": 18.9,
        "savesProjLast3": 18.2,
        "oppSavesAgainstProj": 31.7,
        "oppSavesAgainstProjLast5": 19.4,
        "oppSavesAgainstProjLast3": 18.4,
        "totalOver": 26,
        "totalOverLast5": 20,
        "lastTotalOver": 26,
        "last5": "0,0,1,3,0,2,1,1,1,0",
        "overOdds": "+185",
        "underOdds": "-230",
        "overUnder": "+185 / -230"
    },
    {
        "player": "Jason Zucker",
        "team": "PIT",
        "opponent": "COL",
        "propType": "pts",
        "line": 0.5,
        "ppLine": "PP2",
        "avg": 0.64,
        "hit": false,
        "diffAvg": 0.28,
        "diffAbs": 0.2,
        "lastAvg": 0.37,
        "diff": -0.26,
        "avgMin": 15,
        "proj": 0.4,
        "lastAvgMin": 14.82,
        "oppOver": 0,
        "teamOver": 0,
        "gameLine": "+140",
        "+/-": 0,
        "L5_+/-": 0.0,
        "prevMatchup": "2023-02-07 1.0 pts",
        "winLossSplits": "0.79 - 0.43",
        "awayHome": "A",
        "playedYesterday": "N",
        "awayHomeSplits": "0.48 - 0.77",
        "savesAboveExp": 0.16,
        "gsaa": 23.16,
        "corsi": "51.7% (62.7) // 55.3% (67.5) // 57.9% (72.0) // 58.0% (72.3)",
        "fenwick": "51.5% (46.8) // 55.7% (49.9) // 59.0% (52.3) // 58.2% (52.0)",
        "shots": "50.8% (33.8) // 56.0% (36.6) // 59.4% (38.2) // 58.8% (38.0)",
        "scoring": "52.4% (33.0) // 58.0% (36.1) // 62.3% (40.4) // 61.7% (39.7)",
        "corsiAgainst": "48.3% (58.6) // 44.7% (54.5) // 42.1% (52.3) // 42.0% (52.3)",
        "fenwickAgainst": "48.5% (44.0) // 44.3% (39.7) // 41.0% (36.4) // 41.8% (37.3)",
        "shotsAgainst": "49.2% (32.8) // 44.0% (28.7) // 40.6% (26.1) // 41.2% (26.7)",
        "scoringAgainst": "47.6% (29.9) // 42.0% (26.1) // 37.7% (24.5) // 38.3% (24.7)",
        "oppCorsi": "52.1% (59.7) // 56.0% (61.0) // 53.3% (57.4) // 48.2% (54.3)",
        "oppFenwick": "51.4% (43.8) // 56.1% (44.7) // 52.7% (40.7) // 48.6% (40.7)",
        "oppShots": "51.4% (32.6) // 55.1% (31.8) // 52.3% (28.9) // 46.7% (28.3)",
        "oppScoring": "53.1% (30.0) // 58.8% (32.4) // 57.9% (33.0) // 54.5% (32.3)",
        "oppCorsiAgainst": "47.9% (54.8) // 44.0% (47.9) // 46.7% (50.4) // 51.8% (58.3)",
        "oppFenwickAgainst": "48.6% (41.4) // 43.9% (35.0) // 47.3% (36.6) // 51.4% (43.0)",
        "oppShotsAgainst": "48.6% (30.9) // 44.9% (25.9) // 47.7% (26.4) // 53.3% (32.3)",
        "oppScoringAgainst": "46.9% (26.4) // 41.2% (22.7) // 42.1% (24.0) // 45.5% (27.0)",
        "savesPerGame": 29.9,
        "savesPerGameLast1": 19.0,
        "savesPerGameLast3": 22.7,
        "savesPerGameLast5": 22.2,
        "savesPer60": 30.0,
        "savesPer60Last1": 18.5,
        "savesPer60Last3": 22.3,
        "savesPer60Last5": 22.0,
        "shotsPerGame": 34.2,
        "shotsPerGameLast5": 38.4,
        "shotsAgainstPerGame": 33.2,
        "shotsAgainstPerGameLast5": 26.2,
        "oppSavesAgainstPer60": 30.0,
        "oppSavesAgainstPer60Last1": 27.0,
        "oppSavesAgainstPer60Last3": 23.5,
        "oppSavesAgainstPer60Last5": 24.7,
        "oppShotsAgainstPerGame": 31.3,
        "oppShotsAgainstPerGameLast5": 26.8,
        "savesProj": 31.3,
        "savesProjLast5": 18.9,
        "savesProjLast3": 18.2,
        "oppSavesAgainstProj": 31.7,
        "oppSavesAgainstProjLast5": 19.4,
        "oppSavesAgainstProjLast3": 18.4,
        "totalOver": 45,
        "totalOverLast5": 20,
        "lastTotalOver": 37,
        "last5": "0,0,0,0,1,1,1,2,0,2",
        "overOdds": "+110",
        "underOdds": "-140",
        "overUnder": "+110 / -140"
    },
    {
        "player": "Kris Letang",
        "team": "PIT",
        "opponent": "COL",
        "propType": "pts",
        "line": 0.5,
        "ppLine": "PP1",
        "avg": 0.65,
        "hit": false,
        "diffAvg": 0.3,
        "diffAbs": 0.4,
        "lastAvg": 0.8,
        "diff": 0.6,
        "avgMin": 24,
        "proj": 0.7,
        "lastAvgMin": 25.77,
        "oppOver": 0,
        "teamOver": 0,
        "gameLine": "+140",
        "+/-": -12,
        "L5_+/-": "+1.0",
        "prevMatchup": "2023-02-07 1.0 pts",
        "winLossSplits": "0.88 - 0.47",
        "awayHome": "A",
        "playedYesterday": "N",
        "awayHomeSplits": "0.44 - 0.88",
        "savesAboveExp": 0.16,
        "gsaa": 23.16,
        "corsi": "51.7% (62.7) // 55.3% (67.5) // 57.9% (72.0) // 58.0% (72.3)",
        "fenwick": "51.5% (46.8) // 55.7% (49.9) // 59.0% (52.3) // 58.2% (52.0)",
        "shots": "50.8% (33.8) // 56.0% (36.6) // 59.4% (38.2) // 58.8% (38.0)",
        "scoring": "52.4% (33.0) // 58.0% (36.1) // 62.3% (40.4) // 61.7% (39.7)",
        "corsiAgainst": "48.3% (58.6) // 44.7% (54.5) // 42.1% (52.3) // 42.0% (52.3)",
        "fenwickAgainst": "48.5% (44.0) // 44.3% (39.7) // 41.0% (36.4) // 41.8% (37.3)",
        "shotsAgainst": "49.2% (32.8) // 44.0% (28.7) // 40.6% (26.1) // 41.2% (26.7)",
        "scoringAgainst": "47.6% (29.9) // 42.0% (26.1) // 37.7% (24.5) // 38.3% (24.7)",
        "oppCorsi": "52.1% (59.7) // 56.0% (61.0) // 53.3% (57.4) // 48.2% (54.3)",
        "oppFenwick": "51.4% (43.8) // 56.1% (44.7) // 52.7% (40.7) // 48.6% (40.7)",
        "oppShots": "51.4% (32.6) // 55.1% (31.8) // 52.3% (28.9) // 46.7% (28.3)",
        "oppScoring": "53.1% (30.0) // 58.8% (32.4) // 57.9% (33.0) // 54.5% (32.3)",
        "oppCorsiAgainst": "47.9% (54.8) // 44.0% (47.9) // 46.7% (50.4) // 51.8% (58.3)",
        "oppFenwickAgainst": "48.6% (41.4) // 43.9% (35.0) // 47.3% (36.6) // 51.4% (43.0)",
        "oppShotsAgainst": "48.6% (30.9) // 44.9% (25.9) // 47.7% (26.4) // 53.3% (32.3)",
        "oppScoringAgainst": "46.9% (26.4) // 41.2% (22.7) // 42.1% (24.0) // 45.5% (27.0)",
        "savesPerGame": 29.9,
        "savesPerGameLast1": 19.0,
        "savesPerGameLast3": 22.7,
        "savesPerGameLast5": 22.2,
        "savesPer60": 30.0,
        "savesPer60Last1": 18.5,
        "savesPer60Last3": 22.3,
        "savesPer60Last5": 22.0,
        "shotsPerGame": 34.2,
        "shotsPerGameLast5": 38.4,
        "shotsAgainstPerGame": 33.2,
        "shotsAgainstPerGameLast5": 26.2,
        "oppSavesAgainstPer60": 30.0,
        "oppSavesAgainstPer60Last1": 27.0,
        "oppSavesAgainstPer60Last3": 23.5,
        "oppSavesAgainstPer60Last5": 24.7,
        "oppShotsAgainstPerGame": 31.3,
        "oppShotsAgainstPerGameLast5": 26.8,
        "savesProj": 31.3,
        "savesProjLast5": 18.9,
        "savesProjLast3": 18.2,
        "oppSavesAgainstProj": 31.7,
        "oppSavesAgainstProjLast5": 19.4,
        "oppSavesAgainstProjLast3": 18.4,
        "totalOver": 44,
        "totalOverLast5": 40,
        "lastTotalOver": 58,
        "last5": "0,0,0,3,1,1,0,0,1,1",
        "overOdds": "-140",
        "underOdds": "+110",
        "overUnder": "-140 / +110"
    },
    {
        "player": "Mikko Rantanen",
        "team": "COL",
        "opponent": "PIT",
        "propType": "pts",
        "line": 1.5,
        "ppLine": "PP1",
        "avg": 1.23,
        "hit": false,
        "diffAvg": -0.18,
        "diffAbs": 0.33,
        "lastAvg": 0.97,
        "diff": -0.35,
        "avgMin": 22,
        "proj": 1.0,
        "lastAvgMin": 20.97,
        "oppOver": 0,
        "teamOver": 0,
        "gameLine": "-165",
        "+/-": "+9",
        "L5_+/-": "+2.0",
        "prevMatchup": "2023-02-07 0.0 pts",
        "winLossSplits": "1.53 - 0.87",
        "awayHome": "H",
        "playedYesterday": "N",
        "awayHomeSplits": "1.03 - 1.43",
        "savesAboveExp": 0.033,
        "gsaa": 3.61,
        "corsi": "52.1% (59.7) // 56.0% (61.0) // 53.3% (57.4) // 48.2% (54.3)",
        "fenwick": "51.4% (43.8) // 56.1% (44.7) // 52.7% (40.7) // 48.6% (40.7)",
        "shots": "51.4% (32.6) // 55.1% (31.8) // 52.3% (28.9) // 46.7% (28.3)",
        "scoring": "53.1% (30.0) // 58.8% (32.4) // 57.9% (33.0) // 54.5% (32.3)",
        "corsiAgainst": "47.9% (54.8) // 44.0% (47.9) // 46.7% (50.4) // 51.8% (58.3)",
        "fenwickAgainst": "48.6% (41.4) // 43.9% (35.0) // 47.3% (36.6) // 51.4% (43.0)",
        "shotsAgainst": "48.6% (30.9) // 44.9% (25.9) // 47.7% (26.4) // 53.3% (32.3)",
        "scoringAgainst": "46.9% (26.4) // 41.2% (22.7) // 42.1% (24.0) // 45.5% (27.0)",
        "oppCorsi": "51.7% (62.7) // 55.3% (67.5) // 57.9% (72.0) // 58.0% (72.3)",
        "oppFenwick": "51.5% (46.8) // 55.7% (49.9) // 59.0% (52.3) // 58.2% (52.0)",
        "oppShots": "50.8% (33.8) // 56.0% (36.6) // 59.4% (38.2) // 58.8% (38.0)",
        "oppScoring": "52.4% (33.0) // 58.0% (36.1) // 62.3% (40.4) // 61.7% (39.7)",
        "oppCorsiAgainst": "48.3% (58.6) // 44.7% (54.5) // 42.1% (52.3) // 42.0% (52.3)",
        "oppFenwickAgainst": "48.5% (44.0) // 44.3% (39.7) // 41.0% (36.4) // 41.8% (37.3)",
        "oppShotsAgainst": "49.2% (32.8) // 44.0% (28.7) // 40.6% (26.1) // 41.2% (26.7)",
        "oppScoringAgainst": "47.6% (29.9) // 42.0% (26.1) // 37.7% (24.5) // 38.3% (24.7)",
        "savesPerGame": 28.6,
        "savesPerGameLast1": 27.0,
        "savesPerGameLast3": 30.7,
        "savesPerGameLast5": 24.8,
        "savesPer60": 28.6,
        "savesPer60Last1": 27.0,
        "savesPer60Last3": 30.7,
        "savesPer60Last5": 25.2,
        "shotsPerGame": 33.1,
        "shotsPerGameLast5": 29.4,
        "shotsAgainstPerGame": 31.3,
        "shotsAgainstPerGameLast5": 26.8,
        "oppSavesAgainstPer60": 31.1,
        "oppSavesAgainstPer60Last1": 48.0,
        "oppSavesAgainstPer60Last3": 36.6,
        "oppSavesAgainstPer60Last5": 36.1,
        "oppShotsAgainstPerGame": 33.2,
        "oppShotsAgainstPerGameLast5": 26.2,
        "savesProj": 29.6,
        "savesProjLast5": 30.6,
        "savesProjLast3": 37.9,
        "oppSavesAgainstProj": 31.6,
        "oppSavesAgainstProjLast5": 33.6,
        "oppSavesAgainstProjLast3": 42.0,
        "totalOver": 39,
        "totalOverLast5": 60,
        "lastTotalOver": 40,
        "last5": "2,1,3,1,2,2,1,1,0,0",
        "overOdds": "+135",
        "underOdds": "-165",
        "overUnder": "+135 / -165"
    },
    {
        "player": "Nathan Mackinnon",
        "team": "COL",
        "opponent": "PIT",
        "propType": "pts",
        "line": 1.5,
        "ppLine": "PP1",
        "avg": 1.53,
        "hit": false,
        "diffAvg": 0.02,
        "diffAbs": 0.27,
        "lastAvg": 1.04,
        "diff": -0.31,
        "avgMin": 22,
        "proj": 1.1,
        "lastAvgMin": 21.05,
        "oppOver": 0,
        "teamOver": 0,
        "gameLine": "-165",
        "+/-": "+20",
        "L5_+/-": -1.0,
        "prevMatchup": "2023-02-07 1.0 pts",
        "winLossSplits": "2.02 - 0.99",
        "awayHome": "H",
        "playedYesterday": "N",
        "awayHomeSplits": "1.52 - 1.56",
        "savesAboveExp": 0.033,
        "gsaa": 3.61,
        "corsi": "52.1% (59.7) // 56.0% (61.0) // 53.3% (57.4) // 48.2% (54.3)",
        "fenwick": "51.4% (43.8) // 56.1% (44.7) // 52.7% (40.7) // 48.6% (40.7)",
        "shots": "51.4% (32.6) // 55.1% (31.8) // 52.3% (28.9) // 46.7% (28.3)",
        "scoring": "53.1% (30.0) // 58.8% (32.4) // 57.9% (33.0) // 54.5% (32.3)",
        "corsiAgainst": "47.9% (54.8) // 44.0% (47.9) // 46.7% (50.4) // 51.8% (58.3)",
        "fenwickAgainst": "48.6% (41.4) // 43.9% (35.0) // 47.3% (36.6) // 51.4% (43.0)",
        "shotsAgainst": "48.6% (30.9) // 44.9% (25.9) // 47.7% (26.4) // 53.3% (32.3)",
        "scoringAgainst": "46.9% (26.4) // 41.2% (22.7) // 42.1% (24.0) // 45.5% (27.0)",
        "oppCorsi": "51.7% (62.7) // 55.3% (67.5) // 57.9% (72.0) // 58.0% (72.3)",
        "oppFenwick": "51.5% (46.8) // 55.7% (49.9) // 59.0% (52.3) // 58.2% (52.0)",
        "oppShots": "50.8% (33.8) // 56.0% (36.6) // 59.4% (38.2) // 58.8% (38.0)",
        "oppScoring": "52.4% (33.0) // 58.0% (36.1) // 62.3% (40.4) // 61.7% (39.7)",
        "oppCorsiAgainst": "48.3% (58.6) // 44.7% (54.5) // 42.1% (52.3) // 42.0% (52.3)",
        "oppFenwickAgainst": "48.5% (44.0) // 44.3% (39.7) // 41.0% (36.4) // 41.8% (37.3)",
        "oppShotsAgainst": "49.2% (32.8) // 44.0% (28.7) // 40.6% (26.1) // 41.2% (26.7)",
        "oppScoringAgainst": "47.6% (29.9) // 42.0% (26.1) // 37.7% (24.5) // 38.3% (24.7)",
        "savesPerGame": 28.6,
        "savesPerGameLast1": 27.0,
        "savesPerGameLast3": 30.7,
        "savesPerGameLast5": 24.8,
        "savesPer60": 28.6,
        "savesPer60Last1": 27.0,
        "savesPer60Last3": 30.7,
        "savesPer60Last5": 25.2,
        "shotsPerGame": 33.1,
        "shotsPerGameLast5": 29.4,
        "shotsAgainstPerGame": 31.3,
        "shotsAgainstPerGameLast5": 26.8,
        "oppSavesAgainstPer60": 31.1,
        "oppSavesAgainstPer60Last1": 48.0,
        "oppSavesAgainstPer60Last3": 36.6,
        "oppSavesAgainstPer60Last5": 36.1,
        "oppShotsAgainstPerGame": 33.2,
        "oppShotsAgainstPerGameLast5": 26.2,
        "savesProj": 29.6,
        "savesProjLast5": 30.6,
        "savesProjLast3": 37.9,
        "oppSavesAgainstProj": 31.6,
        "oppSavesAgainstProjLast5": 33.6,
        "oppSavesAgainstProjLast3": 42.0,
        "totalOver": 50,
        "totalOverLast5": 60,
        "lastTotalOver": 31,
        "last5": "1,3,3,1,2,2,1,2,1,0",
        "overOdds": "-140",
        "underOdds": "+110",
        "overUnder": "-140 / +110"
    },
    {
        "player": "Rickard Rakell",
        "team": "PIT",
        "opponent": "COL",
        "propType": "pts",
        "line": 0.5,
        "ppLine": "PP1",
        "avg": 0.71,
        "hit": false,
        "diffAvg": 0.42,
        "diffAbs": 0.2,
        "lastAvg": 0.57,
        "diff": 0.14,
        "avgMin": 18,
        "proj": 0.6,
        "lastAvgMin": 17.98,
        "oppOver": 0,
        "teamOver": 0,
        "gameLine": "+140",
        "+/-": "+3",
        "L5_+/-": "+1.0",
        "prevMatchup": "2023-02-07 0.0 pts",
        "winLossSplits": "0.81 - 0.6",
        "awayHome": "A",
        "playedYesterday": "N",
        "awayHomeSplits": "0.71 - 0.71",
        "savesAboveExp": 0.16,
        "gsaa": 23.16,
        "corsi": "51.7% (62.7) // 55.3% (67.5) // 57.9% (72.0) // 58.0% (72.3)",
        "fenwick": "51.5% (46.8) // 55.7% (49.9) // 59.0% (52.3) // 58.2% (52.0)",
        "shots": "50.8% (33.8) // 56.0% (36.6) // 59.4% (38.2) // 58.8% (38.0)",
        "scoring": "52.4% (33.0) // 58.0% (36.1) // 62.3% (40.4) // 61.7% (39.7)",
        "corsiAgainst": "48.3% (58.6) // 44.7% (54.5) // 42.1% (52.3) // 42.0% (52.3)",
        "fenwickAgainst": "48.5% (44.0) // 44.3% (39.7) // 41.0% (36.4) // 41.8% (37.3)",
        "shotsAgainst": "49.2% (32.8) // 44.0% (28.7) // 40.6% (26.1) // 41.2% (26.7)",
        "scoringAgainst": "47.6% (29.9) // 42.0% (26.1) // 37.7% (24.5) // 38.3% (24.7)",
        "oppCorsi": "52.1% (59.7) // 56.0% (61.0) // 53.3% (57.4) // 48.2% (54.3)",
        "oppFenwick": "51.4% (43.8) // 56.1% (44.7) // 52.7% (40.7) // 48.6% (40.7)",
        "oppShots": "51.4% (32.6) // 55.1% (31.8) // 52.3% (28.9) // 46.7% (28.3)",
        "oppScoring": "53.1% (30.0) // 58.8% (32.4) // 57.9% (33.0) // 54.5% (32.3)",
        "oppCorsiAgainst": "47.9% (54.8) // 44.0% (47.9) // 46.7% (50.4) // 51.8% (58.3)",
        "oppFenwickAgainst": "48.6% (41.4) // 43.9% (35.0) // 47.3% (36.6) // 51.4% (43.0)",
        "oppShotsAgainst": "48.6% (30.9) // 44.9% (25.9) // 47.7% (26.4) // 53.3% (32.3)",
        "oppScoringAgainst": "46.9% (26.4) // 41.2% (22.7) // 42.1% (24.0) // 45.5% (27.0)",
        "savesPerGame": 29.9,
        "savesPerGameLast1": 19.0,
        "savesPerGameLast3": 22.7,
        "savesPerGameLast5": 22.2,
        "savesPer60": 30.0,
        "savesPer60Last1": 18.5,
        "savesPer60Last3": 22.3,
        "savesPer60Last5": 22.0,
        "shotsPerGame": 34.2,
        "shotsPerGameLast5": 38.4,
        "shotsAgainstPerGame": 33.2,
        "shotsAgainstPerGameLast5": 26.2,
        "oppSavesAgainstPer60": 30.0,
        "oppSavesAgainstPer60Last1": 27.0,
        "oppSavesAgainstPer60Last3": 23.5,
        "oppSavesAgainstPer60Last5": 24.7,
        "oppShotsAgainstPerGame": 31.3,
        "oppShotsAgainstPerGameLast5": 26.8,
        "savesProj": 31.3,
        "savesProjLast5": 18.9,
        "savesProjLast3": 18.2,
        "oppSavesAgainstProj": 31.7,
        "oppSavesAgainstProjLast5": 19.4,
        "oppSavesAgainstProjLast3": 18.4,
        "totalOver": 56,
        "totalOverLast5": 80,
        "lastTotalOver": 38,
        "last5": "1,0,2,1,1,1,0,2,0,1",
        "overOdds": "-145",
        "underOdds": "+115",
        "overUnder": "-145 / +115"
    },
    {
        "player": "Sidney Crosby",
        "team": "PIT",
        "opponent": "COL",
        "propType": "pts",
        "line": 1.5,
        "ppLine": "PP1",
        "avg": 1.19,
        "hit": false,
        "diffAvg": -0.21,
        "diffAbs": 0.27,
        "lastAvg": 1.12,
        "diff": -0.25,
        "avgMin": 20,
        "proj": 1.1,
        "lastAvgMin": 19.97,
        "oppOver": 0,
        "teamOver": 0,
        "gameLine": "+140",
        "+/-": "+3",
        "L5_+/-": -4.0,
        "prevMatchup": "2023-02-07 1.0 pts",
        "winLossSplits": "1.72 - 0.73",
        "awayHome": "A",
        "playedYesterday": "N",
        "awayHomeSplits": "1.09 - 1.29",
        "savesAboveExp": 0.16,
        "gsaa": 23.16,
        "corsi": "51.7% (62.7) // 55.3% (67.5) // 57.9% (72.0) // 58.0% (72.3)",
        "fenwick": "51.5% (46.8) // 55.7% (49.9) // 59.0% (52.3) // 58.2% (52.0)",
        "shots": "50.8% (33.8) // 56.0% (36.6) // 59.4% (38.2) // 58.8% (38.0)",
        "scoring": "52.4% (33.0) // 58.0% (36.1) // 62.3% (40.4) // 61.7% (39.7)",
        "corsiAgainst": "48.3% (58.6) // 44.7% (54.5) // 42.1% (52.3) // 42.0% (52.3)",
        "fenwickAgainst": "48.5% (44.0) // 44.3% (39.7) // 41.0% (36.4) // 41.8% (37.3)",
        "shotsAgainst": "49.2% (32.8) // 44.0% (28.7) // 40.6% (26.1) // 41.2% (26.7)",
        "scoringAgainst": "47.6% (29.9) // 42.0% (26.1) // 37.7% (24.5) // 38.3% (24.7)",
        "oppCorsi": "52.1% (59.7) // 56.0% (61.0) // 53.3% (57.4) // 48.2% (54.3)",
        "oppFenwick": "51.4% (43.8) // 56.1% (44.7) // 52.7% (40.7) // 48.6% (40.7)",
        "oppShots": "51.4% (32.6) // 55.1% (31.8) // 52.3% (28.9) // 46.7% (28.3)",
        "oppScoring": "53.1% (30.0) // 58.8% (32.4) // 57.9% (33.0) // 54.5% (32.3)",
        "oppCorsiAgainst": "47.9% (54.8) // 44.0% (47.9) // 46.7% (50.4) // 51.8% (58.3)",
        "oppFenwickAgainst": "48.6% (41.4) // 43.9% (35.0) // 47.3% (36.6) // 51.4% (43.0)",
        "oppShotsAgainst": "48.6% (30.9) // 44.9% (25.9) // 47.7% (26.4) // 53.3% (32.3)",
        "oppScoringAgainst": "46.9% (26.4) // 41.2% (22.7) // 42.1% (24.0) // 45.5% (27.0)",
        "savesPerGame": 29.9,
        "savesPerGameLast1": 19.0,
        "savesPerGameLast3": 22.7,
        "savesPerGameLast5": 22.2,
        "savesPer60": 30.0,
        "savesPer60Last1": 18.5,
        "savesPer60Last3": 22.3,
        "savesPer60Last5": 22.0,
        "shotsPerGame": 34.2,
        "shotsPerGameLast5": 38.4,
        "shotsAgainstPerGame": 33.2,
        "shotsAgainstPerGameLast5": 26.2,
        "oppSavesAgainstPer60": 30.0,
        "oppSavesAgainstPer60Last1": 27.0,
        "oppSavesAgainstPer60Last3": 23.5,
        "oppSavesAgainstPer60Last5": 24.7,
        "oppShotsAgainstPerGame": 31.3,
        "oppShotsAgainstPerGameLast5": 26.8,
        "savesProj": 31.3,
        "savesProjLast5": 18.9,
        "savesProjLast3": 18.2,
        "oppSavesAgainstProj": 31.7,
        "oppSavesAgainstProjLast5": 19.4,
        "oppSavesAgainstProjLast3": 18.4,
        "totalOver": 33,
        "totalOverLast5": 40,
        "lastTotalOver": 40,
        "last5": "0,0,2,1,2,1,1,3,0,1",
        "overOdds": "+165",
        "underOdds": "-205",
        "overUnder": "+165 / -205"
    },
    {
        "player": "Valeri Nichushkin",
        "team": "COL",
        "opponent": "PIT",
        "propType": "pts",
        "line": 0.5,
        "ppLine": "PP1",
        "avg": 0.95,
        "hit": false,
        "diffAvg": 0.9,
        "diffAbs": 0.2,
        "lastAvg": 0.63,
        "diff": 0.26,
        "avgMin": 19,
        "proj": 0.6,
        "lastAvgMin": 19.02,
        "oppOver": 0,
        "teamOver": 0,
        "gameLine": "-165",
        "+/-": "+13",
        "L5_+/-": "+4.0",
        "prevMatchup": "2023-02-07 0.0 pts",
        "winLossSplits": "0.96 - 0.93",
        "awayHome": "H",
        "playedYesterday": "N",
        "awayHomeSplits": "0.79 - 1.1",
        "savesAboveExp": 0.033,
        "gsaa": 3.61,
        "corsi": "52.1% (59.7) // 56.0% (61.0) // 53.3% (57.4) // 48.2% (54.3)",
        "fenwick": "51.4% (43.8) // 56.1% (44.7) // 52.7% (40.7) // 48.6% (40.7)",
        "shots": "51.4% (32.6) // 55.1% (31.8) // 52.3% (28.9) // 46.7% (28.3)",
        "scoring": "53.1% (30.0) // 58.8% (32.4) // 57.9% (33.0) // 54.5% (32.3)",
        "corsiAgainst": "47.9% (54.8) // 44.0% (47.9) // 46.7% (50.4) // 51.8% (58.3)",
        "fenwickAgainst": "48.6% (41.4) // 43.9% (35.0) // 47.3% (36.6) // 51.4% (43.0)",
        "shotsAgainst": "48.6% (30.9) // 44.9% (25.9) // 47.7% (26.4) // 53.3% (32.3)",
        "scoringAgainst": "46.9% (26.4) // 41.2% (22.7) // 42.1% (24.0) // 45.5% (27.0)",
        "oppCorsi": "51.7% (62.7) // 55.3% (67.5) // 57.9% (72.0) // 58.0% (72.3)",
        "oppFenwick": "51.5% (46.8) // 55.7% (49.9) // 59.0% (52.3) // 58.2% (52.0)",
        "oppShots": "50.8% (33.8) // 56.0% (36.6) // 59.4% (38.2) // 58.8% (38.0)",
        "oppScoring": "52.4% (33.0) // 58.0% (36.1) // 62.3% (40.4) // 61.7% (39.7)",
        "oppCorsiAgainst": "48.3% (58.6) // 44.7% (54.5) // 42.1% (52.3) // 42.0% (52.3)",
        "oppFenwickAgainst": "48.5% (44.0) // 44.3% (39.7) // 41.0% (36.4) // 41.8% (37.3)",
        "oppShotsAgainst": "49.2% (32.8) // 44.0% (28.7) // 40.6% (26.1) // 41.2% (26.7)",
        "oppScoringAgainst": "47.6% (29.9) // 42.0% (26.1) // 37.7% (24.5) // 38.3% (24.7)",
        "savesPerGame": 28.6,
        "savesPerGameLast1": 27.0,
        "savesPerGameLast3": 30.7,
        "savesPerGameLast5": 24.8,
        "savesPer60": 28.6,
        "savesPer60Last1": 27.0,
        "savesPer60Last3": 30.7,
        "savesPer60Last5": 25.2,
        "shotsPerGame": 33.1,
        "shotsPerGameLast5": 29.4,
        "shotsAgainstPerGame": 31.3,
        "shotsAgainstPerGameLast5": 26.8,
        "oppSavesAgainstPer60": 31.1,
        "oppSavesAgainstPer60Last1": 48.0,
        "oppSavesAgainstPer60Last3": 36.6,
        "oppSavesAgainstPer60Last5": 36.1,
        "oppShotsAgainstPerGame": 33.2,
        "oppShotsAgainstPerGameLast5": 26.2,
        "savesProj": 29.6,
        "savesProjLast5": 30.6,
        "savesProjLast3": 37.9,
        "oppSavesAgainstProj": 31.6,
        "oppSavesAgainstProjLast5": 33.6,
        "oppSavesAgainstProjLast3": 42.0,
        "totalOver": 62,
        "totalOverLast5": 80,
        "lastTotalOver": 57,
        "last5": "1,1,1,0,3,0,0,4,1,2",
        "overOdds": "-205",
        "underOdds": "+165",
        "overUnder": "-205 / +165"
    },
    {
        "player": "Mikael Granlund",
        "team": "PIT",
        "opponent": "COL",
        "propType": "pts",
        "line": 0.5,
        "ppLine": "PP2",
        "avg": 0.57,
        "hit": false,
        "diffAvg": 0.14,
        "diffAbs": 0.4,
        "lastAvg": 0.76,
        "diff": 0.52,
        "avgMin": 18,
        "proj": 0.7,
        "lastAvgMin": 20.4,
        "oppOver": 0,
        "teamOver": 0,
        "gameLine": "+140",
        "+/-": "+1",
        "L5_+/-": 0.0,
        "prevMatchup": "2022-12-23 0.0 pts, 2022-12-17 0.0 pts, 2022-11-10 1.0 pts",
        "winLossSplits": "0.87 - 0.26",
        "awayHome": "A",
        "playedYesterday": "Y",
        "awayHomeSplits": "0.53 - 0.6",
        "savesAboveExp": 0.16,
        "gsaa": 23.16,
        "corsi": "51.7% (62.7) // 55.3% (67.5) // 57.9% (72.0) // 58.0% (72.3)",
        "fenwick": "51.5% (46.8) // 55.7% (49.9) // 59.0% (52.3) // 58.2% (52.0)",
        "shots": "50.8% (33.8) // 56.0% (36.6) // 59.4% (38.2) // 58.8% (38.0)",
        "scoring": "52.4% (33.0) // 58.0% (36.1) // 62.3% (40.4) // 61.7% (39.7)",
        "corsiAgainst": "48.3% (58.6) // 44.7% (54.5) // 42.1% (52.3) // 42.0% (52.3)",
        "fenwickAgainst": "48.5% (44.0) // 44.3% (39.7) // 41.0% (36.4) // 41.8% (37.3)",
        "shotsAgainst": "49.2% (32.8) // 44.0% (28.7) // 40.6% (26.1) // 41.2% (26.7)",
        "scoringAgainst": "47.6% (29.9) // 42.0% (26.1) // 37.7% (24.5) // 38.3% (24.7)",
        "oppCorsi": "52.1% (59.7) // 56.0% (61.0) // 53.3% (57.4) // 48.2% (54.3)",
        "oppFenwick": "51.4% (43.8) // 56.1% (44.7) // 52.7% (40.7) // 48.6% (40.7)",
        "oppShots": "51.4% (32.6) // 55.1% (31.8) // 52.3% (28.9) // 46.7% (28.3)",
        "oppScoring": "53.1% (30.0) // 58.8% (32.4) // 57.9% (33.0) // 54.5% (32.3)",
        "oppCorsiAgainst": "47.9% (54.8) // 44.0% (47.9) // 46.7% (50.4) // 51.8% (58.3)",
        "oppFenwickAgainst": "48.6% (41.4) // 43.9% (35.0) // 47.3% (36.6) // 51.4% (43.0)",
        "oppShotsAgainst": "48.6% (30.9) // 44.9% (25.9) // 47.7% (26.4) // 53.3% (32.3)",
        "oppScoringAgainst": "46.9% (26.4) // 41.2% (22.7) // 42.1% (24.0) // 45.5% (27.0)",
        "savesPerGame": 29.9,
        "savesPerGameLast1": 19.0,
        "savesPerGameLast3": 22.7,
        "savesPerGameLast5": 22.2,
        "savesPer60": 30.0,
        "savesPer60Last1": 18.5,
        "savesPer60Last3": 22.3,
        "savesPer60Last5": 22.0,
        "shotsPerGame": 34.2,
        "shotsPerGameLast5": 38.4,
        "shotsAgainstPerGame": 33.2,
        "shotsAgainstPerGameLast5": 26.2,
        "oppSavesAgainstPer60": 30.0,
        "oppSavesAgainstPer60Last1": 27.0,
        "oppSavesAgainstPer60Last3": 23.5,
        "oppSavesAgainstPer60Last5": 24.7,
        "oppShotsAgainstPerGame": 31.3,
        "oppShotsAgainstPerGameLast5": 26.8,
        "savesProj": 31.3,
        "savesProjLast5": 18.9,
        "savesProjLast3": 18.2,
        "oppSavesAgainstProj": 31.7,
        "oppSavesAgainstProjLast5": 19.4,
        "oppSavesAgainstProjLast3": 18.4,
        "totalOver": 43,
        "totalOverLast5": 0,
        "lastTotalOver": 55,
        "last5": "0,0,0,0,0,2,0,0,0,0",
        "overOdds": "+120",
        "underOdds": "-150",
        "overUnder": "+120 / -150"
    },
    {
        "player": "Barrett Hayton",
        "team": "ARI",
        "opponent": "EDM",
        "propType": "pts",
        "line": 0.5,
        "ppLine": "PP1",
        "avg": 0.54,
        "hit": false,
        "diffAvg": 0.08,
        "diffAbs": 0.2,
        "lastAvg": 0.4,
        "diff": -0.2,
        "avgMin": 17,
        "proj": 0.4,
        "lastAvgMin": 16.12,
        "oppOver": 0,
        "teamOver": 0,
        "gameLine": "+360",
        "+/-": "+2",
        "L5_+/-": "+7.0",
        "prevMatchup": "2022-12-07 0.0 pts",
        "winLossSplits": "0.77 - 0.32",
        "awayHome": "A",
        "playedYesterday": "Y",
        "awayHomeSplits": "0.32 - 0.76",
        "savesAboveExp": 0.118,
        "gsaa": 9.1,
        "corsi": "42.6% (47.5) // 39.7% (46.1) // 41.6% (45.7) // 43.2% (48.0)",
        "fenwick": "42.1% (35.6) // 40.4% (35.5) // 42.2% (34.9) // 42.8% (36.3)",
        "shots": "42.0% (25.5) // 41.1% (25.9) // 42.7% (24.6) // 46.4% (26.0)",
        "scoring": "41.8% (24.9) // 40.4% (23.7) // 41.2% (22.1) // 43.3% (23.7)",
        "corsiAgainst": "57.4% (64.0) // 60.3% (69.9) // 58.4% (64.0) // 56.8% (63.0)",
        "fenwickAgainst": "57.9% (49.1) // 59.6% (52.5) // 57.8% (47.8) // 57.2% (48.7)",
        "shotsAgainst": "58.0% (35.2) // 58.9% (37.1) // 57.3% (33.0) // 53.6% (30.0)",
