[
    {
        "player": "Alex Ovechkin",
        "team": "WSH",
        "opponent": "STL",
        "propType": "sog",
        "line": 3.5,
        "ppLine": "PP1",
        "avg": 4.17,
        "hit": false,
        "diffAvg": 0.19,
        "diffAbs": 0.11,
        "lastAvg": 4.02,
        "diff": 0.15,
        "avgMin": 20,
        "proj": 3.9,
        "lastAvgMin": 20.57,
        "oppOver": 0,
        "teamOver": 0,
        "gameLine": "-170",
        "+/-": -6,
        "L5_+/-": -4.0,
        "prevMatchup": "2022-11-17 9.0 sog",
        "winLossSplits": "4.28 - 3.97",
        "awayHome": "H",
        "playedYesterday": "N",
        "awayHomeSplits": "4.21 - 4.13",
        "savesAboveExp": -0.215,
        "gsaa": -0.82,
        "corsi": "50.7% (59.3) // 48.8% (56.1) // 47.8% (53.5) // 50.1% (57.7)",
        "fenwick": "50.5% (43.5) // 48.3% (41.5) // 46.2% (37.7) // 49.2% (41.2)",
        "shots": "50.8% (31.0) // 49.9% (30.4) // 49.4% (28.6) // 54.2% (31.5)",
        "scoring": "50.6% (29.6) // 47.5% (28.4) // 44.3% (26.2) // 47.8% (27.9)",
        "corsiAgainst": "49.3% (57.8) // 51.2% (58.9) // 52.2% (58.6) // 49.9% (57.4)",
        "fenwickAgainst": "49.5% (42.7) // 51.7% (44.4) // 53.8% (43.9) // 50.8% (42.5)",
        "shotsAgainst": "49.2% (30.1) // 50.1% (30.5) // 50.6% (29.3) // 45.8% (26.6)",
        "scoringAgainst": "49.4% (28.9) // 52.5% (31.3) // 55.7% (32.9) // 52.2% (30.5)",
        "oppCorsi": "46.6% (51.3) // 45.9% (51.2) // 50.3% (56.8) // 49.0% (55.7)",
        "oppFenwick": "46.7% (39.3) // 45.0% (37.9) // 49.4% (43.2) // 47.0% (42.0)",
        "oppShots": "47.2% (28.7) // 45.6% (28.5) // 49.9% (33.0) // 47.0% (31.0)",
        "oppScoring": "46.9% (27.9) // 45.6% (27.6) // 51.2% (30.8) // 48.3% (28.7)",
        "oppCorsiAgainst": "53.4% (58.8) // 54.1% (60.3) // 49.7% (56.2) // 51.0% (58.0)",
        "oppFenwickAgainst": "53.3% (44.8) // 55.0% (46.4) // 50.6% (44.2) // 53.0% (47.3)",
        "oppShotsAgainst": "52.8% (32.2) // 54.4% (34.1) // 50.1% (33.2) // 53.0% (35.0)",
        "oppScoringAgainst": "53.1% (31.7) // 54.4% (33.0) // 48.8% (29.4) // 51.7% (30.7)",
        "savesPerGame": 27.4,
        "savesPerGameLast1": 23.0,
        "savesPerGameLast3": 23.7,
        "savesPerGameLast5": 29.2,
        "savesPer60": 27.3,
        "savesPer60Last1": 24.7,
        "savesPer60Last3": 23.9,
        "savesPer60Last5": 29.7,
        "shotsPerGame": 31.3,
        "shotsPerGameLast5": 28.2,
        "shotsAgainstPerGame": 30.4,
        "shotsAgainstPerGameLast5": 32.4,
        "oppSavesAgainstPer60": 25.9,
        "oppSavesAgainstPer60Last1": 30.3,
        "oppSavesAgainstPer60Last3": 26.4,
        "oppSavesAgainstPer60Last5": 29.0,
        "oppShotsAgainstPerGame": 32.5,
        "oppShotsAgainstPerGameLast5": 33.2,
        "savesProj": 24.7,
        "savesProjLast5": 30.2,
        "savesProjLast3": 22.2,
        "oppSavesAgainstProj": 25.0,
        "oppSavesAgainstProjLast5": 29.2,
        "oppSavesAgainstProjLast3": 22.3,
        "totalOver": 56,
        "totalOverLast5": 80,
        "lastTotalOver": 64,
        "last5": "5,4,2,4,4,3,7,2,5,1",
        "overOdds": "-145",
        "underOdds": "+115",
        "overUnder": "-145 / +115"
    },
    {
        "player": "Dylan Strome",
        "team": "WSH",
        "opponent": "STL",
        "propType": "sog",
        "line": 1.5,
        "ppLine": "PP2",
        "avg": 1.81,
        "hit": false,
        "diffAvg": 0.21,
        "diffAbs": 0.13,
        "lastAvg": 1.83,
        "diff": 0.22,
        "avgMin": 16,
        "proj": 1.7,
        "lastAvgMin": 17.43,
        "oppOver": 0,
        "teamOver": 0,
        "gameLine": "-170",
        "+/-": -3,
        "L5_+/-": "+5.0",
        "prevMatchup": "2022-11-17 1.0 sog",
        "winLossSplits": "1.67 - 1.82",
        "awayHome": "H",
        "playedYesterday": "N",
        "awayHomeSplits": "1.69 - 1.94",
        "savesAboveExp": -0.215,
        "gsaa": -0.82,
        "corsi": "50.7% (59.3) // 48.8% (56.1) // 47.8% (53.5) // 50.1% (57.7)",
        "fenwick": "50.5% (43.5) // 48.3% (41.5) // 46.2% (37.7) // 49.2% (41.2)",
        "shots": "50.8% (31.0) // 49.9% (30.4) // 49.4% (28.6) // 54.2% (31.5)",
        "scoring": "50.6% (29.6) // 47.5% (28.4) // 44.3% (26.2) // 47.8% (27.9)",
        "corsiAgainst": "49.3% (57.8) // 51.2% (58.9) // 52.2% (58.6) // 49.9% (57.4)",
        "fenwickAgainst": "49.5% (42.7) // 51.7% (44.4) // 53.8% (43.9) // 50.8% (42.5)",
        "shotsAgainst": "49.2% (30.1) // 50.1% (30.5) // 50.6% (29.3) // 45.8% (26.6)",
        "scoringAgainst": "49.4% (28.9) // 52.5% (31.3) // 55.7% (32.9) // 52.2% (30.5)",
        "oppCorsi": "46.6% (51.3) // 45.9% (51.2) // 50.3% (56.8) // 49.0% (55.7)",
        "oppFenwick": "46.7% (39.3) // 45.0% (37.9) // 49.4% (43.2) // 47.0% (42.0)",
        "oppShots": "47.2% (28.7) // 45.6% (28.5) // 49.9% (33.0) // 47.0% (31.0)",
        "oppScoring": "46.9% (27.9) // 45.6% (27.6) // 51.2% (30.8) // 48.3% (28.7)",
        "oppCorsiAgainst": "53.4% (58.8) // 54.1% (60.3) // 49.7% (56.2) // 51.0% (58.0)",
        "oppFenwickAgainst": "53.3% (44.8) // 55.0% (46.4) // 50.6% (44.2) // 53.0% (47.3)",
        "oppShotsAgainst": "52.8% (32.2) // 54.4% (34.1) // 50.1% (33.2) // 53.0% (35.0)",
        "oppScoringAgainst": "53.1% (31.7) // 54.4% (33.0) // 48.8% (29.4) // 51.7% (30.7)",
        "savesPerGame": 27.4,
        "savesPerGameLast1": 23.0,
        "savesPerGameLast3": 23.7,
        "savesPerGameLast5": 29.2,
        "savesPer60": 27.3,
        "savesPer60Last1": 24.7,
        "savesPer60Last3": 23.9,
        "savesPer60Last5": 29.7,
        "shotsPerGame": 31.3,
        "shotsPerGameLast5": 28.2,
        "shotsAgainstPerGame": 30.4,
        "shotsAgainstPerGameLast5": 32.4,
        "oppSavesAgainstPer60": 25.9,
        "oppSavesAgainstPer60Last1": 30.3,
        "oppSavesAgainstPer60Last3": 26.4,
        "oppSavesAgainstPer60Last5": 29.0,
        "oppShotsAgainstPerGame": 32.5,
        "oppShotsAgainstPerGameLast5": 33.2,
        "savesProj": 24.7,
        "savesProjLast5": 30.2,
        "savesProjLast3": 22.2,
        "oppSavesAgainstProj": 25.0,
        "oppSavesAgainstProjLast5": 29.2,
        "oppSavesAgainstProjLast3": 22.3,
        "totalOver": 47,
        "totalOverLast5": 60,
        "lastTotalOver": 42,
        "last5": "2,1,1,2,3,1,2,2,2,3",
        "overOdds": "-140",
        "underOdds": "+110",
        "overUnder": "-140 / +110"
    },
    {
        "player": "Evgeny Kuznetsov",
        "team": "WSH",
        "opponent": "STL",
        "propType": "sog",
        "line": 2.5,
        "ppLine": "PP1",
        "avg": 2.25,
        "hit": false,
        "diffAvg": -0.1,
        "diffAbs": 0.16,
        "lastAvg": 2.39,
        "diff": -0.04,
        "avgMin": 18,
        "proj": 2.1,
        "lastAvgMin": 20.27,
        "oppOver": 0,
        "teamOver": 0,
        "gameLine": "-170",
        "+/-": -14,
        "L5_+/-": -4.0,
        "prevMatchup": "2022-11-17 6.0 sog",
        "winLossSplits": "2.02 - 2.33",
        "awayHome": "H",
        "playedYesterday": "N",
        "awayHomeSplits": "2.14 - 2.36",
        "savesAboveExp": -0.215,
        "gsaa": -0.82,
        "corsi": "50.7% (59.3) // 48.8% (56.1) // 47.8% (53.5) // 50.1% (57.7)",
        "fenwick": "50.5% (43.5) // 48.3% (41.5) // 46.2% (37.7) // 49.2% (41.2)",
        "shots": "50.8% (31.0) // 49.9% (30.4) // 49.4% (28.6) // 54.2% (31.5)",
        "scoring": "50.6% (29.6) // 47.5% (28.4) // 44.3% (26.2) // 47.8% (27.9)",
        "corsiAgainst": "49.3% (57.8) // 51.2% (58.9) // 52.2% (58.6) // 49.9% (57.4)",
        "fenwickAgainst": "49.5% (42.7) // 51.7% (44.4) // 53.8% (43.9) // 50.8% (42.5)",
        "shotsAgainst": "49.2% (30.1) // 50.1% (30.5) // 50.6% (29.3) // 45.8% (26.6)",
        "scoringAgainst": "49.4% (28.9) // 52.5% (31.3) // 55.7% (32.9) // 52.2% (30.5)",
        "oppCorsi": "46.6% (51.3) // 45.9% (51.2) // 50.3% (56.8) // 49.0% (55.7)",
        "oppFenwick": "46.7% (39.3) // 45.0% (37.9) // 49.4% (43.2) // 47.0% (42.0)",
        "oppShots": "47.2% (28.7) // 45.6% (28.5) // 49.9% (33.0) // 47.0% (31.0)",
        "oppScoring": "46.9% (27.9) // 45.6% (27.6) // 51.2% (30.8) // 48.3% (28.7)",
        "oppCorsiAgainst": "53.4% (58.8) // 54.1% (60.3) // 49.7% (56.2) // 51.0% (58.0)",
        "oppFenwickAgainst": "53.3% (44.8) // 55.0% (46.4) // 50.6% (44.2) // 53.0% (47.3)",
        "oppShotsAgainst": "52.8% (32.2) // 54.4% (34.1) // 50.1% (33.2) // 53.0% (35.0)",
        "oppScoringAgainst": "53.1% (31.7) // 54.4% (33.0) // 48.8% (29.4) // 51.7% (30.7)",
        "savesPerGame": 27.4,
        "savesPerGameLast1": 23.0,
        "savesPerGameLast3": 23.7,
        "savesPerGameLast5": 29.2,
        "savesPer60": 27.3,
        "savesPer60Last1": 24.7,
        "savesPer60Last3": 23.9,
        "savesPer60Last5": 29.7,
        "shotsPerGame": 31.3,
        "shotsPerGameLast5": 28.2,
        "shotsAgainstPerGame": 30.4,
        "shotsAgainstPerGameLast5": 32.4,
        "oppSavesAgainstPer60": 25.9,
        "oppSavesAgainstPer60Last1": 30.3,
        "oppSavesAgainstPer60Last3": 26.4,
        "oppSavesAgainstPer60Last5": 29.0,
        "oppShotsAgainstPerGame": 32.5,
        "oppShotsAgainstPerGameLast5": 33.2,
        "savesProj": 24.7,
        "savesProjLast5": 30.2,
        "savesProjLast3": 22.2,
        "oppSavesAgainstProj": 25.0,
        "oppSavesAgainstProjLast5": 29.2,
        "oppSavesAgainstProjLast3": 22.3,
        "totalOver": 38,
        "totalOverLast5": 20,
        "lastTotalOver": 46,
        "last5": "4,0,2,2,2,2,2,2,4,2",
        "overOdds": "+120",
        "underOdds": "-150",
        "overUnder": "+120 / -150"
    },
    {
        "player": "Jakub Vrana",
        "team": "STL",
        "opponent": "WSH",
        "propType": "sog",
        "line": 2.5,
        "ppLine": "PP1",
        "avg": 2.6,
        "hit": false,
        "diffAvg": 0.04,
        "diffAbs": 0.12,
        "lastAvg": 2.5,
        "diff": 0.0,
        "avgMin": 13,
        "proj": 2.2,
        "lastAvgMin": 14.93,
        "oppOver": 0,
        "teamOver": 0,
        "gameLine": "+145",
        "+/-": -2,
        "L5_+/-": -1.0,
        "prevMatchup": "2023-02-21 2.0 sog",
        "winLossSplits": "2.35 - 2.54",
        "awayHome": "A",
        "playedYesterday": "N",
        "awayHomeSplits": "2.6 - 2.6",
        "savesAboveExp": 0.193,
        "gsaa": 9.22,
        "corsi": "46.6% (51.3) // 45.9% (51.2) // 50.3% (56.8) // 49.0% (55.7)",
        "fenwick": "46.7% (39.3) // 45.0% (37.9) // 49.4% (43.2) // 47.0% (42.0)",
        "shots": "47.2% (28.7) // 45.6% (28.5) // 49.9% (33.0) // 47.0% (31.0)",
        "scoring": "46.9% (27.9) // 45.6% (27.6) // 51.2% (30.8) // 48.3% (28.7)",
        "corsiAgainst": "53.4% (58.8) // 54.1% (60.3) // 49.7% (56.2) // 51.0% (58.0)",
        "fenwickAgainst": "53.3% (44.8) // 55.0% (46.4) // 50.6% (44.2) // 53.0% (47.3)",
        "shotsAgainst": "52.8% (32.2) // 54.4% (34.1) // 50.1% (33.2) // 53.0% (35.0)",
        "scoringAgainst": "53.1% (31.7) // 54.4% (33.0) // 48.8% (29.4) // 51.7% (30.7)",
        "oppCorsi": "50.7% (59.3) // 48.8% (56.1) // 47.8% (53.5) // 50.1% (57.7)",
        "oppFenwick": "50.5% (43.5) // 48.3% (41.5) // 46.2% (37.7) // 49.2% (41.2)",
        "oppShots": "50.8% (31.0) // 49.9% (30.4) // 49.4% (28.6) // 54.2% (31.5)",
        "oppScoring": "50.6% (29.6) // 47.5% (28.4) // 44.3% (26.2) // 47.8% (27.9)",
        "oppCorsiAgainst": "49.3% (57.8) // 51.2% (58.9) // 52.2% (58.6) // 49.9% (57.4)",
        "oppFenwickAgainst": "49.5% (42.7) // 51.7% (44.4) // 53.8% (43.9) // 50.8% (42.5)",
        "oppShotsAgainst": "49.2% (30.1) // 50.1% (30.5) // 50.6% (29.3) // 45.8% (26.6)",
        "oppScoringAgainst": "49.4% (28.9) // 52.5% (31.3) // 55.7% (32.9) // 52.2% (30.5)",
        "savesPerGame": 28.7,
        "savesPerGameLast1": 27.0,
        "savesPerGameLast3": 30.0,
        "savesPerGameLast5": 28.6,
        "savesPer60": 28.7,
        "savesPer60Last1": 26.8,
        "savesPer60Last3": 29.6,
        "savesPer60Last5": 28.4,
        "shotsPerGame": 29.0,
        "shotsPerGameLast5": 33.0,
        "shotsAgainstPerGame": 32.5,
        "shotsAgainstPerGameLast5": 33.2,
        "oppSavesAgainstPer60": 28.3,
        "oppSavesAgainstPer60Last1": 35.7,
        "oppSavesAgainstPer60Last3": 28.4,
        "oppSavesAgainstPer60Last5": 24.9,
        "oppShotsAgainstPerGame": 30.4,
        "oppShotsAgainstPerGameLast5": 32.4,
        "savesProj": 29.7,
        "savesProjLast5": 26.0,
        "savesProjLast3": 30.7,
        "oppSavesAgainstProj": 28.7,
        "oppSavesAgainstProjLast5": 26.4,
        "oppSavesAgainstProjLast3": 30.6,
        "totalOver": 50,
        "totalOverLast5": 80,
        "lastTotalOver": 27,
        "last5": "5,1,3,4,6,0,0,2,2,3",
        "overOdds": "+110",
        "underOdds": "-140",
        "overUnder": "+110 / -140"
    },
    {
        "player": "Jordan Kyrou",
        "team": "STL",
        "opponent": "WSH",
        "propType": "sog",
        "line": 3.5,
        "ppLine": "PP1",
        "avg": 3.55,
        "hit": false,
        "diffAvg": 0.01,
        "diffAbs": 0.34,
        "lastAvg": 2.14,
        "diff": -0.39,
        "avgMin": 18,
        "proj": 2.3,
        "lastAvgMin": 16.57,
        "oppOver": 0,
        "teamOver": 0,
        "gameLine": "+145",
        "+/-": -38,
        "L5_+/-": -11.0,
        "prevMatchup": "2022-11-17 3.0 sog",
        "winLossSplits": "3.95 - 3.22",
        "awayHome": "A",
        "playedYesterday": "N",
        "awayHomeSplits": "3.83 - 3.29",
        "savesAboveExp": 0.193,
        "gsaa": 9.22,
        "corsi": "46.6% (51.3) // 45.9% (51.2) // 50.3% (56.8) // 49.0% (55.7)",
        "fenwick": "46.7% (39.3) // 45.0% (37.9) // 49.4% (43.2) // 47.0% (42.0)",
        "shots": "47.2% (28.7) // 45.6% (28.5) // 49.9% (33.0) // 47.0% (31.0)",
        "scoring": "46.9% (27.9) // 45.6% (27.6) // 51.2% (30.8) // 48.3% (28.7)",
        "corsiAgainst": "53.4% (58.8) // 54.1% (60.3) // 49.7% (56.2) // 51.0% (58.0)",
        "fenwickAgainst": "53.3% (44.8) // 55.0% (46.4) // 50.6% (44.2) // 53.0% (47.3)",
        "shotsAgainst": "52.8% (32.2) // 54.4% (34.1) // 50.1% (33.2) // 53.0% (35.0)",
        "scoringAgainst": "53.1% (31.7) // 54.4% (33.0) // 48.8% (29.4) // 51.7% (30.7)",
        "oppCorsi": "50.7% (59.3) // 48.8% (56.1) // 47.8% (53.5) // 50.1% (57.7)",
        "oppFenwick": "50.5% (43.5) // 48.3% (41.5) // 46.2% (37.7) // 49.2% (41.2)",
        "oppShots": "50.8% (31.0) // 49.9% (30.4) // 49.4% (28.6) // 54.2% (31.5)",
        "oppScoring": "50.6% (29.6) // 47.5% (28.4) // 44.3% (26.2) // 47.8% (27.9)",
        "oppCorsiAgainst": "49.3% (57.8) // 51.2% (58.9) // 52.2% (58.6) // 49.9% (57.4)",
        "oppFenwickAgainst": "49.5% (42.7) // 51.7% (44.4) // 53.8% (43.9) // 50.8% (42.5)",
        "oppShotsAgainst": "49.2% (30.1) // 50.1% (30.5) // 50.6% (29.3) // 45.8% (26.6)",
        "oppScoringAgainst": "49.4% (28.9) // 52.5% (31.3) // 55.7% (32.9) // 52.2% (30.5)",
        "savesPerGame": 28.7,
        "savesPerGameLast1": 27.0,
        "savesPerGameLast3": 30.0,
        "savesPerGameLast5": 28.6,
        "savesPer60": 28.7,
        "savesPer60Last1": 26.8,
        "savesPer60Last3": 29.6,
        "savesPer60Last5": 28.4,
        "shotsPerGame": 29.0,
        "shotsPerGameLast5": 33.0,
        "shotsAgainstPerGame": 32.5,
        "shotsAgainstPerGameLast5": 33.2,
        "oppSavesAgainstPer60": 28.3,
        "oppSavesAgainstPer60Last1": 35.7,
        "oppSavesAgainstPer60Last3": 28.4,
        "oppSavesAgainstPer60Last5": 24.9,
        "oppShotsAgainstPerGame": 30.4,
        "oppShotsAgainstPerGameLast5": 32.4,
        "savesProj": 29.7,
        "savesProjLast5": 26.0,
        "savesProjLast3": 30.7,
        "oppSavesAgainstProj": 28.7,
        "oppSavesAgainstProjLast5": 26.4,
        "oppSavesAgainstProjLast3": 30.6,
        "totalOver": 47,
        "totalOverLast5": 80,
        "lastTotalOver": 30,
        "last5": "3,4,5,5,7,2,5,3,2,3",
        "overOdds": "+115",
        "underOdds": "-145",
        "overUnder": "+115 / -145"
    },
    {
        "player": "Justin Faulk",
        "team": "STL",
        "opponent": "WSH",
        "propType": "sog",
        "line": 2.5,
        "ppLine": "PP2",
        "avg": 2.49,
        "hit": false,
        "diffAvg": -0.0,
        "diffAbs": 0.24,
        "lastAvg": 1.9,
        "diff": -0.24,
        "avgMin": 23,
        "proj": 1.9,
        "lastAvgMin": 23.18,
        "oppOver": 0,
        "teamOver": 0,
        "gameLine": "+145",
        "+/-": -16,
        "L5_+/-": -1.0,
        "prevMatchup": "2022-11-17 2.0 sog",
        "winLossSplits": "2.4 - 2.5",
        "awayHome": "A",
        "playedYesterday": "N",
        "awayHomeSplits": "2.27 - 2.71",
        "savesAboveExp": 0.193,
        "gsaa": 9.22,
        "corsi": "46.6% (51.3) // 45.9% (51.2) // 50.3% (56.8) // 49.0% (55.7)",
        "fenwick": "46.7% (39.3) // 45.0% (37.9) // 49.4% (43.2) // 47.0% (42.0)",
        "shots": "47.2% (28.7) // 45.6% (28.5) // 49.9% (33.0) // 47.0% (31.0)",
        "scoring": "46.9% (27.9) // 45.6% (27.6) // 51.2% (30.8) // 48.3% (28.7)",
        "corsiAgainst": "53.4% (58.8) // 54.1% (60.3) // 49.7% (56.2) // 51.0% (58.0)",
        "fenwickAgainst": "53.3% (44.8) // 55.0% (46.4) // 50.6% (44.2) // 53.0% (47.3)",
        "shotsAgainst": "52.8% (32.2) // 54.4% (34.1) // 50.1% (33.2) // 53.0% (35.0)",
        "scoringAgainst": "53.1% (31.7) // 54.4% (33.0) // 48.8% (29.4) // 51.7% (30.7)",
        "oppCorsi": "50.7% (59.3) // 48.8% (56.1) // 47.8% (53.5) // 50.1% (57.7)",
        "oppFenwick": "50.5% (43.5) // 48.3% (41.5) // 46.2% (37.7) // 49.2% (41.2)",
        "oppShots": "50.8% (31.0) // 49.9% (30.4) // 49.4% (28.6) // 54.2% (31.5)",
        "oppScoring": "50.6% (29.6) // 47.5% (28.4) // 44.3% (26.2) // 47.8% (27.9)",
        "oppCorsiAgainst": "49.3% (57.8) // 51.2% (58.9) // 52.2% (58.6) // 49.9% (57.4)",
        "oppFenwickAgainst": "49.5% (42.7) // 51.7% (44.4) // 53.8% (43.9) // 50.8% (42.5)",
        "oppShotsAgainst": "49.2% (30.1) // 50.1% (30.5) // 50.6% (29.3) // 45.8% (26.6)",
        "oppScoringAgainst": "49.4% (28.9) // 52.5% (31.3) // 55.7% (32.9) // 52.2% (30.5)",
        "savesPerGame": 28.7,
        "savesPerGameLast1": 27.0,
        "savesPerGameLast3": 30.0,
        "savesPerGameLast5": 28.6,
        "savesPer60": 28.7,
        "savesPer60Last1": 26.8,
        "savesPer60Last3": 29.6,
        "savesPer60Last5": 28.4,
        "shotsPerGame": 29.0,
        "shotsPerGameLast5": 33.0,
        "shotsAgainstPerGame": 32.5,
        "shotsAgainstPerGameLast5": 33.2,
        "oppSavesAgainstPer60": 28.3,
        "oppSavesAgainstPer60Last1": 35.7,
        "oppSavesAgainstPer60Last3": 28.4,
        "oppSavesAgainstPer60Last5": 24.9,
        "oppShotsAgainstPerGame": 30.4,
        "oppShotsAgainstPerGameLast5": 32.4,
        "savesProj": 29.7,
        "savesProjLast5": 26.0,
        "savesProjLast3": 30.7,
        "oppSavesAgainstProj": 28.7,
        "oppSavesAgainstProjLast5": 26.4,
        "oppSavesAgainstProjLast3": 30.6,
        "totalOver": 49,
        "totalOverLast5": 40,
        "lastTotalOver": 43,
        "last5": "0,1,2,4,3,2,1,2,3,3",
        "overOdds": "+140",
        "underOdds": "-175",
        "overUnder": "+140 / -175"
    },
    {
        "player": "Pavel Buchnevich",
        "team": "STL",
        "opponent": "WSH",
        "propType": "sog",
        "line": 2.5,
        "ppLine": "PP2",
        "avg": 2.06,
        "hit": false,
        "diffAvg": -0.18,
        "diffAbs": 0.04,
        "lastAvg": 2.34,
        "diff": -0.06,
        "avgMin": 19,
        "proj": 2.4,
        "lastAvgMin": 18.3,
        "oppOver": 0,
        "teamOver": 0,
        "gameLine": "+145",
        "+/-": "+11",
        "L5_+/-": "+7.0",
        "prevMatchup": "2022-11-17 3.0 sog",
        "winLossSplits": "1.91 - 2.04",
        "awayHome": "A",
        "playedYesterday": "N",
        "awayHomeSplits": "2.39 - 1.79",
        "savesAboveExp": 0.193,
        "gsaa": 9.22,
        "corsi": "46.6% (51.3) // 45.9% (51.2) // 50.3% (56.8) // 49.0% (55.7)",
        "fenwick": "46.7% (39.3) // 45.0% (37.9) // 49.4% (43.2) // 47.0% (42.0)",
        "shots": "47.2% (28.7) // 45.6% (28.5) // 49.9% (33.0) // 47.0% (31.0)",
        "scoring": "46.9% (27.9) // 45.6% (27.6) // 51.2% (30.8) // 48.3% (28.7)",
        "corsiAgainst": "53.4% (58.8) // 54.1% (60.3) // 49.7% (56.2) // 51.0% (58.0)",
        "fenwickAgainst": "53.3% (44.8) // 55.0% (46.4) // 50.6% (44.2) // 53.0% (47.3)",
        "shotsAgainst": "52.8% (32.2) // 54.4% (34.1) // 50.1% (33.2) // 53.0% (35.0)",
        "scoringAgainst": "53.1% (31.7) // 54.4% (33.0) // 48.8% (29.4) // 51.7% (30.7)",
        "oppCorsi": "50.7% (59.3) // 48.8% (56.1) // 47.8% (53.5) // 50.1% (57.7)",
        "oppFenwick": "50.5% (43.5) // 48.3% (41.5) // 46.2% (37.7) // 49.2% (41.2)",
        "oppShots": "50.8% (31.0) // 49.9% (30.4) // 49.4% (28.6) // 54.2% (31.5)",
        "oppScoring": "50.6% (29.6) // 47.5% (28.4) // 44.3% (26.2) // 47.8% (27.9)",
        "oppCorsiAgainst": "49.3% (57.8) // 51.2% (58.9) // 52.2% (58.6) // 49.9% (57.4)",
        "oppFenwickAgainst": "49.5% (42.7) // 51.7% (44.4) // 53.8% (43.9) // 50.8% (42.5)",
        "oppShotsAgainst": "49.2% (30.1) // 50.1% (30.5) // 50.6% (29.3) // 45.8% (26.6)",
        "oppScoringAgainst": "49.4% (28.9) // 52.5% (31.3) // 55.7% (32.9) // 52.2% (30.5)",
        "savesPerGame": 28.7,
        "savesPerGameLast1": 27.0,
        "savesPerGameLast3": 30.0,
        "savesPerGameLast5": 28.6,
        "savesPer60": 28.7,
        "savesPer60Last1": 26.8,
        "savesPer60Last3": 29.6,
        "savesPer60Last5": 28.4,
        "shotsPerGame": 29.0,
        "shotsPerGameLast5": 33.0,
        "shotsAgainstPerGame": 32.5,
        "shotsAgainstPerGameLast5": 33.2,
        "oppSavesAgainstPer60": 28.3,
        "oppSavesAgainstPer60Last1": 35.7,
        "oppSavesAgainstPer60Last3": 28.4,
        "oppSavesAgainstPer60Last5": 24.9,
        "oppShotsAgainstPerGame": 30.4,
        "oppShotsAgainstPerGameLast5": 32.4,
        "savesProj": 29.7,
        "savesProjLast5": 26.0,
        "savesProjLast3": 30.7,
        "oppSavesAgainstProj": 28.7,
        "oppSavesAgainstProjLast5": 26.4,
        "oppSavesAgainstProjLast3": 30.6,
        "totalOver": 31,
        "totalOverLast5": 40,
        "lastTotalOver": 45,
        "last5": "4,2,2,2,5,5,1,2,2,4",
        "overOdds": "+140",
        "underOdds": "-175",
        "overUnder": "+140 / -175"
    },
    {
        "player": "Tj Oshie",
        "team": "WSH",
        "opponent": "STL",
        "propType": "sog",
        "line": 1.5,
        "ppLine": "PP1",
        "avg": 2.22,
        "hit": false,
        "diffAvg": 0.48,
        "diffAbs": 0.07,
        "lastAvg": 1.54,
        "diff": 0.03,
        "avgMin": 16,
        "proj": 1.4,
        "lastAvgMin": 17.43,
        "oppOver": 0,
        "teamOver": 0,
        "gameLine": "-170",
        "+/-": -10,
        "L5_+/-": -1.0,
        "prevMatchup": "",
        "winLossSplits": "2.22 - 2.07",
        "awayHome": "H",
        "playedYesterday": "N",
        "awayHomeSplits": "1.89 - 2.61",
        "savesAboveExp": -0.215,
        "gsaa": -0.82,
        "corsi": "50.7% (59.3) // 48.8% (56.1) // 47.8% (53.5) // 50.1% (57.7)",
        "fenwick": "50.5% (43.5) // 48.3% (41.5) // 46.2% (37.7) // 49.2% (41.2)",
        "shots": "50.8% (31.0) // 49.9% (30.4) // 49.4% (28.6) // 54.2% (31.5)",
        "scoring": "50.6% (29.6) // 47.5% (28.4) // 44.3% (26.2) // 47.8% (27.9)",
        "corsiAgainst": "49.3% (57.8) // 51.2% (58.9) // 52.2% (58.6) // 49.9% (57.4)",
        "fenwickAgainst": "49.5% (42.7) // 51.7% (44.4) // 53.8% (43.9) // 50.8% (42.5)",
        "shotsAgainst": "49.2% (30.1) // 50.1% (30.5) // 50.6% (29.3) // 45.8% (26.6)",
        "scoringAgainst": "49.4% (28.9) // 52.5% (31.3) // 55.7% (32.9) // 52.2% (30.5)",
        "oppCorsi": "46.6% (51.3) // 45.9% (51.2) // 50.3% (56.8) // 49.0% (55.7)",
        "oppFenwick": "46.7% (39.3) // 45.0% (37.9) // 49.4% (43.2) // 47.0% (42.0)",
        "oppShots": "47.2% (28.7) // 45.6% (28.5) // 49.9% (33.0) // 47.0% (31.0)",
        "oppScoring": "46.9% (27.9) // 45.6% (27.6) // 51.2% (30.8) // 48.3% (28.7)",
        "oppCorsiAgainst": "53.4% (58.8) // 54.1% (60.3) // 49.7% (56.2) // 51.0% (58.0)",
        "oppFenwickAgainst": "53.3% (44.8) // 55.0% (46.4) // 50.6% (44.2) // 53.0% (47.3)",
        "oppShotsAgainst": "52.8% (32.2) // 54.4% (34.1) // 50.1% (33.2) // 53.0% (35.0)",
        "oppScoringAgainst": "53.1% (31.7) // 54.4% (33.0) // 48.8% (29.4) // 51.7% (30.7)",
        "savesPerGame": 27.4,
        "savesPerGameLast1": 23.0,
        "savesPerGameLast3": 23.7,
        "savesPerGameLast5": 29.2,
        "savesPer60": 27.3,
        "savesPer60Last1": 24.7,
        "savesPer60Last3": 23.9,
        "savesPer60Last5": 29.7,
        "shotsPerGame": 31.3,
        "shotsPerGameLast5": 28.2,
        "shotsAgainstPerGame": 30.4,
        "shotsAgainstPerGameLast5": 32.4,
        "oppSavesAgainstPer60": 25.9,
        "oppSavesAgainstPer60Last1": 30.3,
        "oppSavesAgainstPer60Last3": 26.4,
        "oppSavesAgainstPer60Last5": 29.0,
        "oppShotsAgainstPerGame": 32.5,
        "oppShotsAgainstPerGameLast5": 33.2,
        "savesProj": 24.7,
        "savesProjLast5": 30.2,
        "savesProjLast3": 22.2,
        "oppSavesAgainstProj": 25.0,
        "oppSavesAgainstProjLast5": 29.2,
        "oppSavesAgainstProjLast3": 22.3,
        "totalOver": 65,
        "totalOverLast5": 40,
        "lastTotalOver": 54,
        "last5": "2,2,1,1,0,2,1,2,2,6",
        "overOdds": "-180",
        "underOdds": "+145",
        "overUnder": "-180 / +145"
    },
    {
        "player": "Tom Wilson",
        "team": "WSH",
        "opponent": "STL",
        "propType": "sog",
        "line": 1.5,
        "ppLine": "PP2",
        "avg": 1.85,
        "hit": false,
        "diffAvg": 0.23,
        "diffAbs": 0.07,
        "lastAvg": 1.86,
        "diff": 0.24,
        "avgMin": 16,
        "proj": 1.6,
        "lastAvgMin": 18.57,
        "oppOver": 0,
        "teamOver": 0,
        "gameLine": "-170",
        "+/-": -14,
        "L5_+/-": -5.0,
        "prevMatchup": "",
        "winLossSplits": "2.2 - 1.57",
        "awayHome": "H",
        "playedYesterday": "N",
        "awayHomeSplits": "2.0 - 1.62",
        "savesAboveExp": -0.215,
        "gsaa": -0.82,
        "corsi": "50.7% (59.3) // 48.8% (56.1) // 47.8% (53.5) // 50.1% (57.7)",
        "fenwick": "50.5% (43.5) // 48.3% (41.5) // 46.2% (37.7) // 49.2% (41.2)",
        "shots": "50.8% (31.0) // 49.9% (30.4) // 49.4% (28.6) // 54.2% (31.5)",
        "scoring": "50.6% (29.6) // 47.5% (28.4) // 44.3% (26.2) // 47.8% (27.9)",
        "corsiAgainst": "49.3% (57.8) // 51.2% (58.9) // 52.2% (58.6) // 49.9% (57.4)",
        "fenwickAgainst": "49.5% (42.7) // 51.7% (44.4) // 53.8% (43.9) // 50.8% (42.5)",
        "shotsAgainst": "49.2% (30.1) // 50.1% (30.5) // 50.6% (29.3) // 45.8% (26.6)",
        "scoringAgainst": "49.4% (28.9) // 52.5% (31.3) // 55.7% (32.9) // 52.2% (30.5)",
        "oppCorsi": "46.6% (51.3) // 45.9% (51.2) // 50.3% (56.8) // 49.0% (55.7)",
        "oppFenwick": "46.7% (39.3) // 45.0% (37.9) // 49.4% (43.2) // 47.0% (42.0)",
        "oppShots": "47.2% (28.7) // 45.6% (28.5) // 49.9% (33.0) // 47.0% (31.0)",
        "oppScoring": "46.9% (27.9) // 45.6% (27.6) // 51.2% (30.8) // 48.3% (28.7)",
        "oppCorsiAgainst": "53.4% (58.8) // 54.1% (60.3) // 49.7% (56.2) // 51.0% (58.0)",
        "oppFenwickAgainst": "53.3% (44.8) // 55.0% (46.4) // 50.6% (44.2) // 53.0% (47.3)",
        "oppShotsAgainst": "52.8% (32.2) // 54.4% (34.1) // 50.1% (33.2) // 53.0% (35.0)",
        "oppScoringAgainst": "53.1% (31.7) // 54.4% (33.0) // 48.8% (29.4) // 51.7% (30.7)",
        "savesPerGame": 27.4,
        "savesPerGameLast1": 23.0,
        "savesPerGameLast3": 23.7,
        "savesPerGameLast5": 29.2,
        "savesPer60": 27.3,
        "savesPer60Last1": 24.7,
        "savesPer60Last3": 23.9,
        "savesPer60Last5": 29.7,
        "shotsPerGame": 31.3,
        "shotsPerGameLast5": 28.2,
        "shotsAgainstPerGame": 30.4,
        "shotsAgainstPerGameLast5": 32.4,
        "oppSavesAgainstPer60": 25.9,
        "oppSavesAgainstPer60Last1": 30.3,
        "oppSavesAgainstPer60Last3": 26.4,
        "oppSavesAgainstPer60Last5": 29.0,
        "oppShotsAgainstPerGame": 32.5,
        "oppShotsAgainstPerGameLast5": 33.2,
        "savesProj": 24.7,
        "savesProjLast5": 30.2,
        "savesProjLast3": 22.2,
        "oppSavesAgainstProj": 25.0,
        "oppSavesAgainstProjLast5": 29.2,
        "oppSavesAgainstProjLast3": 22.3,
        "totalOver": 40,
        "totalOverLast5": 40,
        "lastTotalOver": 47,
        "last5": "1,1,0,2,3,0,7,0,1,3",
        "overOdds": "-165",
        "underOdds": "+135",
        "overUnder": "-165 / +135"
    },
    {
        "player": "Alex Tuch",
        "team": "BUF",
        "opponent": "PHI",
        "propType": "sog",
        "line": 2.5,
        "ppLine": "PP1",
        "avg": 2.92,
        "hit": false,
        "diffAvg": 0.17,
        "diffAbs": 0.16,
        "lastAvg": 2.78,
        "diff": 0.11,
        "avgMin": 19,
        "proj": 2.9,
        "lastAvgMin": 18.4,
        "oppOver": 0,
        "teamOver": 0,
        "gameLine": "-130",
        "+/-": "+13",
        "L5_+/-": "+1.0",
        "prevMatchup": "2023-01-09 1.0 sog",
        "winLossSplits": "3.19 - 2.62",
        "awayHome": "A",
        "playedYesterday": "N",
        "awayHomeSplits": "2.84 - 3.0",
        "savesAboveExp": 0.493,
        "gsaa": 2.27,
        "corsi": "51.0% (57.7) // 49.7% (57.6) // 48.9% (55.3) // 50.9% (56.8)",
        "fenwick": "49.4% (43.3) // 47.8% (43.3) // 45.1% (37.9) // 50.0% (40.7)",
        "shots": "49.1% (31.9) // 46.9% (31.6) // 44.0% (27.7) // 48.9% (28.6)",
        "scoring": "50.0% (30.7) // 49.8% (31.1) // 46.1% (27.0) // 51.1% (28.6)",
        "corsiAgainst": "49.0% (55.5) // 50.3% (58.3) // 51.1% (57.8) // 49.1% (54.9)",
        "fenwickAgainst": "50.6% (44.4) // 52.2% (47.3) // 54.9% (46.1) // 50.0% (40.7)",
        "shotsAgainst": "50.9% (33.1) // 53.1% (35.8) // 56.0% (35.4) // 51.1% (29.8)",
        "scoringAgainst": "50.0% (30.8) // 50.2% (31.3) // 53.9% (31.5) // 48.9% (27.3)",
        "oppCorsi": "46.9% (54.1) // 46.2% (52.0) // 46.8% (54.2) // 53.5% (61.5)",
        "oppFenwick": "47.8% (40.2) // 47.6% (39.1) // 48.2% (41.0) // 53.5% (46.5)",
        "oppShots": "48.5% (29.1) // 47.0% (27.7) // 46.6% (29.0) // 48.8% (31.0)",
        "oppScoring": "44.7% (25.5) // 44.7% (25.9) // 43.8% (25.8) // 50.0% (29.5)",
        "oppCorsiAgainst": "53.1% (61.3) // 53.8% (60.5) // 53.2% (61.7) // 46.5% (53.5)",
        "oppFenwickAgainst": "52.2% (44.0) // 52.4% (43.1) // 51.8% (44.0) // 46.5% (40.5)",
        "oppShotsAgainst": "51.5% (31.0) // 53.0% (31.2) // 53.4% (33.2) // 51.2% (32.5)",
        "oppScoringAgainst": "55.3% (31.5) // 55.3% (32.1) // 56.2% (33.0) // 50.0% (29.5)",
        "savesPerGame": 29.8,
        "savesPerGameLast1": 35.0,
        "savesPerGameLast3": 28.0,
        "savesPerGameLast5": 31.8,
        "savesPer60": 29.9,
        "savesPer60Last1": 37.9,
        "savesPer60Last3": 29.1,
        "savesPer60Last5": 32.3,
        "shotsPerGame": 32.2,
        "shotsPerGameLast5": 28.4,
        "shotsAgainstPerGame": 33.4,
        "shotsAgainstPerGameLast5": 36.2,
        "oppSavesAgainstPer60": 26.8,
        "oppSavesAgainstPer60Last1": 26.9,
        "oppSavesAgainstPer60Last3": 25.6,
        "oppSavesAgainstPer60Last5": 29.2,
        "oppShotsAgainstPerGame": 31.3,
        "oppShotsAgainstPerGameLast5": 31.8,
        "savesProj": 29.0,
        "savesProjLast5": 33.6,
        "savesProjLast3": 27.0,
        "oppSavesAgainstProj": 28.2,
        "oppSavesAgainstProjLast5": 32.8,
        "oppSavesAgainstProjLast3": 25.2,
        "totalOver": 66,
        "totalOverLast5": 60,
        "lastTotalOver": 58,
        "last5": "3,5,5,0,2,3,2,3,0,4",
        "overOdds": "-160",
        "underOdds": "+130",
        "overUnder": "-160 / +130"
    },
    {
        "player": "Dylan Cozens",
        "team": "BUF",
        "opponent": "PHI",
        "propType": "sog",
        "line": 2.5,
        "ppLine": "PP1",
        "avg": 2.62,
        "hit": false,
        "diffAvg": 0.05,
        "diffAbs": 0.2,
        "lastAvg": 2.03,
        "diff": -0.19,
        "avgMin": 16,
        "proj": 2.0,
        "lastAvgMin": 15.88,
        "oppOver": 0,
        "teamOver": 0,
        "gameLine": "-130",
        "+/-": "+2",
        "L5_+/-": -4.0,
        "prevMatchup": "2023-01-09 5.0 sog",
        "winLossSplits": "2.93 - 2.2",
        "awayHome": "A",
        "playedYesterday": "N",
        "awayHomeSplits": "2.44 - 2.79",
        "savesAboveExp": 0.493,
        "gsaa": 2.27,
        "corsi": "51.0% (57.7) // 49.7% (57.6) // 48.9% (55.3) // 50.9% (56.8)",
        "fenwick": "49.4% (43.3) // 47.8% (43.3) // 45.1% (37.9) // 50.0% (40.7)",
        "shots": "49.1% (31.9) // 46.9% (31.6) // 44.0% (27.7) // 48.9% (28.6)",
        "scoring": "50.0% (30.7) // 49.8% (31.1) // 46.1% (27.0) // 51.1% (28.6)",
        "corsiAgainst": "49.0% (55.5) // 50.3% (58.3) // 51.1% (57.8) // 49.1% (54.9)",
        "fenwickAgainst": "50.6% (44.4) // 52.2% (47.3) // 54.9% (46.1) // 50.0% (40.7)",
        "shotsAgainst": "50.9% (33.1) // 53.1% (35.8) // 56.0% (35.4) // 51.1% (29.8)",
        "scoringAgainst": "50.0% (30.8) // 50.2% (31.3) // 53.9% (31.5) // 48.9% (27.3)",
        "oppCorsi": "46.9% (54.1) // 46.2% (52.0) // 46.8% (54.2) // 53.5% (61.5)",
        "oppFenwick": "47.8% (40.2) // 47.6% (39.1) // 48.2% (41.0) // 53.5% (46.5)",
        "oppShots": "48.5% (29.1) // 47.0% (27.7) // 46.6% (29.0) // 48.8% (31.0)",
        "oppScoring": "44.7% (25.5) // 44.7% (25.9) // 43.8% (25.8) // 50.0% (29.5)",
        "oppCorsiAgainst": "53.1% (61.3) // 53.8% (60.5) // 53.2% (61.7) // 46.5% (53.5)",
        "oppFenwickAgainst": "52.2% (44.0) // 52.4% (43.1) // 51.8% (44.0) // 46.5% (40.5)",
        "oppShotsAgainst": "51.5% (31.0) // 53.0% (31.2) // 53.4% (33.2) // 51.2% (32.5)",
        "oppScoringAgainst": "55.3% (31.5) // 55.3% (32.1) // 56.2% (33.0) // 50.0% (29.5)",
        "savesPerGame": 29.8,
        "savesPerGameLast1": 35.0,
        "savesPerGameLast3": 28.0,
        "savesPerGameLast5": 31.8,
        "savesPer60": 29.9,
        "savesPer60Last1": 37.9,
        "savesPer60Last3": 29.1,
        "savesPer60Last5": 32.3,
        "shotsPerGame": 32.2,
        "shotsPerGameLast5": 28.4,
        "shotsAgainstPerGame": 33.4,
        "shotsAgainstPerGameLast5": 36.2,
        "oppSavesAgainstPer60": 26.8,
        "oppSavesAgainstPer60Last1": 26.9,
        "oppSavesAgainstPer60Last3": 25.6,
        "oppSavesAgainstPer60Last5": 29.2,
        "oppShotsAgainstPerGame": 31.3,
        "oppShotsAgainstPerGameLast5": 31.8,
        "savesProj": 29.0,
        "savesProjLast5": 33.6,
        "savesProjLast3": 27.0,
        "oppSavesAgainstProj": 28.2,
        "oppSavesAgainstProjLast5": 32.8,
        "oppSavesAgainstProjLast3": 25.2,
        "totalOver": 47,
        "totalOverLast5": 60,
        "lastTotalOver": 32,
        "last5": "2,4,3,1,4,6,5,0,0,8",
        "overOdds": "+110",
        "underOdds": "-140",
        "overUnder": "+110 / -140"
    },
    {
        "player": "Jeff Skinner",
        "team": "BUF",
        "opponent": "PHI",
        "propType": "sog",
        "line": 2.5,
        "ppLine": "PP1",
        "avg": 2.91,
        "hit": false,
        "diffAvg": 0.16,
        "diffAbs": 0.32,
        "lastAvg": 3.27,
        "diff": 0.31,
        "avgMin": 17,
        "proj": 3.3,
        "lastAvgMin": 17.1,
        "oppOver": 0,
        "teamOver": 0,
        "gameLine": "-130",
        "+/-": "+10",
        "L5_+/-": -2.0,
        "prevMatchup": "2023-01-09 0.0 sog",
        "winLossSplits": "2.79 - 2.84",
        "awayHome": "A",
        "playedYesterday": "N",
        "awayHomeSplits": "2.55 - 3.24",
        "savesAboveExp": 0.493,
        "gsaa": 2.27,
        "corsi": "51.0% (57.7) // 49.7% (57.6) // 48.9% (55.3) // 50.9% (56.8)",
        "fenwick": "49.4% (43.3) // 47.8% (43.3) // 45.1% (37.9) // 50.0% (40.7)",
        "shots": "49.1% (31.9) // 46.9% (31.6) // 44.0% (27.7) // 48.9% (28.6)",
        "scoring": "50.0% (30.7) // 49.8% (31.1) // 46.1% (27.0) // 51.1% (28.6)",
        "corsiAgainst": "49.0% (55.5) // 50.3% (58.3) // 51.1% (57.8) // 49.1% (54.9)",
        "fenwickAgainst": "50.6% (44.4) // 52.2% (47.3) // 54.9% (46.1) // 50.0% (40.7)",
        "shotsAgainst": "50.9% (33.1) // 53.1% (35.8) // 56.0% (35.4) // 51.1% (29.8)",
        "scoringAgainst": "50.0% (30.8) // 50.2% (31.3) // 53.9% (31.5) // 48.9% (27.3)",
        "oppCorsi": "46.9% (54.1) // 46.2% (52.0) // 46.8% (54.2) // 53.5% (61.5)",
        "oppFenwick": "47.8% (40.2) // 47.6% (39.1) // 48.2% (41.0) // 53.5% (46.5)",
        "oppShots": "48.5% (29.1) // 47.0% (27.7) // 46.6% (29.0) // 48.8% (31.0)",
        "oppScoring": "44.7% (25.5) // 44.7% (25.9) // 43.8% (25.8) // 50.0% (29.5)",
        "oppCorsiAgainst": "53.1% (61.3) // 53.8% (60.5) // 53.2% (61.7) // 46.5% (53.5)",
        "oppFenwickAgainst": "52.2% (44.0) // 52.4% (43.1) // 51.8% (44.0) // 46.5% (40.5)",
        "oppShotsAgainst": "51.5% (31.0) // 53.0% (31.2) // 53.4% (33.2) // 51.2% (32.5)",
        "oppScoringAgainst": "55.3% (31.5) // 55.3% (32.1) // 56.2% (33.0) // 50.0% (29.5)",
        "savesPerGame": 29.8,
        "savesPerGameLast1": 35.0,
        "savesPerGameLast3": 28.0,
        "savesPerGameLast5": 31.8,
        "savesPer60": 29.9,
        "savesPer60Last1": 37.9,
        "savesPer60Last3": 29.1,
        "savesPer60Last5": 32.3,
        "shotsPerGame": 32.2,
        "shotsPerGameLast5": 28.4,
        "shotsAgainstPerGame": 33.4,
        "shotsAgainstPerGameLast5": 36.2,
        "oppSavesAgainstPer60": 26.8,
        "oppSavesAgainstPer60Last1": 26.9,
        "oppSavesAgainstPer60Last3": 25.6,
        "oppSavesAgainstPer60Last5": 29.2,
        "oppShotsAgainstPerGame": 31.3,
        "oppShotsAgainstPerGameLast5": 31.8,
        "savesProj": 29.0,
        "savesProjLast5": 33.6,
        "savesProjLast3": 27.0,
        "oppSavesAgainstProj": 28.2,
        "oppSavesAgainstProjLast5": 32.8,
        "oppSavesAgainstProjLast3": 25.2,
        "totalOver": 53,
        "totalOverLast5": 20,
        "lastTotalOver": 60,
        "last5": "2,2,3,2,1,7,1,1,5,3",
        "overOdds": "-135",
        "underOdds": "+105",
        "overUnder": "-135 / +105"
    },
    {
        "player": "Kevin Hayes",
        "team": "PHI",
        "opponent": "BUF",
        "propType": "sog",
        "line": 2.5,
        "ppLine": "PP2",
        "avg": 2.71,
        "hit": false,
        "diffAvg": 0.08,
        "diffAbs": 0.0,
        "lastAvg": 2.62,
        "diff": 0.05,
        "avgMin": 17,
        "proj": 2.5,
        "lastAvgMin": 17.92,
        "oppOver": 0,
        "teamOver": 0,
        "gameLine": "+110",
        "+/-": -19,
        "L5_+/-": -5.0,
        "prevMatchup": "2023-01-09 5.0 sog",
        "winLossSplits": "2.93 - 2.35",
        "awayHome": "H",
        "playedYesterday": "N",
        "awayHomeSplits": "2.29 - 3.19",
        "savesAboveExp": 0.461,
        "gsaa": -10.47,
        "corsi": "46.9% (54.1) // 46.2% (52.0) // 46.8% (54.2) // 53.5% (61.5)",
        "fenwick": "47.8% (40.2) // 47.6% (39.1) // 48.2% (41.0) // 53.5% (46.5)",
        "shots": "48.5% (29.1) // 47.0% (27.7) // 46.6% (29.0) // 48.8% (31.0)",
        "scoring": "44.7% (25.5) // 44.7% (25.9) // 43.8% (25.8) // 50.0% (29.5)",
        "corsiAgainst": "53.1% (61.3) // 53.8% (60.5) // 53.2% (61.7) // 46.5% (53.5)",
        "fenwickAgainst": "52.2% (44.0) // 52.4% (43.1) // 51.8% (44.0) // 46.5% (40.5)",
        "shotsAgainst": "51.5% (31.0) // 53.0% (31.2) // 53.4% (33.2) // 51.2% (32.5)",
        "scoringAgainst": "55.3% (31.5) // 55.3% (32.1) // 56.2% (33.0) // 50.0% (29.5)",
