[
    {
        "player": "Kaapo Kahkonen",
        "team": "SJ",
        "opponent": "CGY",
        "propType": "sv",
        "line": 31.5,
        "ppLine": "",
        "avg": 26.91,
        "hit": false,
        "diffAvg": -0.15,
        "diffAbs": 0.1,
        "lastAvg": 26.75,
        "diff": -0.15,
        "avgMin": 57,
        "proj": 28.2,
        "lastAvgMin": 54.07,
        "oppOver": 59,
        "teamOver": 35,
        "gameLine": "+240",
        "+/-": 0,
        "L5_+/-": 0,
        "prevMatchup": "2022-12-18 cgy @ sj 20.0 sv, 2022-12-20 cgy @ sj 32.0 sv",
        "winLossSplits": "27.86 - 28.48",
        "awayHome": "A",
        "playedYesterday": "N",
        "awayHomeSplits": "27.5 - 26.31",
        "savesAboveExp": -1.142,
        "gsaa": -25.05,
        "corsi": "48.3% (55.9) // 46.6% (55.4) // 43.2% (48.6) // 39.0% (40.9)",
        "fenwick": "48.2% (41.0) // 45.1% (39.5) // 42.1% (35.5) // 40.5% (32.7)",
        "shots": "48.5% (29.4) // 45.2% (28.8) // 45.0% (27.5) // 41.1% (24.5)",
        "scoring": "50.2% (31.9) // 46.6% (30.7) // 44.8% (28.2) // 39.7% (26.0)",
        "corsiAgainst": "51.7% (59.8) // 53.4% (63.5) // 56.8% (64.0) // 61.0% (64.0)",
        "fenwickAgainst": "51.8% (44.0) // 54.9% (48.1) // 57.9% (48.9) // 59.5% (48.1)",
        "shotsAgainst": "51.5% (31.3) // 54.8% (34.9) // 55.0% (33.6) // 58.9% (35.1)",
        "scoringAgainst": "49.8% (31.6) // 53.4% (35.1) // 55.2% (34.8) // 60.3% (39.4)",
        "oppCorsi": "56.5% (65.6) // 57.0% (65.9) // 56.0% (63.4) // 55.5% (65.7)",
        "oppFenwick": "56.2% (48.8) // 56.0% (48.2) // 56.3% (46.9) // 54.0% (47.7)",
        "oppShots": "56.6% (35.1) // 55.9% (35.0) // 56.0% (34.1) // 53.6% (35.0)",
        "oppScoring": "53.9% (32.2) // 56.5% (34.5) // 55.3% (34.1) // 55.3% (36.3)",
        "oppCorsiAgainst": "43.5% (50.5) // 43.0% (49.7) // 44.0% (49.8) // 44.5% (52.7)",
        "oppFenwickAgainst": "43.8% (38.1) // 44.0% (37.9) // 43.7% (36.4) // 46.0% (40.7)",
        "oppShotsAgainst": "43.4% (26.9) // 44.1% (27.7) // 44.0% (26.8) // 46.4% (30.3)",
        "oppScoringAgainst": "46.1% (27.6) // 43.5% (26.5) // 44.7% (27.6) // 44.7% (29.3)",
        "savesPerGame": 27.9,
        "savesPerGameLast1": 14.0,
        "savesPerGameLast3": 30.0,
        "savesPerGameLast5": 32.4,
        "savesPer60": 28.0,
        "savesPer60Last1": 14.0,
        "savesPer60Last3": 30.8,
        "savesPer60Last5": 33.5,
        "shotsPerGame": 29.8,
        "shotsPerGameLast5": 29.0,
        "shotsAgainstPerGame": 31.8,
        "shotsAgainstPerGameLast5": 37.2,
        "oppSavesAgainstPer60": 32.7,
        "oppSavesAgainstPer60Last1": 42.0,
        "oppSavesAgainstPer60Last3": 32.4,
        "oppSavesAgainstPer60Last5": 31.0,
        "oppShotsAgainstPerGame": 27.3,
        "oppShotsAgainstPerGameLast5": 27.2,
        "savesProj": 37.4,
        "savesProjLast5": 41.9,
        "savesProjLast3": 40.6,
        "oppSavesAgainstProj": 32.5,
        "oppSavesAgainstProjLast5": 36.1,
        "oppSavesAgainstProjLast3": 33.9,
        "totalOver": 34,
        "totalOverLast5": 20,
        "totalOverLast15": 40,
        "lastTotalOver": 26,
        "last5": "29,42,26,19,22,29,32,27,36,12",
        "overOdds": "-110",
        "underOdds": "-120",
        "overUnder": "-110 / -120"
    },
    {
        "player": "Alex Stalock",
        "team": "CHI",
        "opponent": "MIN",
        "propType": "sv",
        "line": 29.5,
        "ppLine": "",
        "avg": 27.29,
        "hit": false,
        "diffAvg": -0.07,
        "diffAbs": 1.0,
        "lastAvg": 0,
        "diff": 0,
        "avgMin": 53,
        "proj": 0.0,
        "lastAvgMin": 0,
        "oppOver": 42,
        "teamOver": 52,
        "gameLine": "+280",
        "+/-": 0,
        "L5_+/-": 0,
        "prevMatchup": "2022-10-30 min @ chi 32.0 sv, 2022-12-16 chi @ min 18.0 sv",
        "winLossSplits": "32.49 - 30.45",
        "awayHome": "A",
        "playedYesterday": "N",
        "awayHomeSplits": "30.12 - 25.54",
        "savesAboveExp": 0.296,
        "gsaa": 7.01,
        "corsi": "44.1% (48.6) // 44.5% (48.1) // 50.7% (56.5) // 48.7% (54.5)",
        "fenwick": "44.3% (36.6) // 44.4% (37.0) // 49.9% (41.5) // 48.5% (40.5)",
        "shots": "44.1% (26.4) // 42.9% (25.4) // 48.5% (27.5) // 47.8% (27.5)",
        "scoring": "41.4% (23.3) // 41.1% (22.9) // 42.9% (23.2) // 37.4% (21.5)",
        "corsiAgainst": "55.9% (61.7) // 55.5% (59.9) // 49.3% (55.0) // 51.3% (57.5)",
        "fenwickAgainst": "55.7% (46.1) // 55.6% (46.4) // 50.1% (41.8) // 51.5% (43.0)",
        "shotsAgainst": "55.9% (33.5) // 57.1% (33.8) // 51.5% (29.2) // 52.2% (30.0)",
        "scoringAgainst": "58.6% (33.0) // 58.9% (32.9) // 57.1% (31.0) // 62.6% (36.0)",
        "oppCorsi": "50.3% (57.7) // 47.8% (55.7) // 47.8% (55.6) // 47.2% (56.2)",
        "oppFenwick": "51.3% (43.6) // 49.6% (43.9) // 48.6% (44.7) // 49.0% (44.8)",
        "oppShots": "50.5% (30.7) // 47.1% (30.8) // 45.3% (30.8) // 44.1% (29.4)",
        "oppScoring": "51.0% (28.5) // 50.3% (28.3) // 49.1% (26.9) // 48.5% (26.5)",
        "oppCorsiAgainst": "49.7% (57.1) // 52.2% (60.9) // 52.2% (60.8) // 52.8% (62.9)",
        "oppFenwickAgainst": "48.7% (41.4) // 50.4% (44.7) // 51.4% (47.2) // 51.0% (46.7)",
        "oppShotsAgainst": "49.5% (30.1) // 52.9% (34.6) // 54.7% (37.2) // 55.9% (37.3)",
        "oppScoringAgainst": "49.0% (27.3) // 49.7% (28.0) // 50.9% (27.9) // 51.5% (28.1)",
        "savesPerGame": 30.3,
        "savesPerGameLast1": 22.0,
        "savesPerGameLast3": 22.0,
        "savesPerGameLast5": 28.0,
        "savesPer60": 29.8,
        "savesPer60Last1": 22.0,
        "savesPer60Last3": 21.8,
        "savesPer60Last5": 27.8,
        "shotsPerGame": 26.7,
        "shotsPerGameLast5": 27.8,
        "shotsAgainstPerGame": 33.9,
        "shotsAgainstPerGameLast5": 31.8,
        "oppSavesAgainstPer60": 28.8,
        "oppSavesAgainstPer60Last1": 19.8,
        "oppSavesAgainstPer60Last3": 27.9,
        "oppSavesAgainstPer60Last5": 28.3,
        "oppShotsAgainstPerGame": 30.8,
        "oppShotsAgainstPerGameLast5": 38.4,
        "savesProj": 29.9,
        "savesProjLast5": 27.0,
        "savesProjLast3": 21.0,
        "oppSavesAgainstProj": 30.6,
        "oppSavesAgainstProjLast5": 28.5,
        "oppSavesAgainstProjLast3": 22.5,
        "totalOver": 43,
        "totalOverLast5": 40,
        "totalOverLast15": 33,
        "lastTotalOver": 0,
        "last5": "27,17,35,23,37,35,29,21,44,22",
        "overOdds": "-110",
        "underOdds": "-120",
        "overUnder": "-110 / -120"
    },
    {
        "player": "Filip Gustavsson",
        "team": "MIN",
        "opponent": "CHI",
        "propType": "sv",
        "line": 22.5,
        "ppLine": "",
        "avg": 27.3,
        "hit": false,
        "diffAvg": 0.21,
        "diffAbs": 0.26,
        "lastAvg": 28.44,
        "diff": 0.26,
        "avgMin": 58,
        "proj": 28.4,
        "lastAvgMin": 58.18,
        "oppOver": 61,
        "teamOver": 76,
        "gameLine": "-340",
        "+/-": 0,
        "L5_+/-": 0,
        "prevMatchup": "2022-10-30 min @ chi 23.0 sv, 2022-12-16 chi @ min 29.0 sv",
        "winLossSplits": "28.91 - 26.27",
        "awayHome": "H",
        "playedYesterday": "N",
        "awayHomeSplits": "28.15 - 26.75",
        "savesAboveExp": 0.594,
        "gsaa": 26.71,
        "corsi": "50.3% (57.7) // 47.8% (55.7) // 47.8% (55.6) // 47.2% (56.2)",
        "fenwick": "51.3% (43.6) // 49.6% (43.9) // 48.6% (44.7) // 49.0% (44.8)",
        "shots": "50.5% (30.7) // 47.1% (30.8) // 45.3% (30.8) // 44.1% (29.4)",
        "scoring": "51.0% (28.5) // 50.3% (28.3) // 49.1% (26.9) // 48.5% (26.5)",
        "corsiAgainst": "49.7% (57.1) // 52.2% (60.9) // 52.2% (60.8) // 52.8% (62.9)",
        "fenwickAgainst": "48.7% (41.4) // 50.4% (44.7) // 51.4% (47.2) // 51.0% (46.7)",
        "shotsAgainst": "49.5% (30.1) // 52.9% (34.6) // 54.7% (37.2) // 55.9% (37.3)",
        "scoringAgainst": "49.0% (27.3) // 49.7% (28.0) // 50.9% (27.9) // 51.5% (28.1)",
        "oppCorsi": "44.1% (48.6) // 44.5% (48.1) // 50.7% (56.5) // 48.7% (54.5)",
        "oppFenwick": "44.3% (36.6) // 44.4% (37.0) // 49.9% (41.5) // 48.5% (40.5)",
        "oppShots": "44.1% (26.4) // 42.9% (25.4) // 48.5% (27.5) // 47.8% (27.5)",
        "oppScoring": "41.4% (23.3) // 41.1% (22.9) // 42.9% (23.2) // 37.4% (21.5)",
        "oppCorsiAgainst": "55.9% (61.7) // 55.5% (59.9) // 49.3% (55.0) // 51.3% (57.5)",
        "oppFenwickAgainst": "55.7% (46.1) // 55.6% (46.4) // 50.1% (41.8) // 51.5% (43.0)",
        "oppShotsAgainst": "55.9% (33.5) // 57.1% (33.8) // 51.5% (29.2) // 52.2% (30.0)",
        "oppScoringAgainst": "58.6% (33.0) // 58.9% (32.9) // 57.1% (31.0) // 62.6% (36.0)",
        "savesPerGame": 28.1,
        "savesPerGameLast1": 30.0,
        "savesPerGameLast3": 36.7,
        "savesPerGameLast5": 34.8,
        "savesPer60": 28.4,
        "savesPer60Last1": 32.2,
        "savesPer60Last3": 38.4,
        "savesPer60Last5": 35.6,
        "shotsPerGame": 31.4,
        "shotsPerGameLast5": 31.8,
        "shotsAgainstPerGame": 30.8,
        "shotsAgainstPerGameLast5": 38.4,
        "oppSavesAgainstPer60": 24.3,
        "oppSavesAgainstPer60Last1": 26.9,
        "oppSavesAgainstPer60Last3": 28.7,
        "oppSavesAgainstPer60Last5": 25.6,
        "oppShotsAgainstPerGame": 33.9,
        "oppShotsAgainstPerGameLast5": 31.8,
        "savesProj": 23.1,
        "savesProjLast5": 30.6,
        "savesProjLast3": 36.9,
        "oppSavesAgainstProj": 24.5,
        "oppSavesAgainstProjLast5": 31.5,
        "oppSavesAgainstProjLast3": 36.3,
        "totalOver": 70,
        "totalOverLast5": 80,
        "totalOverLast15": 73,
        "lastTotalOver": 78,
        "last5": "47,33,18,26,31,39,22,33,23,29",
        "overOdds": "-130",
        "underOdds": "+100",
        "overUnder": "-130 / +100"
    },
    {
        "player": "Sam Montembeault",
        "team": "MTL",
        "opponent": "CBJ",
        "propType": "sv",
        "line": 28.5,
        "ppLine": "",
        "avg": 30.58,
        "hit": false,
        "diffAvg": 0.07,
        "diffAbs": 0.05,
        "lastAvg": 26.37,
        "diff": -0.07,
        "avgMin": 58,
        "proj": 29.9,
        "lastAvgMin": 51.12,
        "oppOver": 44,
        "teamOver": 60,
        "gameLine": "-155",
        "+/-": 0,
        "L5_+/-": 0,
        "prevMatchup": "2022-11-17 mtl @ cbj 23.0 sv, 2022-11-23 mtl @ cbj 30.0 sv",
        "winLossSplits": "33.09 - 30.6",
        "awayHome": "H",
        "playedYesterday": "N",
        "awayHomeSplits": "32.05 - 28.31",
        "savesAboveExp": 0.061,
        "gsaa": 0.89,
        "corsi": "44.6% (50.9) // 41.2% (47.3) // 42.6% (46.2) // 50.7% (52.0)",
        "fenwick": "44.6% (37.1) // 42.3% (34.9) // 46.0% (39.0) // 54.8% (43.0)",
        "shots": "44.7% (27.1) // 41.2% (24.1) // 42.7% (25.5) // 48.6% (25.5)",
        "scoring": "42.6% (25.2) // 38.9% (21.9) // 40.4% (21.5) // 47.7% (26.0)",
        "corsiAgainst": "55.4% (63.3) // 58.8% (67.6) // 57.4% (62.3) // 49.3% (50.5)",
        "fenwickAgainst": "55.4% (46.0) // 57.7% (47.6) // 54.0% (45.8) // 45.2% (35.5)",
        "shotsAgainst": "55.3% (33.5) // 58.8% (34.4) // 57.3% (34.2) // 51.4% (27.0)",
        "scoringAgainst": "57.4% (34.0) // 61.1% (34.5) // 59.6% (31.8) // 52.3% (28.5)",
        "oppCorsi": "46.1% (55.9) // 46.8% (60.0) // 48.5% (62.7) // 46.7% (59.9)",
        "oppFenwick": "46.0% (41.6) // 46.8% (45.0) // 47.4% (45.9) // 45.4% (43.5)",
        "oppShots": "45.8% (29.6) // 47.6% (32.7) // 48.0% (34.6) // 47.0% (33.7)",
        "oppScoring": "45.3% (27.3) // 45.8% (31.9) // 47.3% (33.0) // 46.9% (32.4)",
        "oppCorsiAgainst": "53.9% (65.4) // 53.2% (68.2) // 51.5% (66.6) // 53.3% (68.4)",
        "oppFenwickAgainst": "54.0% (48.8) // 53.2% (51.2) // 52.6% (51.0) // 54.6% (52.3)",
        "oppShotsAgainst": "54.2% (35.0) // 52.4% (36.1) // 52.0% (37.6) // 53.0% (38.0)",
        "oppScoringAgainst": "54.7% (33.0) // 54.2% (37.8) // 52.7% (36.8) // 53.1% (36.6)",
        "savesPerGame": 30.2,
        "savesPerGameLast1": 17.0,
        "savesPerGameLast3": 28.0,
        "savesPerGameLast5": 31.2,
        "savesPer60": 30.2,
        "savesPer60Last1": 16.4,
        "savesPer60Last3": 27.6,
        "savesPer60Last5": 30.9,
        "shotsPerGame": 27.4,
        "shotsPerGameLast5": 24.8,
        "shotsAgainstPerGame": 33.9,
        "shotsAgainstPerGameLast5": 36.0,
        "oppSavesAgainstPer60": 27.1,
        "oppSavesAgainstPer60Last1": 21.9,
        "oppSavesAgainstPer60Last3": 30.0,
        "oppSavesAgainstPer60Last5": 31.3,
        "oppShotsAgainstPerGame": 35.3,
        "oppShotsAgainstPerGameLast5": 38.0,
        "savesProj": 26.2,
        "savesProjLast5": 30.8,
        "savesProjLast3": 26.2,
        "oppSavesAgainstProj": 28.9,
        "oppSavesAgainstProjLast5": 32.3,
        "oppSavesAgainstProjLast3": 29.2,
        "totalOver": 61,
        "totalOverLast5": 60,
        "totalOverLast15": 60,
        "lastTotalOver": 51,
        "last5": "31,36,21,39,16,30,30,17,38,35",
        "overOdds": "-115",
        "underOdds": "-115",
        "overUnder": "-115 / -115"
    },
    {
        "player": "Thatcher Demko",
        "team": "VAN",
        "opponent": "DAL",
        "propType": "sv",
        "line": 28.5,
        "ppLine": "",
        "avg": 27.64,
        "hit": false,
        "diffAvg": -0.03,
        "diffAbs": 0.02,
        "lastAvg": 27.68,
        "diff": -0.03,
        "avgMin": 58,
        "proj": 27.8,
        "lastAvgMin": 57.82,
        "oppOver": 51,
        "teamOver": 45,
        "gameLine": "+165",
        "+/-": 0,
        "L5_+/-": 0,
        "prevMatchup": "2023-02-27 van @ dal 34.0 sv, 2023-03-14 dal @ van 25.0 sv",
        "winLossSplits": "28.51 - 29.36",
        "awayHome": "A",
        "playedYesterday": "N",
        "awayHomeSplits": "28.73 - 26.79",
        "savesAboveExp": -0.786,
        "gsaa": -5.99,
        "corsi": "49.5% (54.7) // 49.5% (52.3) // 51.5% (54.5) // 56.7% (56.3)",
        "fenwick": "49.3% (41.1) // 50.6% (40.2) // 52.1% (41.9) // 56.6% (42.7)",
        "shots": "49.6% (29.7) // 50.9% (27.4) // 52.2% (28.1) // 59.8% (31.7)",
        "scoring": "49.4% (28.8) // 52.2% (28.4) // 53.5% (28.3) // 58.5% (29.7)",
        "corsiAgainst": "50.5% (55.9) // 50.5% (53.4) // 48.5% (51.3) // 43.3% (43.0)",
        "fenwickAgainst": "50.7% (42.3) // 49.4% (39.3) // 47.9% (38.6) // 43.4% (32.7)",
        "shotsAgainst": "50.4% (30.2) // 49.1% (26.4) // 47.8% (25.8) // 40.2% (21.3)",
        "scoringAgainst": "50.6% (29.5) // 47.8% (26.1) // 46.5% (24.6) // 41.5% (21.0)",
        "oppCorsi": "51.4% (60.5) // 49.9% (56.2) // 45.7% (52.8) // 46.3% (58.1)",
        "oppFenwick": "50.8% (44.1) // 48.9% (42.0) // 43.7% (38.2) // 44.5% (41.8)",
        "oppShots": "51.1% (31.8) // 49.4% (30.4) // 45.4% (27.7) // 47.3% (30.5)",
        "oppScoring": "52.8% (31.7) // 51.2% (30.4) // 48.0% (31.9) // 47.1% (32.5)",
        "oppCorsiAgainst": "48.6% (57.1) // 50.1% (56.5) // 54.3% (62.8) // 53.7% (67.5)",
        "oppFenwickAgainst": "49.2% (42.8) // 51.1% (44.0) // 56.3% (49.1) // 55.5% (52.2)",
        "oppShotsAgainst": "48.9% (30.5) // 50.6% (31.2) // 54.6% (33.3) // 52.7% (34.0)",
        "oppScoringAgainst": "47.2% (28.3) // 48.8% (28.9) // 52.0% (34.5) // 52.9% (36.4)",
        "savesPerGame": 27.0,
        "savesPerGameLast1": 17.0,
        "savesPerGameLast3": 19.0,
        "savesPerGameLast5": 23.8,
        "savesPer60": 27.0,
        "savesPer60Last1": 16.9,
        "savesPer60Last3": 18.7,
        "savesPer60Last5": 23.8,
        "shotsPerGame": 30.2,
        "shotsPerGameLast5": 28.6,
        "shotsAgainstPerGame": 30.7,
        "shotsAgainstPerGameLast5": 26.2,
        "oppSavesAgainstPer60": 28.6,
        "oppSavesAgainstPer60Last1": 32.5,
        "oppSavesAgainstPer60Last3": 25.6,
        "oppSavesAgainstPer60Last5": 25.1,
        "oppShotsAgainstPerGame": 30.9,
        "oppShotsAgainstPerGameLast5": 31.2,
        "savesProj": 27.1,
        "savesProjLast5": 20.9,
        "savesProjLast3": 16.5,
        "oppSavesAgainstProj": 27.3,
        "oppSavesAgainstProjLast5": 22.2,
        "oppSavesAgainstProjLast3": 17.7,
        "totalOver": 44,
        "totalOverLast5": 20,
        "totalOverLast15": 47,
        "lastTotalOver": 51,
        "last5": "17,23,38,24,25,18,20,36,34,34",
        "overOdds": "-110",
        "underOdds": "-120",
        "overUnder": "-110 / -120"
    },
    {
        "player": "Matt Murray",
        "team": "TOR",
        "opponent": "CAR",
        "propType": "sv",
        "line": 30.5,
        "ppLine": "",
        "avg": 27.46,
        "hit": false,
        "diffAvg": -0.1,
        "diffAbs": 0.07,
        "lastAvg": 29.0,
        "diff": -0.05,
        "avgMin": 58,
        "proj": 28.5,
        "lastAvgMin": 59.07,
        "oppOver": 53,
        "teamOver": 20,
        "gameLine": "+125",
        "+/-": 0,
        "L5_+/-": 0,
        "prevMatchup": "2022-11-06 tor @ car 29.0 sv, 2023-03-17 car @ tor 32.0 sv",
        "winLossSplits": "30.31 - 23.45",
        "awayHome": "A",
        "playedYesterday": "N",
        "awayHomeSplits": "30.2 - 22.89",
        "savesAboveExp": 0.484,
        "gsaa": 1.7,
        "corsi": "50.6% (57.1) // 46.1% (51.6) // 42.6% (48.8) // 54.5% (61.0)",
        "fenwick": "51.4% (43.4) // 46.6% (39.0) // 41.1% (34.5) // 51.2% (42.5)",
        "shots": "51.9% (31.4) // 47.5% (28.2) // 41.1% (24.2) // 45.8% (27.0)",
        "scoring": "53.5% (33.1) // 48.6% (28.8) // 45.2% (26.3) // 56.5% (32.5)",
        "corsiAgainst": "49.4% (55.7) // 53.9% (60.3) // 57.4% (65.8) // 45.5% (51.0)",
        "fenwickAgainst": "48.6% (41.0) // 53.4% (44.7) // 58.9% (49.4) // 48.8% (40.5)",
        "shotsAgainst": "48.1% (29.1) // 52.5% (31.2) // 58.9% (34.6) // 54.2% (32.0)",
        "scoringAgainst": "46.5% (28.7) // 51.4% (30.5) // 54.8% (31.9) // 43.5% (25.0)",
        "oppCorsi": "60.0% (67.4) // 62.8% (67.8) // 62.7% (69.1) // 61.6% (63.5)",
        "oppFenwick": "59.3% (50.8) // 61.1% (49.7) // 59.8% (50.4) // 59.8% (47.5)",
        "oppShots": "57.5% (34.4) // 58.9% (33.0) // 56.9% (34.2) // 59.5% (34.5)",
        "oppScoring": "59.0% (33.5) // 58.1% (30.5) // 53.9% (29.2) // 52.0% (25.5)",
        "oppCorsiAgainst": "40.0% (44.9) // 37.2% (40.2) // 37.3% (41.2) // 38.4% (39.5)",
        "oppFenwickAgainst": "40.7% (34.8) // 38.9% (31.6) // 40.2% (33.9) // 40.2% (32.0)",
        "oppShotsAgainst": "42.5% (25.4) // 41.1% (23.0) // 43.1% (25.9) // 40.5% (23.5)",
        "oppScoringAgainst": "41.0% (23.3) // 41.9% (22.0) // 46.1% (25.0) // 48.0% (23.5)",
        "savesPerGame": 26.6,
        "savesPerGameLast1": 33.0,
        "savesPerGameLast3": 34.3,
        "savesPerGameLast5": 32.6,
        "savesPer60": 26.6,
        "savesPer60Last1": 33.0,
        "savesPer60Last3": 35.2,
        "savesPer60Last5": 33.6,
        "shotsPerGame": 31.6,
        "shotsPerGameLast5": 25.0,
        "shotsAgainstPerGame": 29.4,
        "shotsAgainstPerGameLast5": 35.8,
        "oppSavesAgainstPer60": 31.7,
        "oppSavesAgainstPer60Last1": 29.0,
        "oppSavesAgainstPer60Last3": 31.5,
        "oppSavesAgainstPer60Last5": 29.2,
        "oppShotsAgainstPerGame": 25.8,
        "oppShotsAgainstPerGameLast5": 25.6,
        "savesProj": 35.9,
        "savesProjLast5": 41.9,
        "savesProjLast3": 47.1,
        "oppSavesAgainstProj": 30.0,
        "oppSavesAgainstProjLast5": 31.0,
        "oppSavesAgainstProjLast3": 35.4,
        "totalOver": 38,
        "totalOverLast5": 40,
        "totalOverLast15": 27,
        "lastTotalOver": 42,
        "last5": "33,48,25,22,20,4,30,32,34,21",
        "overOdds": "-120",
        "underOdds": "-110",
        "overUnder": "-120 / -110"
    },
    {
        "player": "Pyotr Kochetkov",
        "team": "CAR",
        "opponent": "TOR",
        "propType": "sv",
        "line": 23.5,
        "ppLine": "",
        "avg": 23.27,
        "hit": false,
        "diffAvg": -0.01,
        "diffAbs": 1.0,
        "lastAvg": 0,
        "diff": 0,
        "avgMin": 58,
        "proj": 0.0,
        "lastAvgMin": 0,
        "oppOver": 75,
        "teamOver": 47,
        "gameLine": "-145",
        "+/-": 0,
        "L5_+/-": 0,
        "prevMatchup": "2022-11-06 tor @ car 18.0 sv, 2023-03-17 car @ tor 19.0 sv",
        "winLossSplits": "24.92 - 23.11",
        "awayHome": "H",
        "playedYesterday": "N",
        "awayHomeSplits": "23.69 - 22.67",
        "savesAboveExp": 0.627,
        "gsaa": 2.97,
        "corsi": "60.0% (67.4) // 62.8% (67.8) // 62.7% (69.1) // 61.6% (63.5)",
        "fenwick": "59.3% (50.8) // 61.1% (49.7) // 59.8% (50.4) // 59.8% (47.5)",
        "shots": "57.5% (34.4) // 58.9% (33.0) // 56.9% (34.2) // 59.5% (34.5)",
        "scoring": "59.0% (33.5) // 58.1% (30.5) // 53.9% (29.2) // 52.0% (25.5)",
        "corsiAgainst": "40.0% (44.9) // 37.2% (40.2) // 37.3% (41.2) // 38.4% (39.5)",
        "fenwickAgainst": "40.7% (34.8) // 38.9% (31.6) // 40.2% (33.9) // 40.2% (32.0)",
        "shotsAgainst": "42.5% (25.4) // 41.1% (23.0) // 43.1% (25.9) // 40.5% (23.5)",
        "scoringAgainst": "41.0% (23.3) // 41.9% (22.0) // 46.1% (25.0) // 48.0% (23.5)",
        "oppCorsi": "50.6% (57.1) // 46.1% (51.6) // 42.6% (48.8) // 54.5% (61.0)",
        "oppFenwick": "51.4% (43.4) // 46.6% (39.0) // 41.1% (34.5) // 51.2% (42.5)",
        "oppShots": "51.9% (31.4) // 47.5% (28.2) // 41.1% (24.2) // 45.8% (27.0)",
        "oppScoring": "53.5% (33.1) // 48.6% (28.8) // 45.2% (26.3) // 56.5% (32.5)",
        "oppCorsiAgainst": "49.4% (55.7) // 53.9% (60.3) // 57.4% (65.8) // 45.5% (51.0)",
        "oppFenwickAgainst": "48.6% (41.0) // 53.4% (44.7) // 58.9% (49.4) // 48.8% (40.5)",
        "oppShotsAgainst": "48.1% (29.1) // 52.5% (31.2) // 58.9% (34.6) // 54.2% (32.0)",
        "oppScoringAgainst": "46.5% (28.7) // 51.4% (30.5) // 54.8% (31.9) // 43.5% (25.0)",
        "savesPerGame": 23.2,
        "savesPerGameLast1": 14.0,
        "savesPerGameLast3": 24.0,
        "savesPerGameLast5": 22.4,
        "savesPer60": 23.4,
        "savesPer60Last1": 13.5,
        "savesPer60Last3": 23.5,
        "savesPer60Last5": 22.1,
        "shotsPerGame": 34.9,
        "shotsPerGameLast5": 32.4,
        "shotsAgainstPerGame": 25.8,
        "shotsAgainstPerGameLast5": 25.6,
        "oppSavesAgainstPer60": 28.0,
        "oppSavesAgainstPer60Last1": 21.0,
        "oppSavesAgainstPer60Last3": 24.0,
        "oppSavesAgainstPer60Last5": 21.6,
        "oppShotsAgainstPerGame": 29.4,
        "oppShotsAgainstPerGameLast5": 35.8,
        "savesProj": 24.7,
        "savesProjLast5": 17.8,
        "savesProjLast3": 20.9,
        "oppSavesAgainstProj": 23.1,
        "oppSavesAgainstProjLast5": 17.5,
        "oppSavesAgainstProjLast3": 20.9,
        "totalOver": 41,
        "totalOverLast5": 20,
        "totalOverLast15": 40,
        "lastTotalOver": 43,
        "last5": "19,20,19,29,18,20,26,37,23,15",
        "overOdds": "-125",
        "underOdds": "-105",
        "overUnder": "-125 / -105"
    },
    {
        "player": "Casey Desmith",
        "team": "PIT",
        "opponent": "WSH",
        "propType": "sv",
        "line": 27.5,
        "ppLine": "",
        "avg": 26.82,
        "hit": false,
        "diffAvg": -0.02,
        "diffAbs": 0.08,
        "lastAvg": 26.04,
        "diff": -0.05,
        "avgMin": 53,
        "proj": 25.3,
        "lastAvgMin": 54.53,
        "oppOver": 49,
        "teamOver": 57,
        "gameLine": "+115",
        "+/-": 0,
        "L5_+/-": 0,
        "prevMatchup": "2022-11-09 pit @ wsh 24.0 sv, 2023-01-26 pit @ wsh 43.0 sv",
        "winLossSplits": "28.53 - 30.15",
        "awayHome": "H",
        "playedYesterday": "N",
        "awayHomeSplits": "27.11 - 26.43",
        "savesAboveExp": 0.063,
        "gsaa": 2.76,
        "corsi": "51.9% (63.1) // 57.1% (72.9) // 57.6% (75.0) // 59.3% (83.0)",
        "fenwick": "51.7% (47.1) // 58.2% (53.9) // 58.3% (55.4) // 60.3% (61.3)",
        "shots": "51.0% (34.1) // 58.4% (39.0) // 58.4% (40.2) // 61.8% (45.3)",
        "scoring": "52.5% (33.2) // 61.0% (39.2) // 59.4% (39.8) // 62.4% (43.7)",
        "corsiAgainst": "48.1% (58.6) // 42.9% (54.7) // 42.4% (55.2) // 40.7% (57.0)",
        "fenwickAgainst": "48.3% (44.0) // 41.8% (38.8) // 41.7% (39.6) // 39.7% (40.3)",
        "shotsAgainst": "49.0% (32.8) // 41.6% (27.8) // 41.6% (28.6) // 38.2% (28.0)",
        "scoringAgainst": "47.5% (30.0) // 39.0% (25.0) // 40.6% (27.2) // 37.6% (26.3)",
        "oppCorsi": "50.8% (59.5) // 49.1% (56.5) // 54.0% (62.4) // 50.1% (59.4)",
        "oppFenwick": "50.6% (43.6) // 47.5% (40.6) // 52.5% (45.8) // 49.8% (45.6)",
        "oppShots": "50.8% (31.1) // 47.9% (30.0) // 52.7% (33.9) // 48.6% (33.2)",
        "oppScoring": "50.9% (29.7) // 49.1% (28.2) // 56.4% (31.0) // 54.4% (30.2)",
        "oppCorsiAgainst": "49.2% (57.5) // 50.9% (58.6) // 46.0% (53.2) // 49.9% (59.1)",
        "oppFenwickAgainst": "49.4% (42.6) // 52.5% (44.9) // 47.5% (41.5) // 50.2% (46.0)",
        "oppShotsAgainst": "49.2% (30.2) // 52.1% (32.6) // 47.3% (30.4) // 51.4% (35.1)",
        "oppScoringAgainst": "49.1% (28.6) // 50.9% (29.2) // 43.6% (24.0) // 45.6% (25.3)",
        "savesPerGame": 29.9,
        "savesPerGameLast1": 30.0,
        "savesPerGameLast3": 25.7,
        "savesPerGameLast5": 25.2,
        "savesPer60": 30.0,
        "savesPer60Last1": 29.1,
        "savesPer60Last3": 25.1,
        "savesPer60Last5": 24.7,
        "shotsPerGame": 34.5,
        "shotsPerGameLast5": 40.2,
        "shotsAgainstPerGame": 33.1,
        "shotsAgainstPerGameLast5": 28.6,
        "oppSavesAgainstPer60": 28.4,
        "oppSavesAgainstPer60Last1": 22.4,
        "oppSavesAgainstPer60Last3": 28.8,
        "oppSavesAgainstPer60Last5": 30.5,
        "oppShotsAgainstPerGame": 30.5,
        "oppShotsAgainstPerGameLast5": 31.2,
        "savesProj": 31.1,
        "savesProjLast5": 27.7,
        "savesProjLast3": 26.4,
        "oppSavesAgainstProj": 30.0,
        "oppSavesAgainstProjLast5": 26.5,
        "oppSavesAgainstProjLast3": 25.1,
        "totalOver": 48,
        "totalOverLast5": 40,
        "totalOverLast15": 40,
        "lastTotalOver": 41,
        "last5": "30,5,13,31,15,38,26,14,23,38",
        "overOdds": "-120",
        "underOdds": "-110",
        "overUnder": "-120 / -110"
    },
    {
        "player": "John Gibson",
        "team": "ANA",
        "opponent": "STL",
        "propType": "sv",
        "line": 28.5,
        "ppLine": "",
        "avg": 33.71,
        "hit": false,
        "diffAvg": 0.18,
        "diffAbs": 0.04,
        "lastAvg": 28.37,
        "diff": -0.0,
        "avgMin": 56,
        "proj": 27.5,
        "lastAvgMin": 57.77,
        "oppOver": 30,
        "teamOver": 81,
        "gameLine": "+135",
        "+/-": 0,
        "L5_+/-": 0,
        "prevMatchup": "2022-11-19 ana @ stl 28.0 sv, 2022-11-21 ana @ stl 24.0 sv",
        "winLossSplits": "36.58 - 35.12",
        "awayHome": "H",
        "playedYesterday": "N",
        "awayHomeSplits": "33.48 - 33.92",
        "savesAboveExp": -0.223,
        "gsaa": -4.37,
        "corsi": "43.5% (51.6) // 42.8% (47.1) // 40.9% (46.4) // 39.3% (42.3)",
        "fenwick": "42.5% (38.8) // 41.9% (35.4) // 40.7% (36.0) // 37.3% (32.3)",
        "shots": "42.2% (28.2) // 41.3% (25.0) // 38.4% (23.8) // 33.3% (19.3)",
        "scoring": "41.6% (25.8) // 42.0% (22.2) // 41.7% (23.2) // 38.1% (19.7)",
        "corsiAgainst": "56.5% (66.9) // 57.2% (63.0) // 59.1% (67.2) // 60.7% (65.3)",
        "fenwickAgainst": "57.5% (52.4) // 58.1% (49.2) // 59.3% (52.4) // 62.7% (54.3)",
        "shotsAgainst": "57.8% (38.6) // 58.7% (35.6) // 61.6% (38.2) // 66.7% (38.7)",
        "scoringAgainst": "58.4% (36.3) // 58.0% (30.7) // 58.3% (32.4) // 61.9% (32.0)",
        "oppCorsi": "46.2% (50.5) // 45.0% (48.1) // 41.0% (41.3) // 39.5% (38.3)",
        "oppFenwick": "46.3% (38.6) // 44.8% (36.0) // 42.0% (31.7) // 39.5% (27.9)",
        "oppShots": "46.8% (28.3) // 45.4% (27.2) // 42.5% (23.4) // 39.9% (19.8)",
        "oppScoring": "46.5% (27.4) // 46.3% (26.2) // 42.1% (20.5) // 41.9% (20.1)",
        "oppCorsiAgainst": "53.8% (58.9) // 55.0% (58.9) // 59.0% (59.4) // 60.5% (58.7)",
        "oppFenwickAgainst": "53.7% (44.8) // 55.2% (44.3) // 58.0% (43.7) // 60.5% (42.8)",
        "oppShotsAgainst": "53.2% (32.1) // 54.6% (32.7) // 57.5% (31.7) // 60.1% (29.8)",
        "oppScoringAgainst": "53.5% (31.5) // 53.7% (30.3) // 57.9% (28.1) // 58.1% (27.9)",
        "savesPerGame": 35.1,
        "savesPerGameLast1": 30.0,
        "savesPerGameLast3": 35.3,
        "savesPerGameLast5": 34.2,
        "savesPer60": 35.3,
        "savesPer60Last1": 28.8,
        "savesPer60Last3": 34.5,
        "savesPer60Last5": 33.7,
        "shotsPerGame": 28.5,
        "shotsPerGameLast5": 23.8,
        "shotsAgainstPerGame": 39.1,
        "shotsAgainstPerGameLast5": 38.2,
        "oppSavesAgainstPer60": 25.4,
        "oppSavesAgainstPer60Last1": 17.6,
        "oppSavesAgainstPer60Last3": 17.2,
        "oppSavesAgainstPer60Last5": 19.9,
        "oppShotsAgainstPerGame": 32.4,
        "oppShotsAgainstPerGameLast5": 32.2,
        "savesProj": 31.2,
        "savesProjLast5": 23.4,
        "savesProjLast3": 20.8,
        "oppSavesAgainstProj": 31.5,
        "oppSavesAgainstProjLast5": 24.1,
        "oppSavesAgainstProjLast3": 21.1,
        "totalOver": 76,
        "totalOverLast5": 80,
        "totalOverLast15": 73,
        "lastTotalOver": 47,
        "last5": "38,38,27,31,36,26,26,36,51,41",
        "overOdds": "-110",
        "underOdds": "-120",
        "overUnder": "-110 / -120"
    }
]