[
    {
        "player": "Moritz Seider",
        "team": "DET",
        "opponent": "CAR",
        "propType": "bs",
        "line": 2.5,
        "ppLine": "PP1",
        "avg": 2.42,
        "hit": false,
        "diffAvg": -0.03,
        "diffAbs": 1.0,
        "lastAvg": 0.0,
        "diff": 0,
        "avgMin": 23,
        "proj": 0.0,
        "lastAvgMin": 23.03,
        "oppOver": 0,
        "teamOver": 0,
        "gameLine": "+185",
        "+/-": -5,
        "L5_+/-": "+4.0",
        "prevMatchup": "2022-12-13 2.0 bs",
        "winLossSplits": "2.87 - 2.12",
        "awayHome": "H",
        "playedYesterday": "N",
        "awayHomeSplits": "2.11 - 2.73",
        "savesAboveExp": -0.44,
        "gsaa": -0.27,
        "corsi": "47.5% (52.5) // 52.1% (55.2) // 52.6% (54.3) // 51.1% (58.5)",
        "fenwick": "48.0% (39.2) // 53.1% (41.6) // 50.8% (39.0) // 47.1% (40.0)",
        "shots": "48.6% (28.3) // 53.1% (29.3) // 50.8% (26.4) // 47.0% (27.0)",
        "scoring": "46.1% (25.7) // 49.9% (27.1) // 49.2% (24.4) // 45.1% (25.5)",
        "corsiAgainst": "52.5% (58.0) // 47.9% (50.8) // 47.4% (49.0) // 48.9% (56.0)",
        "fenwickAgainst": "52.0% (42.4) // 46.9% (36.7) // 49.2% (37.8) // 52.9% (45.0)",
        "shotsAgainst": "51.4% (30.0) // 46.9% (25.8) // 49.2% (25.6) // 53.0% (30.5)",
        "scoringAgainst": "53.9% (30.0) // 50.1% (27.2) // 50.8% (25.2) // 54.9% (31.0)",
        "oppCorsi": "59.6% (67.0) // 57.9% (64.3) // 54.0% (59.8) // 49.6% (57.4)",
        "oppFenwick": "59.0% (50.6) // 57.3% (48.7) // 54.3% (46.8) // 51.2% (46.4)",
        "oppShots": "57.1% (34.2) // 53.7% (32.0) // 52.4% (32.5) // 48.2% (31.1)",
        "oppScoring": "58.4% (33.3) // 50.8% (27.9) // 47.7% (27.0) // 45.5% (27.9)",
        "oppCorsiAgainst": "40.4% (45.4) // 42.1% (46.8) // 46.0% (51.0) // 50.4% (58.4)",
        "oppFenwickAgainst": "41.0% (35.2) // 42.7% (36.3) // 45.7% (39.3) // 48.8% (44.1)",
        "oppShotsAgainst": "42.9% (25.7) // 46.3% (27.5) // 47.6% (29.5) // 51.8% (33.4)",
        "oppScoringAgainst": "41.6% (23.7) // 49.2% (27.1) // 52.3% (29.5) // 54.5% (33.4)",
        "savesPerGame": 27.1,
        "savesPerGameLast1": 35.0,
        "savesPerGameLast3": 24.0,
        "savesPerGameLast5": 22.4,
        "savesPer60": 27.2,
        "savesPer60Last1": 35.0,
        "savesPer60Last3": 23.2,
        "savesPer60Last5": 22.3,
        "shotsPerGame": 28.7,
        "shotsPerGameLast5": 26.8,
        "shotsAgainstPerGame": 30.4,
        "shotsAgainstPerGameLast5": 26.0,
        "oppSavesAgainstPer60": 31.7,
        "oppSavesAgainstPer60Last1": 31.0,
        "oppSavesAgainstPer60Last3": 29.5,
        "oppSavesAgainstPer60Last5": 31.2,
        "oppShotsAgainstPerGame": 26.1,
        "oppShotsAgainstPerGameLast5": 30.0,
        "savesProj": 36.1,
        "savesProjLast5": 28.8,
        "savesProjLast3": 28.7,
        "oppSavesAgainstProj": 30.5,
        "oppSavesAgainstProjLast5": 24.6,
        "oppSavesAgainstProjLast3": 25.1,
        "totalOver": 44,
        "totalOverLast5": 20,
        "totalOverLast15": 47,
        "lastTotalOver": 0,
        "last5": "1,0,2,1,3,3,2,4,4,3",
        "overOdds": "+140",
        "underOdds": "-175",
        "overUnder": "+140 / -175"
    },
    {
        "player": "Jaccob Slavin",
        "team": "CAR",
        "opponent": "DET",
        "propType": "bs",
        "line": 1.5,
        "ppLine": "",
        "avg": 1.46,
        "hit": false,
        "diffAvg": -0.03,
        "diffAbs": 1.0,
        "lastAvg": 0.0,
        "diff": 0,
        "avgMin": 22,
        "proj": 0.0,
        "lastAvgMin": 23.52,
        "oppOver": 0,
        "teamOver": 0,
        "gameLine": "-215",
        "+/-": "+13",
        "L5_+/-": -5.0,
        "prevMatchup": "2022-12-13 1.0 bs",
        "winLossSplits": "1.48 - 1.41",
        "awayHome": "A",
        "playedYesterday": "N",
        "awayHomeSplits": "1.34 - 1.57",
        "savesAboveExp": -1.293,
        "gsaa": -7.39,
        "corsi": "59.6% (67.0) // 57.9% (64.3) // 54.0% (59.8) // 49.6% (57.4)",
        "fenwick": "59.0% (50.6) // 57.3% (48.7) // 54.3% (46.8) // 51.2% (46.4)",
        "shots": "57.1% (34.2) // 53.7% (32.0) // 52.4% (32.5) // 48.2% (31.1)",
        "scoring": "58.4% (33.3) // 50.8% (27.9) // 47.7% (27.0) // 45.5% (27.9)",
        "corsiAgainst": "40.4% (45.4) // 42.1% (46.8) // 46.0% (51.0) // 50.4% (58.4)",
        "fenwickAgainst": "41.0% (35.2) // 42.7% (36.3) // 45.7% (39.3) // 48.8% (44.1)",
        "shotsAgainst": "42.9% (25.7) // 46.3% (27.5) // 47.6% (29.5) // 51.8% (33.4)",
        "scoringAgainst": "41.6% (23.7) // 49.2% (27.1) // 52.3% (29.5) // 54.5% (33.4)",
        "oppCorsi": "47.5% (52.5) // 52.1% (55.2) // 52.6% (54.3) // 51.1% (58.5)",
        "oppFenwick": "48.0% (39.2) // 53.1% (41.6) // 50.8% (39.0) // 47.1% (40.0)",
        "oppShots": "48.6% (28.3) // 53.1% (29.3) // 50.8% (26.4) // 47.0% (27.0)",
        "oppScoring": "46.1% (25.7) // 49.9% (27.1) // 49.2% (24.4) // 45.1% (25.5)",
        "oppCorsiAgainst": "52.5% (58.0) // 47.9% (50.8) // 47.4% (49.0) // 48.9% (56.0)",
        "oppFenwickAgainst": "52.0% (42.4) // 46.9% (36.7) // 49.2% (37.8) // 52.9% (45.0)",
        "oppShotsAgainst": "51.4% (30.0) // 46.9% (25.8) // 49.2% (25.6) // 53.0% (30.5)",
        "oppScoringAgainst": "53.9% (30.0) // 50.1% (27.2) // 50.8% (25.2) // 54.9% (31.0)",
        "savesPerGame": 23.5,
        "savesPerGameLast1": 17.0,
        "savesPerGameLast3": 31.0,
        "savesPerGameLast5": 27.2,
        "savesPer60": 23.7,
        "savesPer60Last1": 16.3,
        "savesPer60Last3": 31.5,
        "savesPer60Last5": 27.2,
        "shotsPerGame": 34.8,
        "shotsPerGameLast5": 33.0,
        "shotsAgainstPerGame": 26.1,
        "shotsAgainstPerGameLast5": 30.0,
        "oppSavesAgainstPer60": 25.9,
        "oppSavesAgainstPer60Last1": 18.9,
        "oppSavesAgainstPer60Last3": 25.0,
        "oppSavesAgainstPer60Last5": 24.7,
        "oppShotsAgainstPerGame": 30.4,
        "oppShotsAgainstPerGameLast5": 26.0,
        "savesProj": 22.5,
        "savesProjLast5": 24.0,
        "savesProjLast3": 27.8,
        "oppSavesAgainstProj": 21.7,
        "oppSavesAgainstProjLast5": 23.5,
        "oppSavesAgainstProjLast3": 27.0,
        "totalOver": 39,
        "totalOverLast5": 20,
        "totalOverLast15": 20,
        "lastTotalOver": 0,
        "last5": "0,1,1,2,1,1,0,1,4,1",
        "overOdds": "+140",
        "underOdds": "-175",
        "overUnder": "+140 / -175"
    },
    {
        "player": "Darnell Nurse",
        "team": "EDM",
        "opponent": "LA",
        "propType": "bs",
        "line": 1.5,
        "ppLine": "PP2",
        "avg": 1.99,
        "hit": false,
        "diffAvg": 0.33,
        "diffAbs": 1.0,
        "lastAvg": 0.0,
        "diff": 0,
        "avgMin": 23,
        "proj": 0.0,
        "lastAvgMin": 25.03,
        "oppOver": 0,
        "teamOver": 0,
        "gameLine": "-165",
        "+/-": "+19",
        "L5_+/-": 0.0,
        "prevMatchup": "2023-01-09 1.0 bs 2022-11-16 1.0 bs",
        "winLossSplits": "1.97 - 1.93",
        "awayHome": "H",
        "playedYesterday": "N",
        "awayHomeSplits": "1.89 - 2.08",
        "savesAboveExp": 0.074,
        "gsaa": -4.09,
        "corsi": "52.0% (59.2) // 54.2% (58.1) // 59.9% (65.9) // 56.8% (64.8)",
        "fenwick": "51.4% (44.6) // 53.4% (43.8) // 58.8% (48.6) // 53.8% (44.7)",
        "shots": "51.4% (33.0) // 51.3% (31.0) // 56.7% (35.2) // 52.4% (32.2)",
        "scoring": "53.3% (32.6) // 53.6% (32.9) // 56.8% (37.3) // 51.2% (34.2)",
        "corsiAgainst": "48.0% (54.7) // 45.8% (49.0) // 40.1% (44.1) // 43.2% (49.3)",
        "fenwickAgainst": "48.6% (42.2) // 46.6% (38.2) // 41.2% (34.0) // 46.2% (38.5)",
        "shotsAgainst": "48.6% (31.2) // 48.7% (29.5) // 43.3% (26.8) // 47.6% (29.3)",
        "scoringAgainst": "46.7% (28.6) // 46.4% (28.5) // 43.2% (28.4) // 48.8% (32.6)",
        "oppCorsi": "51.5% (58.8) // 52.4% (58.7) // 48.4% (53.2) // 46.8% (52.7)",
        "oppFenwick": "53.0% (44.4) // 54.6% (45.9) // 52.3% (42.8) // 50.8% (42.7)",
        "oppShots": "53.9% (32.1) // 57.4% (33.8) // 57.4% (33.0) // 53.8% (31.0)",
        "oppScoring": "52.0% (31.5) // 52.4% (31.1) // 50.2% (28.8) // 48.8% (27.7)",
        "oppCorsiAgainst": "48.5% (55.3) // 47.6% (53.3) // 51.6% (56.8) // 53.2% (60.0)",
        "oppFenwickAgainst": "47.0% (39.4) // 45.4% (38.3) // 47.7% (39.0) // 49.2% (41.3)",
        "oppShotsAgainst": "46.1% (27.5) // 42.6% (25.1) // 42.6% (24.5) // 46.2% (26.7)",
        "oppScoringAgainst": "48.0% (29.2) // 47.6% (28.2) // 49.8% (28.5) // 51.2% (29.0)",
        "savesPerGame": 28.2,
        "savesPerGameLast1": 18.0,
        "savesPerGameLast3": 25.7,
        "savesPerGameLast5": 23.8,
        "savesPer60": 28.2,
        "savesPer60Last1": 18.0,
        "savesPer60Last3": 26.0,
        "savesPer60Last5": 24.5,
        "shotsPerGame": 33.3,
        "shotsPerGameLast5": 36.2,
        "shotsAgainstPerGame": 31.5,
        "shotsAgainstPerGameLast5": 27.6,
        "oppSavesAgainstPer60": 29.3,
        "oppSavesAgainstPer60Last1": 31.3,
        "oppSavesAgainstPer60Last3": 27.4,
        "oppSavesAgainstPer60Last5": 30.7,
        "oppShotsAgainstPerGame": 27.9,
        "oppShotsAgainstPerGameLast5": 23.0,
        "savesProj": 33.1,
        "savesProjLast5": 29.5,
        "savesProjLast3": 28.2,
        "oppSavesAgainstProj": 29.4,
        "oppSavesAgainstProjLast5": 28.1,
        "oppSavesAgainstProjLast3": 26.9,
        "totalOver": 52,
        "totalOverLast5": 60,
        "totalOverLast15": 60,
        "lastTotalOver": 0,
        "last5": "2,2,1,3,1,1,2,1,4,3",
        "overOdds": "-185",
        "underOdds": "+150",
        "overUnder": "-185 / +150"
    },
    {
        "player": "Matt Roy",
        "team": "LA",
        "opponent": "EDM",
        "propType": "bs",
        "line": 1.5,
        "ppLine": "",
        "avg": 1.88,
        "hit": false,
        "diffAvg": 0.25,
        "diffAbs": 1.0,
        "lastAvg": 0.0,
        "diff": 0,
        "avgMin": 18,
        "proj": 0.0,
        "lastAvgMin": 20.98,
        "oppOver": 0,
        "teamOver": 0,
        "gameLine": "+140",
        "+/-": "+5",
        "L5_+/-": "+4.0",
        "prevMatchup": "2023-01-09 3.0 bs 2022-11-16 2.0 bs",
        "winLossSplits": "1.9 - 1.64",
        "awayHome": "A",
        "playedYesterday": "N",
        "awayHomeSplits": "1.92 - 1.84",
        "savesAboveExp": 0.118,
        "gsaa": 5.34,
        "corsi": "51.5% (58.8) // 52.4% (58.7) // 48.4% (53.2) // 46.8% (52.7)",
        "fenwick": "53.0% (44.4) // 54.6% (45.9) // 52.3% (42.8) // 50.8% (42.7)",
        "shots": "53.9% (32.1) // 57.4% (33.8) // 57.4% (33.0) // 53.8% (31.0)",
        "scoring": "52.0% (31.5) // 52.4% (31.1) // 50.2% (28.8) // 48.8% (27.7)",
        "corsiAgainst": "48.5% (55.3) // 47.6% (53.3) // 51.6% (56.8) // 53.2% (60.0)",
        "fenwickAgainst": "47.0% (39.4) // 45.4% (38.3) // 47.7% (39.0) // 49.2% (41.3)",
        "shotsAgainst": "46.1% (27.5) // 42.6% (25.1) // 42.6% (24.5) // 46.2% (26.7)",
        "scoringAgainst": "48.0% (29.2) // 47.6% (28.2) // 49.8% (28.5) // 51.2% (29.0)",
        "oppCorsi": "52.0% (59.2) // 54.2% (58.1) // 59.9% (65.9) // 56.8% (64.8)",
        "oppFenwick": "51.4% (44.6) // 53.4% (43.8) // 58.8% (48.6) // 53.8% (44.7)",
        "oppShots": "51.4% (33.0) // 51.3% (31.0) // 56.7% (35.2) // 52.4% (32.2)",
        "oppScoring": "53.3% (32.6) // 53.6% (32.9) // 56.8% (37.3) // 51.2% (34.2)",
        "oppCorsiAgainst": "48.0% (54.7) // 45.8% (49.0) // 40.1% (44.1) // 43.2% (49.3)",
        "oppFenwickAgainst": "48.6% (42.2) // 46.6% (38.2) // 41.2% (34.0) // 46.2% (38.5)",
        "oppShotsAgainst": "48.6% (31.2) // 48.7% (29.5) // 43.3% (26.8) // 47.6% (29.3)",
        "oppScoringAgainst": "46.7% (28.6) // 46.4% (28.5) // 43.2% (28.4) // 48.8% (32.6)",
        "savesPerGame": 24.7,
        "savesPerGameLast1": 30.0,
        "savesPerGameLast3": 23.7,
        "savesPerGameLast5": 20.4,
        "savesPer60": 24.9,
        "savesPer60Last1": 29.2,
        "savesPer60Last3": 23.3,
        "savesPer60Last5": 20.5,
        "shotsPerGame": 32.6,
        "shotsPerGameLast5": 34.4,
        "shotsAgainstPerGame": 27.9,
        "shotsAgainstPerGameLast5": 23.0,
        "oppSavesAgainstPer60": 29.3,
        "oppSavesAgainstPer60Last1": 32.0,
        "oppSavesAgainstPer60Last3": 27.2,
        "oppSavesAgainstPer60Last5": 31.3,
        "oppShotsAgainstPerGame": 31.5,
        "oppShotsAgainstPerGameLast5": 27.6,
        "savesProj": 25.9,
        "savesProjLast5": 22.7,
        "savesProjLast3": 22.9,
        "oppSavesAgainstProj": 25.8,
        "oppSavesAgainstProjLast5": 22.0,
        "oppSavesAgainstProjLast3": 22.4,
        "totalOver": 62,
        "totalOverLast5": 80,
        "totalOverLast15": 60,
        "lastTotalOver": 0,
        "last5": "0,2,3,5,2,2,2,3,4,1",
        "overOdds": "-145",
        "underOdds": "+115",
        "overUnder": "-145 / +115"
    },
    {
        "player": "Alec Martinez",
        "team": "VGK",
        "opponent": "SJ",
        "propType": "bs",
        "line": 2.5,
        "ppLine": "",
        "avg": 3.23,
        "hit": false,
        "diffAvg": 0.29,
        "diffAbs": 1.0,
        "lastAvg": 0.0,
        "diff": 0,
        "avgMin": 19,
        "proj": 0.0,
        "lastAvgMin": 19.53,
        "oppOver": 0,
        "teamOver": 0,
        "gameLine": "-165",
        "+/-": "+24",
        "L5_+/-": "+11.0",
        "prevMatchup": "2023-02-16 2.0 bs 2022-11-15 9.0 bs 2022-10-25 4.0 bs",
        "winLossSplits": "3.37 - 2.93",
        "awayHome": "A",
        "playedYesterday": "N",
        "awayHomeSplits": "3.0 - 3.44",
        "savesAboveExp": -1.142,
        "gsaa": "-",
        "corsi": "48.6% (57.5) // 42.4% (48.9) // 43.8% (53.0) // 43.4% (50.0)",
        "fenwick": "49.8% (42.5) // 43.6% (36.9) // 46.1% (40.1) // 46.5% (38.7)",
        "shots": "50.4% (31.3) // 45.0% (28.1) // 43.9% (28.5) // 44.8% (27.4)",
        "scoring": "49.5% (29.4) // 43.5% (26.9) // 45.3% (30.9) // 47.2% (32.8)",
        "corsiAgainst": "51.4% (60.8) // 57.6% (66.6) // 56.2% (68.1) // 56.6% (65.2)",
        "fenwickAgainst": "50.2% (42.9) // 56.4% (47.7) // 53.9% (46.8) // 53.5% (44.6)",
        "shotsAgainst": "49.6% (30.8) // 55.0% (34.4) // 56.1% (36.4) // 55.2% (33.8)",
        "scoringAgainst": "50.5% (30.0) // 56.5% (35.0) // 54.7% (37.4) // 52.8% (36.8)",
        "oppCorsi": "48.2% (55.8) // 45.1% (53.1) // 41.3% (47.6) // 43.2% (54.5)",
        "oppFenwick": "48.0% (41.0) // 43.1% (37.9) // 40.8% (35.8) // 41.0% (39.0)",
        "oppShots": "48.4% (29.5) // 44.7% (28.5) // 43.8% (27.5) // 46.2% (30.5)",
        "oppScoring": "49.9% (31.8) // 45.2% (30.0) // 38.7% (26.0) // 37.7% (26.0)",
        "oppCorsiAgainst": "51.8% (60.1) // 54.9% (64.6) // 58.7% (67.7) // 56.8% (71.5)",
        "oppFenwickAgainst": "52.0% (44.4) // 56.9% (50.1) // 59.2% (52.0) // 59.0% (56.0)",
        "oppShotsAgainst": "51.6% (31.4) // 55.3% (35.3) // 56.2% (35.3) // 53.8% (35.5)",
        "oppScoringAgainst": "50.1% (31.9) // 54.8% (36.3) // 61.3% (41.2) // 62.3% (43.0)",
        "savesPerGame": 28.4,
        "savesPerGameLast1": 32.0,
        "savesPerGameLast3": 33.7,
        "savesPerGameLast5": 33.4,
        "savesPer60": 28.5,
        "savesPer60Last1": 32.0,
        "savesPer60Last3": 34.1,
        "savesPer60Last5": 33.6,
        "shotsPerGame": 31.7,
        "shotsPerGameLast5": 31.2,
        "shotsAgainstPerGame": 31.2,
        "shotsAgainstPerGameLast5": 36.8,
        "oppSavesAgainstPer60": 27.2,
        "oppSavesAgainstPer60Last1": 27.5,
        "oppSavesAgainstPer60Last3": 24.5,
        "oppSavesAgainstPer60Last5": 26.3,
        "oppShotsAgainstPerGame": 31.9,
        "oppShotsAgainstPerGameLast5": 35.4,
        "savesProj": 27.4,
        "savesProjLast5": 30.8,
        "savesProjLast3": 29.1,
        "oppSavesAgainstProj": 27.6,
        "oppSavesAgainstProjLast5": 30.2,
        "oppSavesAgainstProjLast3": 27.0,
        "totalOver": 61,
        "totalOverLast5": 60,
        "totalOverLast15": 60,
        "lastTotalOver": 0,
        "last5": "3,5,2,6,1,5,2,2,4,5",
        "overOdds": "-120",
        "underOdds": "-110",
        "overUnder": "-120 / -110"
    },
    {
        "player": "Brayden Mcnabb",
        "team": "VGK",
        "opponent": "SJ",
        "propType": "bs",
        "line": 2.5,
        "ppLine": "",
        "avg": 2.39,
        "hit": false,
        "diffAvg": -0.04,
        "diffAbs": 1.0,
        "lastAvg": 0.0,
        "diff": 0,
        "avgMin": 20,
        "proj": 0.0,
        "lastAvgMin": 19.7,
        "oppOver": 0,
        "teamOver": 0,
        "gameLine": "-165",
        "+/-": "+9",
        "L5_+/-": "+1.0",
        "prevMatchup": "2023-02-16 4.0 bs 2022-11-15 1.0 bs",
        "winLossSplits": "2.38 - 2.4",
        "awayHome": "A",
        "playedYesterday": "N",
        "awayHomeSplits": "2.34 - 2.44",
        "savesAboveExp": -1.142,
        "gsaa": "-",
        "corsi": "48.6% (57.5) // 42.4% (48.9) // 43.8% (53.0) // 43.4% (50.0)",
        "fenwick": "49.8% (42.5) // 43.6% (36.9) // 46.1% (40.1) // 46.5% (38.7)",
        "shots": "50.4% (31.3) // 45.0% (28.1) // 43.9% (28.5) // 44.8% (27.4)",
        "scoring": "49.5% (29.4) // 43.5% (26.9) // 45.3% (30.9) // 47.2% (32.8)",
        "corsiAgainst": "51.4% (60.8) // 57.6% (66.6) // 56.2% (68.1) // 56.6% (65.2)",
        "fenwickAgainst": "50.2% (42.9) // 56.4% (47.7) // 53.9% (46.8) // 53.5% (44.6)",
        "shotsAgainst": "49.6% (30.8) // 55.0% (34.4) // 56.1% (36.4) // 55.2% (33.8)",
        "scoringAgainst": "50.5% (30.0) // 56.5% (35.0) // 54.7% (37.4) // 52.8% (36.8)",
        "oppCorsi": "48.2% (55.8) // 45.1% (53.1) // 41.3% (47.6) // 43.2% (54.5)",
        "oppFenwick": "48.0% (41.0) // 43.1% (37.9) // 40.8% (35.8) // 41.0% (39.0)",
        "oppShots": "48.4% (29.5) // 44.7% (28.5) // 43.8% (27.5) // 46.2% (30.5)",
        "oppScoring": "49.9% (31.8) // 45.2% (30.0) // 38.7% (26.0) // 37.7% (26.0)",
        "oppCorsiAgainst": "51.8% (60.1) // 54.9% (64.6) // 58.7% (67.7) // 56.8% (71.5)",
        "oppFenwickAgainst": "52.0% (44.4) // 56.9% (50.1) // 59.2% (52.0) // 59.0% (56.0)",
        "oppShotsAgainst": "51.6% (31.4) // 55.3% (35.3) // 56.2% (35.3) // 53.8% (35.5)",
        "oppScoringAgainst": "50.1% (31.9) // 54.8% (36.3) // 61.3% (41.2) // 62.3% (43.0)",
        "savesPerGame": 28.4,
        "savesPerGameLast1": 32.0,
        "savesPerGameLast3": 33.7,
        "savesPerGameLast5": 33.4,
        "savesPer60": 28.5,
        "savesPer60Last1": 32.0,
        "savesPer60Last3": 34.1,
        "savesPer60Last5": 33.6,
        "shotsPerGame": 31.7,
        "shotsPerGameLast5": 31.2,
        "shotsAgainstPerGame": 31.2,
        "shotsAgainstPerGameLast5": 36.8,
        "oppSavesAgainstPer60": 27.2,
        "oppSavesAgainstPer60Last1": 27.5,
        "oppSavesAgainstPer60Last3": 24.5,
        "oppSavesAgainstPer60Last5": 26.3,
        "oppShotsAgainstPerGame": 31.9,
        "oppShotsAgainstPerGameLast5": 35.4,
        "savesProj": 27.4,
        "savesProjLast5": 30.8,
        "savesProjLast3": 29.1,
        "oppSavesAgainstProj": 27.6,
        "oppSavesAgainstProjLast5": 30.2,
        "oppSavesAgainstProjLast3": 27.0,
        "totalOver": 42,
        "totalOverLast5": 40,
        "totalOverLast15": 47,
        "lastTotalOver": 0,
        "last5": "2,4,4,0,1,0,2,3,3,1",
        "overOdds": "+125",
        "underOdds": "-155",
        "overUnder": "+125 / -155"
    }
]