[
    {
        "player": "Aaron Ekblad",
        "team": "FLA",
        "opponent": "TOR",
        "propType": "ast",
        "line": 0.5,
        "ppLine": "PP2",
        "avg": 0.3,
        "hit": false,
        "diffAvg": -0.4,
        "diffAbs": 0.0,
        "lastAvg": 0.59,
        "diff": 0.18,
        "avgMin": 23,
        "proj": 0.5,
        "lastAvgMin": 24.92,
        "oppOver": 0,
        "teamOver": 0,
        "gameLine": "+125",
        "+/-": -16,
        "L5_+/-": -2.0,
        "prevMatchup": "2023-03-23 0.0 ast 2023-01-17 1.0 ast",
        "winLossSplits": "0.34 - 0.23",
        "awayHome": "A",
        "playedYesterday": "N",
        "awayHomeSplits": "0.32 - 0.28",
        "savesAboveExp": 0.388,
        "gsaa": 9.72,
        "corsi": "54.5% (66.4) // 59.4% (68.7) // 57.8% (66.2) // 55.0% (64.7)",
        "fenwick": "53.9% (50.0) // 57.3% (50.5) // 56.4% (49.2) // 53.8% (47.3)",
        "shots": "53.9% (36.6) // 57.5% (37.5) // 54.8% (34.4) // 51.8% (34.3)",
        "scoring": "54.9% (34.8) // 59.6% (34.4) // 56.3% (32.2) // 53.0% (29.7)",
        "corsiAgainst": "45.5% (55.4) // 40.6% (47.0) // 42.2% (48.4) // 45.0% (53.0)",
        "fenwickAgainst": "46.1% (42.8) // 42.7% (37.6) // 43.6% (38.0) // 46.2% (40.7)",
        "shotsAgainst": "46.1% (31.4) // 42.5% (27.8) // 45.2% (28.4) // 48.2% (32.0)",
        "scoringAgainst": "45.1% (28.6) // 40.4% (23.3) // 43.7% (25.0) // 47.0% (26.3)",
        "oppCorsi": "50.9% (57.4) // 47.8% (53.8) // 57.7% (65.2) // 57.6% (66.7)",
        "oppFenwick": "51.7% (43.7) // 47.7% (40.5) // 56.4% (48.2) // 57.0% (50.3)",
        "oppShots": "52.1% (31.6) // 47.9% (28.9) // 53.0% (33.0) // 54.4% (35.0)",
        "oppScoring": "54.0% (33.4) // 51.8% (30.4) // 63.3% (38.8) // 64.7% (41.0)",
        "oppCorsiAgainst": "49.1% (55.4) // 52.2% (58.7) // 42.3% (47.8) // 42.4% (49.0)",
        "oppFenwickAgainst": "48.3% (40.8) // 52.3% (44.4) // 43.6% (37.2) // 43.0% (38.0)",
        "oppShotsAgainst": "47.9% (29.0) // 52.1% (31.5) // 47.0% (29.2) // 45.6% (29.3)",
        "oppScoringAgainst": "46.0% (28.5) // 48.2% (28.3) // 36.7% (22.5) // 35.3% (22.3)",
        "savesPerGame": 28.2,
        "savesPerGameLast1": 22.0,
        "savesPerGameLast3": 27.0,
        "savesPerGameLast5": 23.8,
        "savesPer60": 28.0,
        "savesPer60Last1": 21.7,
        "savesPer60Last3": 26.4,
        "savesPer60Last5": 23.2,
        "shotsPerGame": 36.9,
        "shotsPerGameLast5": 34.4,
        "shotsAgainstPerGame": 31.6,
        "shotsAgainstPerGameLast5": 28.4,
        "oppSavesAgainstPer60": 28.2,
        "oppSavesAgainstPer60Last1": 31.0,
        "oppSavesAgainstPer60Last3": 31.4,
        "oppSavesAgainstPer60Last5": 28.8,
        "oppShotsAgainstPerGame": 29.3,
        "oppShotsAgainstPerGameLast5": 33.8,
        "savesProj": 30.0,
        "savesProjLast5": 25.0,
        "savesProjLast3": 30.9,
        "oppSavesAgainstProj": 28.5,
        "oppSavesAgainstProjLast5": 24.6,
        "oppSavesAgainstProjLast3": 29.4,
        "totalOver": 24,
        "totalOverLast5": 20,
        "totalOverLast15": 7,
        "lastTotalOver": 41,
        "last5": "1,0,0,0,0,0,0,0,0,0",
        "overOdds": "+250",
        "underOdds": "-320",
        "overUnder": "+250 / -320"
    },
    {
        "player": "Aleksander Barkov",
        "team": "FLA",
        "opponent": "TOR",
        "propType": "ast",
        "line": 0.5,
        "ppLine": "PP1",
        "avg": 0.77,
        "hit": false,
        "diffAvg": 0.54,
        "diffAbs": 0.4,
        "lastAvg": 0.64,
        "diff": 0.28,
        "avgMin": 21,
        "proj": 0.7,
        "lastAvgMin": 20.3,
        "oppOver": 0,
        "teamOver": 0,
        "gameLine": "+125",
        "+/-": "+4",
        "L5_+/-": -1.0,
        "prevMatchup": "2023-03-23 1.0 ast 2023-01-17 1.0 ast",
        "winLossSplits": "1.12 - 0.47",
        "awayHome": "A",
        "playedYesterday": "N",
        "awayHomeSplits": "0.66 - 0.87",
        "savesAboveExp": 0.388,
        "gsaa": 9.72,
        "corsi": "54.5% (66.4) // 59.4% (68.7) // 57.8% (66.2) // 55.0% (64.7)",
        "fenwick": "53.9% (50.0) // 57.3% (50.5) // 56.4% (49.2) // 53.8% (47.3)",
        "shots": "53.9% (36.6) // 57.5% (37.5) // 54.8% (34.4) // 51.8% (34.3)",
        "scoring": "54.9% (34.8) // 59.6% (34.4) // 56.3% (32.2) // 53.0% (29.7)",
        "corsiAgainst": "45.5% (55.4) // 40.6% (47.0) // 42.2% (48.4) // 45.0% (53.0)",
        "fenwickAgainst": "46.1% (42.8) // 42.7% (37.6) // 43.6% (38.0) // 46.2% (40.7)",
        "shotsAgainst": "46.1% (31.4) // 42.5% (27.8) // 45.2% (28.4) // 48.2% (32.0)",
        "scoringAgainst": "45.1% (28.6) // 40.4% (23.3) // 43.7% (25.0) // 47.0% (26.3)",
        "oppCorsi": "50.9% (57.4) // 47.8% (53.8) // 57.7% (65.2) // 57.6% (66.7)",
        "oppFenwick": "51.7% (43.7) // 47.7% (40.5) // 56.4% (48.2) // 57.0% (50.3)",
        "oppShots": "52.1% (31.6) // 47.9% (28.9) // 53.0% (33.0) // 54.4% (35.0)",
        "oppScoring": "54.0% (33.4) // 51.8% (30.4) // 63.3% (38.8) // 64.7% (41.0)",
        "oppCorsiAgainst": "49.1% (55.4) // 52.2% (58.7) // 42.3% (47.8) // 42.4% (49.0)",
        "oppFenwickAgainst": "48.3% (40.8) // 52.3% (44.4) // 43.6% (37.2) // 43.0% (38.0)",
        "oppShotsAgainst": "47.9% (29.0) // 52.1% (31.5) // 47.0% (29.2) // 45.6% (29.3)",
        "oppScoringAgainst": "46.0% (28.5) // 48.2% (28.3) // 36.7% (22.5) // 35.3% (22.3)",
        "savesPerGame": 28.2,
        "savesPerGameLast1": 22.0,
        "savesPerGameLast3": 27.0,
        "savesPerGameLast5": 23.8,
        "savesPer60": 28.0,
        "savesPer60Last1": 21.7,
        "savesPer60Last3": 26.4,
        "savesPer60Last5": 23.2,
        "shotsPerGame": 36.9,
        "shotsPerGameLast5": 34.4,
        "shotsAgainstPerGame": 31.6,
        "shotsAgainstPerGameLast5": 28.4,
        "oppSavesAgainstPer60": 28.2,
        "oppSavesAgainstPer60Last1": 31.0,
        "oppSavesAgainstPer60Last3": 31.4,
        "oppSavesAgainstPer60Last5": 28.8,
        "oppShotsAgainstPerGame": 29.3,
        "oppShotsAgainstPerGameLast5": 33.8,
        "savesProj": 30.0,
        "savesProjLast5": 25.0,
        "savesProjLast3": 30.9,
        "oppSavesAgainstProj": 28.5,
        "oppSavesAgainstProjLast5": 24.6,
        "oppSavesAgainstProjLast3": 29.4,
        "totalOver": 53,
        "totalOverLast5": 60,
        "totalOverLast15": 60,
        "lastTotalOver": 50,
        "last5": "0,0,1,2,1,1,2,2,1,0",
        "overOdds": "-140",
        "underOdds": "+110",
        "overUnder": "-140 / +110"
    },
    {
        "player": "Auston Matthews",
        "team": "TOR",
        "opponent": "FLA",
        "propType": "ast",
        "line": 0.5,
        "ppLine": "PP1",
        "avg": 0.62,
        "hit": false,
        "diffAvg": 0.24,
        "diffAbs": 0.2,
        "lastAvg": 0.57,
        "diff": 0.14,
        "avgMin": 20,
        "proj": 0.6,
        "lastAvgMin": 20.6,
        "oppOver": 0,
        "teamOver": 0,
        "gameLine": "-145",
        "+/-": "+31",
        "L5_+/-": "+9.0",
        "prevMatchup": "2023-03-23 0.0 ast 2023-01-17 0.0 ast",
        "winLossSplits": "0.76 - 0.42",
        "awayHome": "H",
        "playedYesterday": "N",
        "awayHomeSplits": "0.65 - 0.59",
        "savesAboveExp": -0.102,
        "gsaa": -4.33,
        "corsi": "50.9% (57.4) // 47.8% (53.8) // 57.7% (65.2) // 57.6% (66.7)",
        "fenwick": "51.7% (43.7) // 47.7% (40.5) // 56.4% (48.2) // 57.0% (50.3)",
        "shots": "52.1% (31.6) // 47.9% (28.9) // 53.0% (33.0) // 54.4% (35.0)",
        "scoring": "54.0% (33.4) // 51.8% (30.4) // 63.3% (38.8) // 64.7% (41.0)",
        "corsiAgainst": "49.1% (55.4) // 52.2% (58.7) // 42.3% (47.8) // 42.4% (49.0)",
        "fenwickAgainst": "48.3% (40.8) // 52.3% (44.4) // 43.6% (37.2) // 43.0% (38.0)",
        "shotsAgainst": "47.9% (29.0) // 52.1% (31.5) // 47.0% (29.2) // 45.6% (29.3)",
        "scoringAgainst": "46.0% (28.5) // 48.2% (28.3) // 36.7% (22.5) // 35.3% (22.3)",
        "oppCorsi": "54.5% (66.4) // 59.4% (68.7) // 57.8% (66.2) // 55.0% (64.7)",
        "oppFenwick": "53.9% (50.0) // 57.3% (50.5) // 56.4% (49.2) // 53.8% (47.3)",
        "oppShots": "53.9% (36.6) // 57.5% (37.5) // 54.8% (34.4) // 51.8% (34.3)",
        "oppScoring": "54.9% (34.8) // 59.6% (34.4) // 56.3% (32.2) // 53.0% (29.7)",
        "oppCorsiAgainst": "45.5% (55.4) // 40.6% (47.0) // 42.2% (48.4) // 45.0% (53.0)",
        "oppFenwickAgainst": "46.1% (42.8) // 42.7% (37.6) // 43.6% (38.0) // 46.2% (40.7)",
        "oppShotsAgainst": "46.1% (31.4) // 42.5% (27.8) // 45.2% (28.4) // 48.2% (32.0)",
        "oppScoringAgainst": "45.1% (28.6) // 40.4% (23.3) // 43.7% (25.0) // 47.0% (26.3)",
        "savesPerGame": 26.5,
        "savesPerGameLast1": 23.0,
        "savesPerGameLast3": 26.3,
        "savesPerGameLast5": 29.8,
        "savesPer60": 26.5,
        "savesPer60Last1": 23.0,
        "savesPer60Last3": 26.1,
        "savesPer60Last5": 30.1,
        "shotsPerGame": 31.8,
        "shotsPerGameLast5": 32.2,
        "shotsAgainstPerGame": 29.3,
        "shotsAgainstPerGameLast5": 33.8,
        "oppSavesAgainstPer60": 33.3,
        "oppSavesAgainstPer60Last1": 32.9,
        "oppSavesAgainstPer60Last3": 31.8,
        "oppSavesAgainstPer60Last5": 31.3,
        "oppShotsAgainstPerGame": 31.6,
        "oppShotsAgainstPerGameLast5": 28.4,
        "savesProj": 31.7,
        "savesProjLast5": 33.7,
        "savesProjLast3": 29.8,
        "oppSavesAgainstProj": 31.4,
        "oppSavesAgainstProjLast5": 31.1,
        "oppSavesAgainstProjLast3": 27.2,
        "totalOver": 48,
        "totalOverLast5": 60,
        "totalOverLast15": 47,
        "lastTotalOver": 47,
        "last5": "2,0,0,1,2,0,0,2,1,0",
        "overOdds": "-130",
        "underOdds": "+100",
        "overUnder": "-130 / +100"
    },
    {
        "player": "Brandon Montour",
        "team": "FLA",
        "opponent": "TOR",
        "propType": "ast",
        "line": 0.5,
        "ppLine": "PP1",
        "avg": 0.67,
        "hit": false,
        "diffAvg": 0.34,
        "diffAbs": 0.2,
        "lastAvg": 0.29,
        "diff": -0.42,
        "avgMin": 24,
        "proj": 0.4,
        "lastAvgMin": 17.88,
        "oppOver": 0,
        "teamOver": 0,
        "gameLine": "+125",
        "+/-": "+4",
        "L5_+/-": -1.0,
        "prevMatchup": "2023-03-23 1.0 ast 2023-01-17 1.0 ast",
        "winLossSplits": "0.83 - 0.52",
        "awayHome": "A",
        "playedYesterday": "N",
        "awayHomeSplits": "0.58 - 0.75",
        "savesAboveExp": 0.388,
        "gsaa": 9.72,
        "corsi": "54.5% (66.4) // 59.4% (68.7) // 57.8% (66.2) // 55.0% (64.7)",
        "fenwick": "53.9% (50.0) // 57.3% (50.5) // 56.4% (49.2) // 53.8% (47.3)",
        "shots": "53.9% (36.6) // 57.5% (37.5) // 54.8% (34.4) // 51.8% (34.3)",
        "scoring": "54.9% (34.8) // 59.6% (34.4) // 56.3% (32.2) // 53.0% (29.7)",
        "corsiAgainst": "45.5% (55.4) // 40.6% (47.0) // 42.2% (48.4) // 45.0% (53.0)",
        "fenwickAgainst": "46.1% (42.8) // 42.7% (37.6) // 43.6% (38.0) // 46.2% (40.7)",
        "shotsAgainst": "46.1% (31.4) // 42.5% (27.8) // 45.2% (28.4) // 48.2% (32.0)",
        "scoringAgainst": "45.1% (28.6) // 40.4% (23.3) // 43.7% (25.0) // 47.0% (26.3)",
        "oppCorsi": "50.9% (57.4) // 47.8% (53.8) // 57.7% (65.2) // 57.6% (66.7)",
        "oppFenwick": "51.7% (43.7) // 47.7% (40.5) // 56.4% (48.2) // 57.0% (50.3)",
        "oppShots": "52.1% (31.6) // 47.9% (28.9) // 53.0% (33.0) // 54.4% (35.0)",
        "oppScoring": "54.0% (33.4) // 51.8% (30.4) // 63.3% (38.8) // 64.7% (41.0)",
        "oppCorsiAgainst": "49.1% (55.4) // 52.2% (58.7) // 42.3% (47.8) // 42.4% (49.0)",
        "oppFenwickAgainst": "48.3% (40.8) // 52.3% (44.4) // 43.6% (37.2) // 43.0% (38.0)",
        "oppShotsAgainst": "47.9% (29.0) // 52.1% (31.5) // 47.0% (29.2) // 45.6% (29.3)",
        "oppScoringAgainst": "46.0% (28.5) // 48.2% (28.3) // 36.7% (22.5) // 35.3% (22.3)",
        "savesPerGame": 28.2,
        "savesPerGameLast1": 22.0,
        "savesPerGameLast3": 27.0,
        "savesPerGameLast5": 23.8,
        "savesPer60": 28.0,
        "savesPer60Last1": 21.7,
        "savesPer60Last3": 26.4,
        "savesPer60Last5": 23.2,
        "shotsPerGame": 36.9,
        "shotsPerGameLast5": 34.4,
        "shotsAgainstPerGame": 31.6,
        "shotsAgainstPerGameLast5": 28.4,
        "oppSavesAgainstPer60": 28.2,
        "oppSavesAgainstPer60Last1": 31.0,
        "oppSavesAgainstPer60Last3": 31.4,
        "oppSavesAgainstPer60Last5": 28.8,
        "oppShotsAgainstPerGame": 29.3,
        "oppShotsAgainstPerGameLast5": 33.8,
        "savesProj": 30.0,
        "savesProjLast5": 25.0,
        "savesProjLast3": 30.9,
        "oppSavesAgainstProj": 28.5,
        "oppSavesAgainstProjLast5": 24.6,
        "oppSavesAgainstProjLast3": 29.4,
        "totalOver": 50,
        "totalOverLast5": 40,
        "totalOverLast15": 47,
        "lastTotalOver": 23,
        "last5": "0,0,1,1,0,2,1,2,1,0",
        "overOdds": "-105",
        "underOdds": "-125",
        "overUnder": "-105 / -125"
    },
    {
        "player": "Carter Verhaeghe",
        "team": "FLA",
        "opponent": "TOR",
        "propType": "ast",
        "line": 0.5,
        "ppLine": "PP1",
        "avg": 0.41,
        "hit": false,
        "diffAvg": -0.18,
        "diffAbs": 0.2,
        "lastAvg": 0.35,
        "diff": -0.3,
        "avgMin": 17,
        "proj": 0.4,
        "lastAvgMin": 16.05,
        "oppOver": 0,
        "teamOver": 0,
        "gameLine": "+125",
        "+/-": "+11",
        "L5_+/-": "+1.0",
        "prevMatchup": "2023-03-23 1.0 ast 2023-01-17 0.0 ast",
        "winLossSplits": "0.53 - 0.29",
        "awayHome": "A",
        "playedYesterday": "N",
        "awayHomeSplits": "0.35 - 0.47",
        "savesAboveExp": 0.388,
        "gsaa": 9.72,
        "corsi": "54.5% (66.4) // 59.4% (68.7) // 57.8% (66.2) // 55.0% (64.7)",
        "fenwick": "53.9% (50.0) // 57.3% (50.5) // 56.4% (49.2) // 53.8% (47.3)",
        "shots": "53.9% (36.6) // 57.5% (37.5) // 54.8% (34.4) // 51.8% (34.3)",
        "scoring": "54.9% (34.8) // 59.6% (34.4) // 56.3% (32.2) // 53.0% (29.7)",
        "corsiAgainst": "45.5% (55.4) // 40.6% (47.0) // 42.2% (48.4) // 45.0% (53.0)",
        "fenwickAgainst": "46.1% (42.8) // 42.7% (37.6) // 43.6% (38.0) // 46.2% (40.7)",
        "shotsAgainst": "46.1% (31.4) // 42.5% (27.8) // 45.2% (28.4) // 48.2% (32.0)",
        "scoringAgainst": "45.1% (28.6) // 40.4% (23.3) // 43.7% (25.0) // 47.0% (26.3)",
        "oppCorsi": "50.9% (57.4) // 47.8% (53.8) // 57.7% (65.2) // 57.6% (66.7)",
        "oppFenwick": "51.7% (43.7) // 47.7% (40.5) // 56.4% (48.2) // 57.0% (50.3)",
        "oppShots": "52.1% (31.6) // 47.9% (28.9) // 53.0% (33.0) // 54.4% (35.0)",
        "oppScoring": "54.0% (33.4) // 51.8% (30.4) // 63.3% (38.8) // 64.7% (41.0)",
        "oppCorsiAgainst": "49.1% (55.4) // 52.2% (58.7) // 42.3% (47.8) // 42.4% (49.0)",
        "oppFenwickAgainst": "48.3% (40.8) // 52.3% (44.4) // 43.6% (37.2) // 43.0% (38.0)",
        "oppShotsAgainst": "47.9% (29.0) // 52.1% (31.5) // 47.0% (29.2) // 45.6% (29.3)",
        "oppScoringAgainst": "46.0% (28.5) // 48.2% (28.3) // 36.7% (22.5) // 35.3% (22.3)",
        "savesPerGame": 28.2,
        "savesPerGameLast1": 22.0,
        "savesPerGameLast3": 27.0,
        "savesPerGameLast5": 23.8,
        "savesPer60": 28.0,
        "savesPer60Last1": 21.7,
        "savesPer60Last3": 26.4,
        "savesPer60Last5": 23.2,
        "shotsPerGame": 36.9,
        "shotsPerGameLast5": 34.4,
        "shotsAgainstPerGame": 31.6,
        "shotsAgainstPerGameLast5": 28.4,
        "oppSavesAgainstPer60": 28.2,
        "oppSavesAgainstPer60Last1": 31.0,
        "oppSavesAgainstPer60Last3": 31.4,
        "oppSavesAgainstPer60Last5": 28.8,
        "oppShotsAgainstPerGame": 29.3,
        "oppShotsAgainstPerGameLast5": 33.8,
        "savesProj": 30.0,
        "savesProjLast5": 25.0,
        "savesProjLast3": 30.9,
        "oppSavesAgainstProj": 28.5,
        "oppSavesAgainstProjLast5": 24.6,
        "oppSavesAgainstProjLast3": 29.4,
        "totalOver": 37,
        "totalOverLast5": 60,
        "totalOverLast15": 47,
        "lastTotalOver": 32,
        "last5": "0,1,1,1,0,2,0,1,1,0",
        "overOdds": "+165",
        "underOdds": "-205",
        "overUnder": "+165 / -205"
    },
    {
        "player": "Gustav Forsling",
        "team": "FLA",
        "opponent": "TOR",
        "propType": "ast",
        "line": 0.5,
        "ppLine": "PP2",
        "avg": 0.35,
        "hit": false,
        "diffAvg": -0.3,
        "diffAbs": 0.2,
        "lastAvg": 0.33,
        "diff": -0.34,
        "avgMin": 23,
        "proj": 0.4,
        "lastAvgMin": 21.22,
        "oppOver": 0,
        "teamOver": 0,
        "gameLine": "+125",
        "+/-": "+18",
        "L5_+/-": "+2.0",
        "prevMatchup": "2023-03-23 0.0 ast 2023-01-17 0.0 ast",
        "winLossSplits": "0.33 - 0.36",
        "awayHome": "A",
        "playedYesterday": "N",
        "awayHomeSplits": "0.27 - 0.43",
        "savesAboveExp": 0.388,
        "gsaa": 9.72,
        "corsi": "54.5% (66.4) // 59.4% (68.7) // 57.8% (66.2) // 55.0% (64.7)",
        "fenwick": "53.9% (50.0) // 57.3% (50.5) // 56.4% (49.2) // 53.8% (47.3)",
        "shots": "53.9% (36.6) // 57.5% (37.5) // 54.8% (34.4) // 51.8% (34.3)",
        "scoring": "54.9% (34.8) // 59.6% (34.4) // 56.3% (32.2) // 53.0% (29.7)",
        "corsiAgainst": "45.5% (55.4) // 40.6% (47.0) // 42.2% (48.4) // 45.0% (53.0)",
        "fenwickAgainst": "46.1% (42.8) // 42.7% (37.6) // 43.6% (38.0) // 46.2% (40.7)",
        "shotsAgainst": "46.1% (31.4) // 42.5% (27.8) // 45.2% (28.4) // 48.2% (32.0)",
        "scoringAgainst": "45.1% (28.6) // 40.4% (23.3) // 43.7% (25.0) // 47.0% (26.3)",
        "oppCorsi": "50.9% (57.4) // 47.8% (53.8) // 57.7% (65.2) // 57.6% (66.7)",
        "oppFenwick": "51.7% (43.7) // 47.7% (40.5) // 56.4% (48.2) // 57.0% (50.3)",
        "oppShots": "52.1% (31.6) // 47.9% (28.9) // 53.0% (33.0) // 54.4% (35.0)",
        "oppScoring": "54.0% (33.4) // 51.8% (30.4) // 63.3% (38.8) // 64.7% (41.0)",
        "oppCorsiAgainst": "49.1% (55.4) // 52.2% (58.7) // 42.3% (47.8) // 42.4% (49.0)",
        "oppFenwickAgainst": "48.3% (40.8) // 52.3% (44.4) // 43.6% (37.2) // 43.0% (38.0)",
        "oppShotsAgainst": "47.9% (29.0) // 52.1% (31.5) // 47.0% (29.2) // 45.6% (29.3)",
        "oppScoringAgainst": "46.0% (28.5) // 48.2% (28.3) // 36.7% (22.5) // 35.3% (22.3)",
        "savesPerGame": 28.2,
        "savesPerGameLast1": 22.0,
        "savesPerGameLast3": 27.0,
        "savesPerGameLast5": 23.8,
        "savesPer60": 28.0,
        "savesPer60Last1": 21.7,
        "savesPer60Last3": 26.4,
        "savesPer60Last5": 23.2,
        "shotsPerGame": 36.9,
        "shotsPerGameLast5": 34.4,
        "shotsAgainstPerGame": 31.6,
        "shotsAgainstPerGameLast5": 28.4,
        "oppSavesAgainstPer60": 28.2,
        "oppSavesAgainstPer60Last1": 31.0,
        "oppSavesAgainstPer60Last3": 31.4,
        "oppSavesAgainstPer60Last5": 28.8,
        "oppShotsAgainstPerGame": 29.3,
        "oppShotsAgainstPerGameLast5": 33.8,
        "savesProj": 30.0,
        "savesProjLast5": 25.0,
        "savesProjLast3": 30.9,
        "oppSavesAgainstProj": 28.5,
        "oppSavesAgainstProjLast5": 24.6,
        "oppSavesAgainstProjLast3": 29.4,
        "totalOver": 31,
        "totalOverLast5": 20,
        "totalOverLast15": 7,
        "lastTotalOver": 29,
        "last5": "0,1,0,0,0,0,0,0,0,0",
        "overOdds": "+240",
        "underOdds": "-305",
        "overUnder": "+240 / -305"
    },
    {
        "player": "John Tavares",
        "team": "TOR",
        "opponent": "FLA",
        "propType": "ast",
        "line": 0.5,
        "ppLine": "PP1",
        "avg": 0.6,
        "hit": false,
        "diffAvg": 0.2,
        "diffAbs": 0.0,
        "lastAvg": 0.57,
        "diff": 0.14,
        "avgMin": 17,
        "proj": 0.5,
        "lastAvgMin": 18.07,
        "oppOver": 0,
        "teamOver": 0,
        "gameLine": "-145",
        "+/-": -3,
        "L5_+/-": -5.0,
        "prevMatchup": "2023-03-23 3.0 ast 2023-01-17 1.0 ast",
        "winLossSplits": "0.84 - 0.25",
        "awayHome": "H",
        "playedYesterday": "N",
        "awayHomeSplits": "0.66 - 0.54",
        "savesAboveExp": -0.102,
        "gsaa": -4.33,
        "corsi": "50.9% (57.4) // 47.8% (53.8) // 57.7% (65.2) // 57.6% (66.7)",
        "fenwick": "51.7% (43.7) // 47.7% (40.5) // 56.4% (48.2) // 57.0% (50.3)",
        "shots": "52.1% (31.6) // 47.9% (28.9) // 53.0% (33.0) // 54.4% (35.0)",
        "scoring": "54.0% (33.4) // 51.8% (30.4) // 63.3% (38.8) // 64.7% (41.0)",
        "corsiAgainst": "49.1% (55.4) // 52.2% (58.7) // 42.3% (47.8) // 42.4% (49.0)",
        "fenwickAgainst": "48.3% (40.8) // 52.3% (44.4) // 43.6% (37.2) // 43.0% (38.0)",
        "shotsAgainst": "47.9% (29.0) // 52.1% (31.5) // 47.0% (29.2) // 45.6% (29.3)",
        "scoringAgainst": "46.0% (28.5) // 48.2% (28.3) // 36.7% (22.5) // 35.3% (22.3)",
        "oppCorsi": "54.5% (66.4) // 59.4% (68.7) // 57.8% (66.2) // 55.0% (64.7)",
        "oppFenwick": "53.9% (50.0) // 57.3% (50.5) // 56.4% (49.2) // 53.8% (47.3)",
        "oppShots": "53.9% (36.6) // 57.5% (37.5) // 54.8% (34.4) // 51.8% (34.3)",
        "oppScoring": "54.9% (34.8) // 59.6% (34.4) // 56.3% (32.2) // 53.0% (29.7)",
        "oppCorsiAgainst": "45.5% (55.4) // 40.6% (47.0) // 42.2% (48.4) // 45.0% (53.0)",
        "oppFenwickAgainst": "46.1% (42.8) // 42.7% (37.6) // 43.6% (38.0) // 46.2% (40.7)",
        "oppShotsAgainst": "46.1% (31.4) // 42.5% (27.8) // 45.2% (28.4) // 48.2% (32.0)",
        "oppScoringAgainst": "45.1% (28.6) // 40.4% (23.3) // 43.7% (25.0) // 47.0% (26.3)",
        "savesPerGame": 26.5,
        "savesPerGameLast1": 23.0,
        "savesPerGameLast3": 26.3,
        "savesPerGameLast5": 29.8,
        "savesPer60": 26.5,
        "savesPer60Last1": 23.0,
        "savesPer60Last3": 26.1,
        "savesPer60Last5": 30.1,
        "shotsPerGame": 31.8,
        "shotsPerGameLast5": 32.2,
        "shotsAgainstPerGame": 29.3,
        "shotsAgainstPerGameLast5": 33.8,
        "oppSavesAgainstPer60": 33.3,
        "oppSavesAgainstPer60Last1": 32.9,
        "oppSavesAgainstPer60Last3": 31.8,
        "oppSavesAgainstPer60Last5": 31.3,
        "oppShotsAgainstPerGame": 31.6,
        "oppShotsAgainstPerGameLast5": 28.4,
        "savesProj": 31.7,
        "savesProjLast5": 33.7,
        "savesProjLast3": 29.8,
        "oppSavesAgainstProj": 31.4,
        "oppSavesAgainstProjLast5": 31.1,
        "oppSavesAgainstProjLast3": 27.2,
        "totalOver": 43,
        "totalOverLast5": 60,
        "totalOverLast15": 33,
        "lastTotalOver": 50,
        "last5": "1,0,3,0,2,2,0,0,1,0",
        "overOdds": "+100",
        "underOdds": "-130",
        "overUnder": "+100 / -130"
    },
    {
        "player": "Matthew Tkachuk",
        "team": "FLA",
        "opponent": "TOR",
        "propType": "ast",
        "line": 0.5,
        "ppLine": "PP1",
        "avg": 0.87,
        "hit": false,
        "diffAvg": 0.74,
        "diffAbs": 0.4,
        "lastAvg": 0.66,
        "diff": 0.32,
        "avgMin": 20,
        "proj": 0.7,
        "lastAvgMin": 17.88,
        "oppOver": 0,
        "teamOver": 0,
        "gameLine": "+125",
        "+/-": "+22",
        "L5_+/-": "+5.0",
        "prevMatchup": "2023-03-23 0.0 ast 2023-01-17 0.0 ast",
        "winLossSplits": "1.33 - 0.47",
        "awayHome": "A",
        "playedYesterday": "N",
        "awayHomeSplits": "0.69 - 1.06",
        "savesAboveExp": 0.388,
        "gsaa": 9.72,
        "corsi": "54.5% (66.4) // 59.4% (68.7) // 57.8% (66.2) // 55.0% (64.7)",
        "fenwick": "53.9% (50.0) // 57.3% (50.5) // 56.4% (49.2) // 53.8% (47.3)",
        "shots": "53.9% (36.6) // 57.5% (37.5) // 54.8% (34.4) // 51.8% (34.3)",
        "scoring": "54.9% (34.8) // 59.6% (34.4) // 56.3% (32.2) // 53.0% (29.7)",
        "corsiAgainst": "45.5% (55.4) // 40.6% (47.0) // 42.2% (48.4) // 45.0% (53.0)",
        "fenwickAgainst": "46.1% (42.8) // 42.7% (37.6) // 43.6% (38.0) // 46.2% (40.7)",
        "shotsAgainst": "46.1% (31.4) // 42.5% (27.8) // 45.2% (28.4) // 48.2% (32.0)",
        "scoringAgainst": "45.1% (28.6) // 40.4% (23.3) // 43.7% (25.0) // 47.0% (26.3)",
        "oppCorsi": "50.9% (57.4) // 47.8% (53.8) // 57.7% (65.2) // 57.6% (66.7)",
        "oppFenwick": "51.7% (43.7) // 47.7% (40.5) // 56.4% (48.2) // 57.0% (50.3)",
        "oppShots": "52.1% (31.6) // 47.9% (28.9) // 53.0% (33.0) // 54.4% (35.0)",
        "oppScoring": "54.0% (33.4) // 51.8% (30.4) // 63.3% (38.8) // 64.7% (41.0)",
        "oppCorsiAgainst": "49.1% (55.4) // 52.2% (58.7) // 42.3% (47.8) // 42.4% (49.0)",
        "oppFenwickAgainst": "48.3% (40.8) // 52.3% (44.4) // 43.6% (37.2) // 43.0% (38.0)",
        "oppShotsAgainst": "47.9% (29.0) // 52.1% (31.5) // 47.0% (29.2) // 45.6% (29.3)",
        "oppScoringAgainst": "46.0% (28.5) // 48.2% (28.3) // 36.7% (22.5) // 35.3% (22.3)",
        "savesPerGame": 28.2,
        "savesPerGameLast1": 22.0,
        "savesPerGameLast3": 27.0,
        "savesPerGameLast5": 23.8,
        "savesPer60": 28.0,
        "savesPer60Last1": 21.7,
        "savesPer60Last3": 26.4,
        "savesPer60Last5": 23.2,
        "shotsPerGame": 36.9,
        "shotsPerGameLast5": 34.4,
        "shotsAgainstPerGame": 31.6,
        "shotsAgainstPerGameLast5": 28.4,
        "oppSavesAgainstPer60": 28.2,
        "oppSavesAgainstPer60Last1": 31.0,
        "oppSavesAgainstPer60Last3": 31.4,
        "oppSavesAgainstPer60Last5": 28.8,
        "oppShotsAgainstPerGame": 29.3,
        "oppShotsAgainstPerGameLast5": 33.8,
        "savesProj": 30.0,
        "savesProjLast5": 25.0,
        "savesProjLast3": 30.9,
        "oppSavesAgainstProj": 28.5,
        "oppSavesAgainstProjLast5": 24.6,
        "oppSavesAgainstProjLast3": 29.4,
        "totalOver": 56,
        "totalOverLast5": 20,
        "totalOverLast15": 40,
        "lastTotalOver": 49,
        "last5": "0,0,0,0,2,0,3,1,3,0",
        "overOdds": "-140",
        "underOdds": "+110",
        "overUnder": "-140 / +110"
    },
    {
        "player": "Michael Bunting",
        "team": "TOR",
        "opponent": "FLA",
        "propType": "ast",
        "line": 0.5,
        "ppLine": "PP2",
        "avg": 0.34,
        "hit": false,
        "diffAvg": -0.32,
        "diffAbs": 0.0,
        "lastAvg": 0.47,
        "diff": -0.06,
        "avgMin": 15,
        "proj": 0.5,
        "lastAvgMin": 15.53,
        "oppOver": 0,
        "teamOver": 0,
        "gameLine": "-145",
        "+/-": "+23",
        "L5_+/-": -1.0,
        "prevMatchup": "2023-03-23 0.0 ast 2023-01-17 0.0 ast",
        "winLossSplits": "0.45 - 0.15",
        "awayHome": "H",
        "playedYesterday": "N",
        "awayHomeSplits": "0.33 - 0.35",
        "savesAboveExp": -0.102,
        "gsaa": -4.33,
        "corsi": "50.9% (57.4) // 47.8% (53.8) // 57.7% (65.2) // 57.6% (66.7)",
        "fenwick": "51.7% (43.7) // 47.7% (40.5) // 56.4% (48.2) // 57.0% (50.3)",
        "shots": "52.1% (31.6) // 47.9% (28.9) // 53.0% (33.0) // 54.4% (35.0)",
        "scoring": "54.0% (33.4) // 51.8% (30.4) // 63.3% (38.8) // 64.7% (41.0)",
        "corsiAgainst": "49.1% (55.4) // 52.2% (58.7) // 42.3% (47.8) // 42.4% (49.0)",
        "fenwickAgainst": "48.3% (40.8) // 52.3% (44.4) // 43.6% (37.2) // 43.0% (38.0)",
        "shotsAgainst": "47.9% (29.0) // 52.1% (31.5) // 47.0% (29.2) // 45.6% (29.3)",
        "scoringAgainst": "46.0% (28.5) // 48.2% (28.3) // 36.7% (22.5) // 35.3% (22.3)",
        "oppCorsi": "54.5% (66.4) // 59.4% (68.7) // 57.8% (66.2) // 55.0% (64.7)",
        "oppFenwick": "53.9% (50.0) // 57.3% (50.5) // 56.4% (49.2) // 53.8% (47.3)",
        "oppShots": "53.9% (36.6) // 57.5% (37.5) // 54.8% (34.4) // 51.8% (34.3)",
        "oppScoring": "54.9% (34.8) // 59.6% (34.4) // 56.3% (32.2) // 53.0% (29.7)",
        "oppCorsiAgainst": "45.5% (55.4) // 40.6% (47.0) // 42.2% (48.4) // 45.0% (53.0)",
        "oppFenwickAgainst": "46.1% (42.8) // 42.7% (37.6) // 43.6% (38.0) // 46.2% (40.7)",
        "oppShotsAgainst": "46.1% (31.4) // 42.5% (27.8) // 45.2% (28.4) // 48.2% (32.0)",
        "oppScoringAgainst": "45.1% (28.6) // 40.4% (23.3) // 43.7% (25.0) // 47.0% (26.3)",
        "savesPerGame": 26.5,
        "savesPerGameLast1": 23.0,
        "savesPerGameLast3": 26.3,
        "savesPerGameLast5": 29.8,
        "savesPer60": 26.5,
        "savesPer60Last1": 23.0,
        "savesPer60Last3": 26.1,
        "savesPer60Last5": 30.1,
        "shotsPerGame": 31.8,
        "shotsPerGameLast5": 32.2,
        "shotsAgainstPerGame": 29.3,
        "shotsAgainstPerGameLast5": 33.8,
        "oppSavesAgainstPer60": 33.3,
        "oppSavesAgainstPer60Last1": 32.9,
        "oppSavesAgainstPer60Last3": 31.8,
        "oppSavesAgainstPer60Last5": 31.3,
        "oppShotsAgainstPerGame": 31.6,
        "oppShotsAgainstPerGameLast5": 28.4,
        "savesProj": 31.7,
        "savesProjLast5": 33.7,
        "savesProjLast3": 29.8,
        "oppSavesAgainstProj": 31.4,
        "oppSavesAgainstProjLast5": 31.1,
        "oppSavesAgainstProjLast3": 27.2,
        "totalOver": 27,
        "totalOverLast5": 20,
        "totalOverLast15": 20,
        "lastTotalOver": 38,
        "last5": "0,1,0,0,0,1,0,0,0,0",
        "overOdds": "+235",
        "underOdds": "-300",
        "overUnder": "+235 / -300"
    },
    {
        "player": "Mitchell Marner",
        "team": "TOR",
        "opponent": "FLA",
        "propType": "ast",
        "line": 0.5,
        "ppLine": "",
        "avg": 0.9,
        "hit": false,
        "diffAvg": 0.8,
        "diffAbs": 0.6,
        "lastAvg": 0.78,
        "diff": 0.56,
        "avgMin": 21,
        "proj": 0.8,
        "lastAvgMin": 20.87,
        "oppOver": 0,
        "teamOver": 0,
        "gameLine": "-145",
        "+/-": "+15",
        "L5_+/-": "+4.0",
        "prevMatchup": "2023-03-23 1.0 ast 2023-01-17 2.0 ast",
        "winLossSplits": "1.11 - 0.68",
        "awayHome": "H",
        "playedYesterday": "N",
        "awayHomeSplits": "0.89 - 0.92",
        "savesAboveExp": -0.102,
        "gsaa": -4.33,
        "corsi": "50.9% (57.4) // 47.8% (53.8) // 57.7% (65.2) // 57.6% (66.7)",
        "fenwick": "51.7% (43.7) // 47.7% (40.5) // 56.4% (48.2) // 57.0% (50.3)",
        "shots": "52.1% (31.6) // 47.9% (28.9) // 53.0% (33.0) // 54.4% (35.0)",
        "scoring": "54.0% (33.4) // 51.8% (30.4) // 63.3% (38.8) // 64.7% (41.0)",
        "corsiAgainst": "49.1% (55.4) // 52.2% (58.7) // 42.3% (47.8) // 42.4% (49.0)",
        "fenwickAgainst": "48.3% (40.8) // 52.3% (44.4) // 43.6% (37.2) // 43.0% (38.0)",
        "shotsAgainst": "47.9% (29.0) // 52.1% (31.5) // 47.0% (29.2) // 45.6% (29.3)",
        "scoringAgainst": "46.0% (28.5) // 48.2% (28.3) // 36.7% (22.5) // 35.3% (22.3)",
        "oppCorsi": "54.5% (66.4) // 59.4% (68.7) // 57.8% (66.2) // 55.0% (64.7)",
        "oppFenwick": "53.9% (50.0) // 57.3% (50.5) // 56.4% (49.2) // 53.8% (47.3)",
        "oppShots": "53.9% (36.6) // 57.5% (37.5) // 54.8% (34.4) // 51.8% (34.3)",
        "oppScoring": "54.9% (34.8) // 59.6% (34.4) // 56.3% (32.2) // 53.0% (29.7)",
        "oppCorsiAgainst": "45.5% (55.4) // 40.6% (47.0) // 42.2% (48.4) // 45.0% (53.0)",
        "oppFenwickAgainst": "46.1% (42.8) // 42.7% (37.6) // 43.6% (38.0) // 46.2% (40.7)",
        "oppShotsAgainst": "46.1% (31.4) // 42.5% (27.8) // 45.2% (28.4) // 48.2% (32.0)",
        "oppScoringAgainst": "45.1% (28.6) // 40.4% (23.3) // 43.7% (25.0) // 47.0% (26.3)",
        "savesPerGame": 26.5,
        "savesPerGameLast1": 23.0,
        "savesPerGameLast3": 26.3,
        "savesPerGameLast5": 29.8,
        "savesPer60": 26.5,
        "savesPer60Last1": 23.0,
        "savesPer60Last3": 26.1,
        "savesPer60Last5": 30.1,
        "shotsPerGame": 31.8,
        "shotsPerGameLast5": 32.2,
        "shotsAgainstPerGame": 29.3,
        "shotsAgainstPerGameLast5": 33.8,
        "oppSavesAgainstPer60": 33.3,
        "oppSavesAgainstPer60Last1": 32.9,
        "oppSavesAgainstPer60Last3": 31.8,
        "oppSavesAgainstPer60Last5": 31.3,
        "oppShotsAgainstPerGame": 31.6,
        "oppShotsAgainstPerGameLast5": 28.4,
        "savesProj": 31.7,
        "savesProjLast5": 33.7,
        "savesProjLast3": 29.8,
        "oppSavesAgainstProj": 31.4,
        "oppSavesAgainstProjLast5": 31.1,
        "oppSavesAgainstProjLast3": 27.2,
        "totalOver": 64,
        "totalOverLast5": 80,
        "totalOverLast15": 67,
        "lastTotalOver": 57,
        "last5": "1,1,1,0,1,0,1,2,3,1",
        "overOdds": "-220",
        "underOdds": "+180",
        "overUnder": "-220 / +180"
    },
    {
        "player": "Morgan Rielly",
        "team": "TOR",
        "opponent": "FLA",
        "propType": "ast",
        "line": 0.5,
        "ppLine": "PP1",
        "avg": 0.61,
        "hit": false,
        "diffAvg": 0.22,
        "diffAbs": 0.2,
        "lastAvg": 0.65,
        "diff": 0.3,
        "avgMin": 21,
        "proj": 0.6,
        "lastAvgMin": 23.73,
        "oppOver": 0,
        "teamOver": 0,
        "gameLine": "-145",
        "+/-": -4,
        "L5_+/-": -2.0,
        "prevMatchup": "2023-01-17 1.0 ast",
        "winLossSplits": "0.64 - 0.53",
        "awayHome": "H",
        "playedYesterday": "N",
        "awayHomeSplits": "0.65 - 0.58",
        "savesAboveExp": -0.102,
        "gsaa": -4.33,
        "corsi": "50.9% (57.4) // 47.8% (53.8) // 57.7% (65.2) // 57.6% (66.7)",
        "fenwick": "51.7% (43.7) // 47.7% (40.5) // 56.4% (48.2) // 57.0% (50.3)",
        "shots": "52.1% (31.6) // 47.9% (28.9) // 53.0% (33.0) // 54.4% (35.0)",
        "scoring": "54.0% (33.4) // 51.8% (30.4) // 63.3% (38.8) // 64.7% (41.0)",
        "corsiAgainst": "49.1% (55.4) // 52.2% (58.7) // 42.3% (47.8) // 42.4% (49.0)",
        "fenwickAgainst": "48.3% (40.8) // 52.3% (44.4) // 43.6% (37.2) // 43.0% (38.0)",
        "shotsAgainst": "47.9% (29.0) // 52.1% (31.5) // 47.0% (29.2) // 45.6% (29.3)",
        "scoringAgainst": "46.0% (28.5) // 48.2% (28.3) // 36.7% (22.5) // 35.3% (22.3)",
        "oppCorsi": "54.5% (66.4) // 59.4% (68.7) // 57.8% (66.2) // 55.0% (64.7)",
        "oppFenwick": "53.9% (50.0) // 57.3% (50.5) // 56.4% (49.2) // 53.8% (47.3)",
        "oppShots": "53.9% (36.6) // 57.5% (37.5) // 54.8% (34.4) // 51.8% (34.3)",
        "oppScoring": "54.9% (34.8) // 59.6% (34.4) // 56.3% (32.2) // 53.0% (29.7)",
        "oppCorsiAgainst": "45.5% (55.4) // 40.6% (47.0) // 42.2% (48.4) // 45.0% (53.0)",
        "oppFenwickAgainst": "46.1% (42.8) // 42.7% (37.6) // 43.6% (38.0) // 46.2% (40.7)",
        "oppShotsAgainst": "46.1% (31.4) // 42.5% (27.8) // 45.2% (28.4) // 48.2% (32.0)",
        "oppScoringAgainst": "45.1% (28.6) // 40.4% (23.3) // 43.7% (25.0) // 47.0% (26.3)",
        "savesPerGame": 26.5,
        "savesPerGameLast1": 23.0,
        "savesPerGameLast3": 26.3,
        "savesPerGameLast5": 29.8,
        "savesPer60": 26.5,
        "savesPer60Last1": 23.0,
        "savesPer60Last3": 26.1,
        "savesPer60Last5": 30.1,
        "shotsPerGame": 31.8,
        "shotsPerGameLast5": 32.2,
        "shotsAgainstPerGame": 29.3,
        "shotsAgainstPerGameLast5": 33.8,
        "oppSavesAgainstPer60": 33.3,
        "oppSavesAgainstPer60Last1": 32.9,
        "oppSavesAgainstPer60Last3": 31.8,
        "oppSavesAgainstPer60Last5": 31.3,
        "oppShotsAgainstPerGame": 31.6,
        "oppShotsAgainstPerGameLast5": 28.4,
        "savesProj": 31.7,
        "savesProjLast5": 33.7,
        "savesProjLast3": 29.8,
        "oppSavesAgainstProj": 31.4,
        "oppSavesAgainstProjLast5": 31.1,
        "oppSavesAgainstProjLast3": 27.2,
        "totalOver": 49,
        "totalOverLast5": 80,
        "totalOverLast15": 47,
        "lastTotalOver": 49,
        "last5": "1,2,0,1,1,0,0,0,0,1",
        "overOdds": "-105",
        "underOdds": "-125",
        "overUnder": "-105 / -125"
    },
    {
        "player": "Sam Reinhart",
        "team": "FLA",
        "opponent": "TOR",
        "propType": "ast",
        "line": 0.5,
        "ppLine": "PP1",
        "avg": 0.38,
        "hit": false,
        "diffAvg": -0.24,
        "diffAbs": 0.2,
        "lastAvg": 0.56,
        "diff": 0.12,
        "avgMin": 19,
        "proj": 0.6,
        "lastAvgMin": 17.75,
        "oppOver": 0,
        "teamOver": 0,
        "gameLine": "+125",
        "+/-": -18,
        "L5_+/-": -2.0,
        "prevMatchup": "2023-03-23 0.0 ast 2023-01-17 1.0 ast",
        "winLossSplits": "0.41 - 0.31",
        "awayHome": "A",
        "playedYesterday": "N",
        "awayHomeSplits": "0.41 - 0.35",
        "savesAboveExp": 0.388,
        "gsaa": 9.72,
        "corsi": "54.5% (66.4) // 59.4% (68.7) // 57.8% (66.2) // 55.0% (64.7)",
        "fenwick": "53.9% (50.0) // 57.3% (50.5) // 56.4% (49.2) // 53.8% (47.3)",
        "shots": "53.9% (36.6) // 57.5% (37.5) // 54.8% (34.4) // 51.8% (34.3)",
        "scoring": "54.9% (34.8) // 59.6% (34.4) // 56.3% (32.2) // 53.0% (29.7)",
        "corsiAgainst": "45.5% (55.4) // 40.6% (47.0) // 42.2% (48.4) // 45.0% (53.0)",
        "fenwickAgainst": "46.1% (42.8) // 42.7% (37.6) // 43.6% (38.0) // 46.2% (40.7)",
        "shotsAgainst": "46.1% (31.4) // 42.5% (27.8) // 45.2% (28.4) // 48.2% (32.0)",
        "scoringAgainst": "45.1% (28.6) // 40.4% (23.3) // 43.7% (25.0) // 47.0% (26.3)",
        "oppCorsi": "50.9% (57.4) // 47.8% (53.8) // 57.7% (65.2) // 57.6% (66.7)",
        "oppFenwick": "51.7% (43.7) // 47.7% (40.5) // 56.4% (48.2) // 57.0% (50.3)",
        "oppShots": "52.1% (31.6) // 47.9% (28.9) // 53.0% (33.0) // 54.4% (35.0)",
        "oppScoring": "54.0% (33.4) // 51.8% (30.4) // 63.3% (38.8) // 64.7% (41.0)",
        "oppCorsiAgainst": "49.1% (55.4) // 52.2% (58.7) // 42.3% (47.8) // 42.4% (49.0)",
        "oppFenwickAgainst": "48.3% (40.8) // 52.3% (44.4) // 43.6% (37.2) // 43.0% (38.0)",
        "oppShotsAgainst": "47.9% (29.0) // 52.1% (31.5) // 47.0% (29.2) // 45.6% (29.3)",
        "oppScoringAgainst": "46.0% (28.5) // 48.2% (28.3) // 36.7% (22.5) // 35.3% (22.3)",
        "savesPerGame": 28.2,
        "savesPerGameLast1": 22.0,
        "savesPerGameLast3": 27.0,
        "savesPerGameLast5": 23.8,
        "savesPer60": 28.0,
        "savesPer60Last1": 21.7,
        "savesPer60Last3": 26.4,
        "savesPer60Last5": 23.2,
        "shotsPerGame": 36.9,
        "shotsPerGameLast5": 34.4,
        "shotsAgainstPerGame": 31.6,
        "shotsAgainstPerGameLast5": 28.4,
        "oppSavesAgainstPer60": 28.2,
        "oppSavesAgainstPer60Last1": 31.0,
        "oppSavesAgainstPer60Last3": 31.4,
        "oppSavesAgainstPer60Last5": 28.8,
        "oppShotsAgainstPerGame": 29.3,
        "oppShotsAgainstPerGameLast5": 33.8,
        "savesProj": 30.0,
        "savesProjLast5": 25.0,
        "savesProjLast3": 30.9,
        "oppSavesAgainstProj": 28.5,
        "oppSavesAgainstProjLast5": 24.6,
        "oppSavesAgainstProjLast3": 29.4,
        "totalOver": 32,
        "totalOverLast5": 60,
        "totalOverLast15": 27,
        "lastTotalOver": 42,
        "last5": "1,0,0,1,1,0,0,1,0,0",
        "overOdds": "+140",
        "underOdds": "-175",
        "overUnder": "+140 / -175"
    },
    {
        "player": "William Nylander",
        "team": "TOR",
        "opponent": "FLA",
        "propType": "ast",
        "line": 0.5,
        "ppLine": "PP1",
        "avg": 0.62,
        "hit": false,
        "diffAvg": 0.24,
        "diffAbs": 0.0,
        "lastAvg": 0.52,
        "diff": 0.04,
        "avgMin": 18,
        "proj": 0.5,
        "lastAvgMin": 18.27,
        "oppOver": 0,
        "teamOver": 0,
        "gameLine": "-145",
        "+/-": "+15",
        "L5_+/-": "+1.0",
        "prevMatchup": "2023-03-23 1.0 ast 2023-01-17 1.0 ast",
        "winLossSplits": "0.78 - 0.37",
        "awayHome": "H",
        "playedYesterday": "N",
        "awayHomeSplits": "0.53 - 0.7",
        "savesAboveExp": -0.102,
        "gsaa": -4.33,
