[
    {
        "player": "Alex Nedeljkovic",
        "team": "DET",
        "opponent": "PIT",
        "propType": "sv",
        "line": 30.5,
        "ppLine": "",
        "avg": 25.82,
        "hit": false,
        "diffAvg": -0.15,
        "diffAbs": 0.11,
        "lastAvg": 27.42,
        "diff": -0.1,
        "avgMin": 54,
        "proj": 27.0,
        "lastAvgMin": 54.75,
        "oppOver": 52,
        "teamOver": 33,
        "gameLine": "+165",
        "+/-": 0,
        "L5_+/-": 0,
        "prevMatchup": "2022-12-28 det @ pit 27.0 sv",
        "winLossSplits": "31.64 - 27.09",
        "awayHome": "H",
        "playedYesterday": "N",
        "awayHomeSplits": "28.43 - 21.25",
        "savesAboveExp": -1.293,
        "gsaa": -7.11,
        "corsi": "47.5% (52.4) // 51.6% (54.5) // 55.0% (53.9) // 58.5% (57.0)",
        "fenwick": "48.1% (39.2) // 53.0% (41.0) // 53.8% (39.1) // 55.1% (38.0)",
        "shots": "48.7% (28.4) // 53.4% (29.4) // 55.6% (28.1) // 56.4% (28.5)",
        "scoring": "46.2% (25.7) // 49.6% (26.6) // 52.6% (23.8) // 55.3% (23.5)",
        "corsiAgainst": "52.5% (57.8) // 48.4% (51.1) // 45.0% (44.1) // 41.5% (40.5)",
        "fenwickAgainst": "51.9% (42.2) // 47.0% (36.4) // 46.2% (33.6) // 44.9% (31.0)",
        "shotsAgainst": "51.3% (29.9) // 46.6% (25.6) // 44.4% (22.4) // 43.6% (22.0)",
        "scoringAgainst": "53.8% (29.9) // 50.4% (27.0) // 47.4% (21.4) // 44.7% (19.0)",
        "oppCorsi": "51.8% (63.1) // 55.0% (69.9) // 57.1% (75.4) // 54.1% (74.0)",
        "oppFenwick": "51.7% (47.2) // 56.3% (52.2) // 57.8% (56.2) // 55.2% (57.0)",
        "oppShots": "51.0% (34.2) // 57.3% (38.5) // 59.5% (41.8) // 56.7% (42.3)",
        "oppScoring": "52.4% (33.2) // 58.0% (37.4) // 57.9% (39.8) // 51.8% (37.7)",
        "oppCorsiAgainst": "48.2% (58.7) // 45.0% (57.0) // 42.9% (56.6) // 45.9% (62.7)",
        "oppFenwickAgainst": "48.3% (44.1) // 43.7% (40.4) // 42.2% (41.0) // 44.8% (46.3)",
        "oppShotsAgainst": "49.0% (32.8) // 42.7% (28.6) // 40.5% (28.4) // 43.3% (32.3)",
        "oppScoringAgainst": "47.6% (30.1) // 42.0% (27.0) // 42.1% (29.0) // 48.2% (35.0)",
        "savesPerGame": 27.0,
        "savesPerGameLast1": 19.0,
        "savesPerGameLast3": 19.0,
        "savesPerGameLast5": 19.0,
        "savesPer60": 27.1,
        "savesPer60Last1": 18.1,
        "savesPer60Last3": 18.9,
        "savesPer60Last5": 18.9,
        "shotsPerGame": 28.8,
        "shotsPerGameLast5": 28.6,
        "shotsAgainstPerGame": 30.3,
        "shotsAgainstPerGameLast5": 22.8,
        "oppSavesAgainstPer60": 31.4,
        "oppSavesAgainstPer60Last1": 36.0,
        "oppSavesAgainstPer60Last3": 38.2,
        "oppSavesAgainstPer60Last5": 39.0,
        "oppShotsAgainstPerGame": 33.2,
        "oppShotsAgainstPerGameLast5": 28.4,
        "savesProj": 28.3,
        "savesProjLast5": 24.8,
        "savesProjLast3": 24.4,
        "oppSavesAgainstProj": 30.0,
        "oppSavesAgainstProjLast5": 26.6,
        "oppSavesAgainstProjLast3": 28.2,
        "totalOver": 36,
        "totalOverLast5": 20,
        "totalOverLast15": 36,
        "lastTotalOver": 31,
        "last5": "19,8,36,30,12,17,27,38,35,25",
        "overOdds": "-110",
        "underOdds": "-120",
        "overUnder": "-110 / -120"
    },
    {
        "player": "Casey Desmith",
        "team": "PIT",
        "opponent": "DET",
        "propType": "sv",
        "line": 26.5,
        "ppLine": "",
        "avg": 26.94,
        "hit": false,
        "diffAvg": 0.02,
        "diffAbs": 0.05,
        "lastAvg": 26.04,
        "diff": -0.02,
        "avgMin": 53,
        "proj": 25.3,
        "lastAvgMin": 54.53,
        "oppOver": 42,
        "teamOver": 64,
        "gameLine": "-195",
        "+/-": 0,
        "L5_+/-": 0,
        "prevMatchup": "2022-12-28 det @ pit 41.0 sv",
        "winLossSplits": "28.69 - 30.15",
        "awayHome": "A",
        "playedYesterday": "N",
        "awayHomeSplits": "27.11 - 26.73",
        "savesAboveExp": 0.063,
        "gsaa": 3.1,
        "corsi": "51.8% (63.1) // 55.0% (69.9) // 57.1% (75.4) // 54.1% (74.0)",
        "fenwick": "51.7% (47.2) // 56.3% (52.2) // 57.8% (56.2) // 55.2% (57.0)",
        "shots": "51.0% (34.2) // 57.3% (38.5) // 59.5% (41.8) // 56.7% (42.3)",
        "scoring": "52.4% (33.2) // 58.0% (37.4) // 57.9% (39.8) // 51.8% (37.7)",
        "corsiAgainst": "48.2% (58.7) // 45.0% (57.0) // 42.9% (56.6) // 45.9% (62.7)",
        "fenwickAgainst": "48.3% (44.1) // 43.7% (40.4) // 42.2% (41.0) // 44.8% (46.3)",
        "shotsAgainst": "49.0% (32.8) // 42.7% (28.6) // 40.5% (28.4) // 43.3% (32.3)",
        "scoringAgainst": "47.6% (30.1) // 42.0% (27.0) // 42.1% (29.0) // 48.2% (35.0)",
        "oppCorsi": "47.5% (52.4) // 51.6% (54.5) // 55.0% (53.9) // 58.5% (57.0)",
        "oppFenwick": "48.1% (39.2) // 53.0% (41.0) // 53.8% (39.1) // 55.1% (38.0)",
        "oppShots": "48.7% (28.4) // 53.4% (29.4) // 55.6% (28.1) // 56.4% (28.5)",
        "oppScoring": "46.2% (25.7) // 49.6% (26.6) // 52.6% (23.8) // 55.3% (23.5)",
        "oppCorsiAgainst": "52.5% (57.8) // 48.4% (51.1) // 45.0% (44.1) // 41.5% (40.5)",
        "oppFenwickAgainst": "51.9% (42.2) // 47.0% (36.4) // 46.2% (33.6) // 44.9% (31.0)",
        "oppShotsAgainst": "51.3% (29.9) // 46.6% (25.6) // 44.4% (22.4) // 43.6% (22.0)",
        "oppScoringAgainst": "53.8% (29.9) // 50.4% (27.0) // 47.4% (21.4) // 44.7% (19.0)",
        "savesPerGame": 29.9,
        "savesPerGameLast1": 31.0,
        "savesPerGameLast3": 29.7,
        "savesPerGameLast5": 25.2,
        "savesPer60": 30.0,
        "savesPer60Last1": 31.0,
        "savesPer60Last3": 29.3,
        "savesPer60Last5": 24.8,
        "shotsPerGame": 34.5,
        "shotsPerGameLast5": 41.8,
        "shotsAgainstPerGame": 33.2,
        "shotsAgainstPerGameLast5": 28.4,
        "oppSavesAgainstPer60": 26.0,
        "oppSavesAgainstPer60Last1": 30.4,
        "oppSavesAgainstPer60Last3": 28.5,
        "oppSavesAgainstPer60Last5": 27.8,
        "oppShotsAgainstPerGame": 30.3,
        "oppShotsAgainstPerGameLast5": 22.8,
        "savesProj": 28.6,
        "savesProjLast5": 24.7,
        "savesProjLast3": 29.6,
        "oppSavesAgainstProj": 27.5,
        "oppSavesAgainstProjLast5": 24.1,
        "oppSavesAgainstProjLast3": 29.1,
        "totalOver": 56,
        "totalOverLast5": 60,
        "totalOverLast15": 47,
        "lastTotalOver": 48,
        "last5": "31,30,5,13,31,15,38,26,14,23",
        "overOdds": "-110",
        "underOdds": "-120",
        "overUnder": "-110 / -120"
    },
    {
        "player": "Juuse Saros",
        "team": "NSH",
        "opponent": "BOS",
        "propType": "sv",
        "line": 30.5,
        "ppLine": "",
        "avg": 29.91,
        "hit": false,
        "diffAvg": -0.02,
        "diffAbs": 0.08,
        "lastAvg": 28.03,
        "diff": -0.08,
        "avgMin": 59,
        "proj": 28.2,
        "lastAvgMin": 58.67,
        "oppOver": 42,
        "teamOver": 44,
        "gameLine": "+250",
        "+/-": 0,
        "L5_+/-": 0,
        "prevMatchup": "2023-02-16 bos @ nsh 25.0 sv",
        "winLossSplits": "31.17 - 28.65",
        "awayHome": "A",
        "playedYesterday": "N",
        "awayHomeSplits": "29.52 - 30.23",
        "savesAboveExp": 0.483,
        "gsaa": 20.67,
        "corsi": "48.4% (57.4) // 45.9% (49.3) // 44.2% (46.1) // 44.8% (46.4)",
        "fenwick": "48.0% (42.2) // 44.6% (36.0) // 41.6% (32.6) // 42.7% (33.4)",
        "shots": "47.3% (29.4) // 44.5% (24.7) // 40.1% (22.0) // 39.2% (21.1)",
        "scoring": "47.4% (29.9) // 44.6% (25.0) // 42.6% (23.1) // 36.1% (18.5)",
        "corsiAgainst": "51.6% (61.2) // 54.1% (58.2) // 55.8% (58.2) // 55.2% (57.1)",
        "fenwickAgainst": "52.0% (45.8) // 55.4% (44.6) // 58.4% (45.7) // 57.3% (44.8)",
        "shotsAgainst": "52.7% (32.8) // 55.5% (30.8) // 59.9% (32.8) // 60.8% (32.8)",
        "scoringAgainst": "52.6% (33.2) // 55.4% (31.1) // 57.4% (31.2) // 63.9% (32.8)",
        "oppCorsi": "51.1% (57.7) // 50.1% (57.7) // 45.9% (52.1) // 44.1% (49.6)",
        "oppFenwick": "51.4% (43.5) // 48.5% (43.0) // 45.0% (40.4) // 42.1% (37.3)",
        "oppShots": "52.4% (32.5) // 51.0% (32.5) // 49.7% (31.4) // 49.5% (30.2)",
        "oppScoring": "52.9% (32.1) // 54.0% (34.5) // 50.9% (31.4) // 50.0% (29.8)",
        "oppCorsiAgainst": "48.9% (55.2) // 49.9% (57.4) // 54.1% (61.3) // 55.9% (62.9)",
        "oppFenwickAgainst": "48.6% (41.3) // 51.5% (45.6) // 55.0% (49.3) // 57.9% (51.2)",
        "oppShotsAgainst": "47.6% (29.4) // 49.0% (31.2) // 50.3% (31.7) // 50.5% (30.8)",
        "oppScoringAgainst": "47.1% (28.7) // 46.0% (29.5) // 49.1% (30.2) // 50.0% (29.8)",
        "savesPerGame": 30.3,
        "savesPerGameLast1": 31.0,
        "savesPerGameLast3": 30.0,
        "savesPerGameLast5": 29.0,
        "savesPer60": 30.4,
        "savesPer60Last1": 30.3,
        "savesPer60Last3": 30.6,
        "savesPer60Last5": 29.3,
        "shotsPerGame": 29.8,
        "shotsPerGameLast5": 22.8,
        "shotsAgainstPerGame": 33.3,
        "shotsAgainstPerGameLast5": 33.2,
        "oppSavesAgainstPer60": 29.1,
        "oppSavesAgainstPer60Last1": 35.0,
        "oppSavesAgainstPer60Last3": 28.8,
        "oppSavesAgainstPer60Last5": 27.4,
        "oppShotsAgainstPerGame": 29.8,
        "oppShotsAgainstPerGameLast5": 32.4,
        "savesProj": 31.7,
        "savesProjLast5": 28.4,
        "savesProjLast3": 30.7,
        "oppSavesAgainstProj": 31.7,
        "oppSavesAgainstProjLast5": 28.7,
        "oppSavesAgainstProjLast3": 31.8,
        "totalOver": 45,
        "totalOverLast5": 40,
        "totalOverLast15": 33,
        "lastTotalOver": 38,
        "last5": "32,27,28,26,31,19,28,33,39,26",
        "overOdds": "-115",
        "underOdds": "-115",
        "overUnder": "-115 / -115"
    },
    {
        "player": "Linus Ullmark",
        "team": "BOS",
        "opponent": "NSH",
        "propType": "sv",
        "line": 24.5,
        "ppLine": "",
        "avg": 28.11,
        "hit": false,
        "diffAvg": 0.15,
        "diffAbs": 0.01,
        "lastAvg": 24.3,
        "diff": -0.01,
        "avgMin": 58,
        "proj": 24.8,
        "lastAvgMin": 56.83,
        "oppOver": 62,
        "teamOver": 71,
        "gameLine": "-300",
        "+/-": 0,
        "L5_+/-": 0,
        "prevMatchup": "2023-02-16 bos @ nsh 28.0 sv",
        "winLossSplits": "28.89 - 26.59",
        "awayHome": "H",
        "playedYesterday": "N",
        "awayHomeSplits": "28.76 - 27.52",
        "savesAboveExp": 0.892,
        "gsaa": 43.65,
        "corsi": "51.1% (57.7) // 50.1% (57.7) // 45.9% (52.1) // 44.1% (49.6)",
        "fenwick": "51.4% (43.5) // 48.5% (43.0) // 45.0% (40.4) // 42.1% (37.3)",
        "shots": "52.4% (32.5) // 51.0% (32.5) // 49.7% (31.4) // 49.5% (30.2)",
        "scoring": "52.9% (32.1) // 54.0% (34.5) // 50.9% (31.4) // 50.0% (29.8)",
        "corsiAgainst": "48.9% (55.2) // 49.9% (57.4) // 54.1% (61.3) // 55.9% (62.9)",
        "fenwickAgainst": "48.6% (41.3) // 51.5% (45.6) // 55.0% (49.3) // 57.9% (51.2)",
        "shotsAgainst": "47.6% (29.4) // 49.0% (31.2) // 50.3% (31.7) // 50.5% (30.8)",
        "scoringAgainst": "47.1% (28.7) // 46.0% (29.5) // 49.1% (30.2) // 50.0% (29.8)",
        "oppCorsi": "48.4% (57.4) // 45.9% (49.3) // 44.2% (46.1) // 44.8% (46.4)",
        "oppFenwick": "48.0% (42.2) // 44.6% (36.0) // 41.6% (32.6) // 42.7% (33.4)",
        "oppShots": "47.3% (29.4) // 44.5% (24.7) // 40.1% (22.0) // 39.2% (21.1)",
        "oppScoring": "47.4% (29.9) // 44.6% (25.0) // 42.6% (23.1) // 36.1% (18.5)",
        "oppCorsiAgainst": "51.6% (61.2) // 54.1% (58.2) // 55.8% (58.2) // 55.2% (57.1)",
        "oppFenwickAgainst": "52.0% (45.8) // 55.4% (44.6) // 58.4% (45.7) // 57.3% (44.8)",
        "oppShotsAgainst": "52.7% (32.8) // 55.5% (30.8) // 59.9% (32.8) // 60.8% (32.8)",
        "oppScoringAgainst": "52.6% (33.2) // 55.4% (31.1) // 57.4% (31.2) // 63.9% (32.8)",
        "savesPerGame": 27.7,
        "savesPerGameLast1": 34.0,
        "savesPerGameLast3": 29.7,
        "savesPerGameLast5": 31.0,
        "savesPer60": 27.9,
        "savesPer60Last1": 36.8,
        "savesPer60Last3": 30.5,
        "savesPer60Last5": 31.5,
        "shotsPerGame": 32.9,
        "shotsPerGameLast5": 30.6,
        "shotsAgainstPerGame": 29.8,
        "shotsAgainstPerGameLast5": 32.4,
        "oppSavesAgainstPer60": 27.1,
        "oppSavesAgainstPer60Last1": 22.7,
        "oppSavesAgainstPer60Last3": 20.3,
        "oppSavesAgainstPer60Last5": 20.6,
        "oppShotsAgainstPerGame": 33.3,
        "oppShotsAgainstPerGameLast5": 33.2,
        "savesProj": 24.8,
        "savesProjLast5": 21.1,
        "savesProjLast3": 20.1,
        "oppSavesAgainstProj": 26.3,
        "oppSavesAgainstProjLast5": 22.2,
        "oppSavesAgainstProjLast3": 21.3,
        "totalOver": 75,
        "totalOverLast5": 80,
        "totalOverLast15": 80,
        "lastTotalOver": 50,
        "last5": "26,40,29,23,29,24,54,26,30,26",
        "overOdds": "-120",
        "underOdds": "-110",
        "overUnder": "-120 / -110"
    },
    {
        "player": "Igor Shesterkin",
        "team": "NYR",
        "opponent": "CBJ",
        "propType": "sv",
        "line": 26.5,
        "ppLine": "",
        "avg": 27.06,
        "hit": false,
        "diffAvg": 0.02,
        "diffAbs": 0.19,
        "lastAvg": 20.77,
        "diff": -0.22,
        "avgMin": 60,
        "proj": 21.5,
        "lastAvgMin": 57.93,
        "oppOver": 49,
        "teamOver": 49,
        "gameLine": "-390",
        "+/-": 0,
        "L5_+/-": 0,
        "prevMatchup": "2022-10-23 cbj @ nyr 16.0 sv 2023-01-16 nyr @ cbj 24.0 sv",
        "winLossSplits": "25.84 - 28.9",
        "awayHome": "H",
        "playedYesterday": "N",
        "awayHomeSplits": "27.64 - 26.63",
        "savesAboveExp": 0.388,
        "gsaa": 14.75,
        "corsi": "51.5% (58.3) // 46.4% (52.2) // 43.4% (46.8) // 40.6% (44.5)",
        "fenwick": "52.2% (43.9) // 48.7% (39.5) // 46.2% (36.8) // 44.4% (35.5)",
        "shots": "51.9% (31.3) // 49.3% (30.2) // 48.2% (29.4) // 47.5% (29.0)",
        "scoring": "51.6% (30.9) // 49.1% (28.6) // 48.2% (27.4) // 47.8% (27.0)",
        "corsiAgainst": "48.5% (54.8) // 53.6% (60.3) // 56.6% (61.0) // 59.4% (65.0)",
        "fenwickAgainst": "47.8% (40.2) // 51.3% (41.7) // 53.8% (42.8) // 55.6% (44.5)",
        "shotsAgainst": "48.1% (29.0) // 50.7% (31.1) // 51.8% (31.6) // 52.5% (32.0)",
        "scoringAgainst": "48.4% (29.0) // 50.9% (29.7) // 51.8% (29.4) // 52.2% (29.5)",
        "oppCorsi": "46.0% (55.7) // 46.9% (59.2) // 45.6% (56.0) // 42.5% (50.7)",
        "oppFenwick": "45.9% (41.4) // 46.6% (43.8) // 44.3% (40.2) // 41.2% (36.3)",
        "oppShots": "45.8% (29.5) // 47.8% (32.7) // 46.0% (31.1) // 41.7% (24.9)",
        "oppScoring": "45.2% (27.2) // 46.4% (31.4) // 46.3% (29.3) // 43.4% (26.4)",
        "oppCorsiAgainst": "54.0% (65.3) // 53.1% (67.0) // 54.4% (66.8) // 57.5% (68.6)",
        "oppFenwickAgainst": "54.1% (48.8) // 53.4% (50.2) // 55.7% (50.5) // 58.8% (51.7)",
        "oppShotsAgainst": "54.2% (34.9) // 52.2% (35.8) // 54.0% (36.5) // 58.3% (34.8)",
        "oppScoringAgainst": "54.8% (32.9) // 53.6% (36.3) // 53.7% (34.0) // 56.6% (34.3)",
        "savesPerGame": 26.8,
        "savesPerGameLast1": 31.0,
        "savesPerGameLast3": 32.0,
        "savesPerGameLast5": 30.2,
        "savesPer60": 26.9,
        "savesPer60Last1": 30.8,
        "savesPer60Last3": 31.6,
        "savesPer60Last5": 30.0,
        "shotsPerGame": 31.7,
        "shotsPerGameLast5": 29.4,
        "shotsAgainstPerGame": 29.4,
        "shotsAgainstPerGameLast5": 31.6,
        "oppSavesAgainstPer60": 27.1,
        "oppSavesAgainstPer60Last1": 20.9,
        "oppSavesAgainstPer60Last3": 25.3,
        "oppSavesAgainstPer60Last5": 29.7,
        "oppShotsAgainstPerGame": 35.2,
        "oppShotsAgainstPerGameLast5": 37.2,
        "savesProj": 23.3,
        "savesProjLast5": 28.5,
        "savesProjLast3": 25.3,
        "oppSavesAgainstProj": 25.4,
        "oppSavesAgainstProjLast5": 28.8,
        "oppSavesAgainstProjLast3": 25.1,
        "totalOver": 46,
        "totalOverLast5": 100,
        "totalOverLast15": 40,
        "lastTotalOver": 74,
        "last5": "29,36,33,30,28,32,23,20,26,26",
        "overOdds": "-105",
        "underOdds": "-125",
        "overUnder": "-105 / -125"
    },
    {
        "player": "Pyotr Kochetkov",
        "team": "CAR",
        "opponent": "TB",
        "propType": "sv",
        "line": 24.5,
        "ppLine": "",
        "avg": 24.04,
        "hit": false,
        "diffAvg": -0.02,
        "diffAbs": 1.0,
        "lastAvg": 0,
        "diff": 0,
        "avgMin": 58,
        "proj": 0.0,
        "lastAvgMin": 0,
        "oppOver": 74,
        "teamOver": 40,
        "gameLine": "-135",
        "+/-": 0,
        "L5_+/-": 0,
        "prevMatchup": "2022-11-03 car @ tb 23.0 sv 2023-03-05 tb @ car 14.0 sv",
        "winLossSplits": "26.26 - 23.11",
        "awayHome": "H",
        "playedYesterday": "N",
        "awayHomeSplits": "23.69 - 24.5",
        "savesAboveExp": 0.627,
        "gsaa": 4.24,
        "corsi": "59.7% (67.2) // 59.3% (65.8) // 55.6% (63.2) // 53.3% (60.6)",
        "fenwick": "59.0% (50.7) // 57.6% (48.7) // 53.4% (47.5) // 52.0% (46.1)",
        "shots": "57.1% (34.3) // 53.8% (31.8) // 50.9% (33.0) // 49.2% (30.8)",
        "scoring": "58.4% (33.3) // 51.7% (28.6) // 47.3% (27.9) // 44.6% (27.9)",
        "corsiAgainst": "40.3% (45.4) // 40.7% (45.2) // 44.4% (50.5) // 46.7% (53.2)",
        "fenwickAgainst": "41.0% (35.3) // 42.4% (35.9) // 46.6% (41.4) // 48.0% (42.5)",
        "shotsAgainst": "42.9% (25.8) // 46.2% (27.4) // 49.1% (31.8) // 50.8% (31.8)",
        "scoringAgainst": "41.6% (23.7) // 48.3% (26.8) // 52.7% (31.0) // 55.4% (34.7)",
        "oppCorsi": "51.5% (59.6) // 54.6% (61.3) // 54.0% (61.8) // 49.1% (57.0)",
        "oppFenwick": "51.7% (44.9) // 53.7% (44.9) // 52.1% (44.4) // 47.7% (41.5)",
        "oppShots": "50.6% (31.7) // 53.7% (31.3) // 50.8% (30.8) // 44.8% (28.0)",
        "oppScoring": "53.1% (34.0) // 52.6% (30.9) // 50.8% (30.4) // 43.7% (29.5)",
        "oppCorsiAgainst": "48.5% (56.1) // 45.4% (51.0) // 46.0% (52.6) // 50.9% (59.0)",
        "oppFenwickAgainst": "48.3% (42.0) // 46.3% (38.8) // 47.9% (40.8) // 52.3% (45.5)",
        "oppShotsAgainst": "49.4% (30.9) // 46.3% (26.9) // 49.2% (29.8) // 55.2% (34.5)",
        "oppScoringAgainst": "46.9% (30.0) // 47.4% (27.8) // 49.2% (29.4) // 56.3% (38.0)",
        "savesPerGame": 23.6,
        "savesPerGameLast1": 35.0,
        "savesPerGameLast3": 30.0,
        "savesPerGameLast5": 29.6,
        "savesPer60": 23.8,
        "savesPer60Last1": 37.9,
        "savesPer60Last3": 30.5,
        "savesPer60Last5": 29.7,
        "shotsPerGame": 34.8,
        "shotsPerGameLast5": 33.6,
        "shotsAgainstPerGame": 26.2,
        "shotsAgainstPerGameLast5": 32.4,
        "oppSavesAgainstPer60": 28.7,
        "oppSavesAgainstPer60Last1": 25.9,
        "oppSavesAgainstPer60Last3": 28.4,
        "oppSavesAgainstPer60Last5": 28.5,
        "oppShotsAgainstPerGame": 31.2,
        "oppShotsAgainstPerGameLast5": 29.8,
        "savesProj": 24.2,
        "savesProjLast5": 30.0,
        "savesProjLast3": 30.4,
        "oppSavesAgainstProj": 24.1,
        "oppSavesAgainstProjLast5": 30.0,
        "oppSavesAgainstProjLast3": 29.8,
        "totalOver": 43,
        "totalOverLast5": 40,
        "totalOverLast15": 40,
        "lastTotalOver": 29,
        "last5": "41,19,20,19,29,18,20,26,37,23",
        "overOdds": "-135",
        "underOdds": "+105",
        "overUnder": "-135 / +105"
    },
    {
        "player": "Andrei Vasilevskiy",
        "team": "TB",
        "opponent": "CAR",
        "propType": "sv",
        "line": 30.5,
        "ppLine": "",
        "avg": 28.47,
        "hit": false,
        "diffAvg": -0.07,
        "diffAbs": 0.36,
        "lastAvg": 19.68,
        "diff": -0.35,
        "avgMin": 59,
        "proj": 19.5,
        "lastAvgMin": 59.68,
        "oppOver": 53,
        "teamOver": 35,
        "gameLine": "+115",
        "+/-": 0,
        "L5_+/-": 0,
        "prevMatchup": "2022-11-03 car @ tb 52.0 sv 2023-03-05 tb @ car 32.0 sv",
        "winLossSplits": "28.77 - 27.96",
        "awayHome": "A",
        "playedYesterday": "N",
        "awayHomeSplits": "28.5 - 28.45",
        "savesAboveExp": 0.522,
        "gsaa": 16.45,
        "corsi": "51.5% (59.6) // 54.6% (61.3) // 54.0% (61.8) // 49.1% (57.0)",
        "fenwick": "51.7% (44.9) // 53.7% (44.9) // 52.1% (44.4) // 47.7% (41.5)",
        "shots": "50.6% (31.7) // 53.7% (31.3) // 50.8% (30.8) // 44.8% (28.0)",
        "scoring": "53.1% (34.0) // 52.6% (30.9) // 50.8% (30.4) // 43.7% (29.5)",
        "corsiAgainst": "48.5% (56.1) // 45.4% (51.0) // 46.0% (52.6) // 50.9% (59.0)",
        "fenwickAgainst": "48.3% (42.0) // 46.3% (38.8) // 47.9% (40.8) // 52.3% (45.5)",
        "shotsAgainst": "49.4% (30.9) // 46.3% (26.9) // 49.2% (29.8) // 55.2% (34.5)",
        "scoringAgainst": "46.9% (30.0) // 47.4% (27.8) // 49.2% (29.4) // 56.3% (38.0)",
        "oppCorsi": "59.7% (67.2) // 59.3% (65.8) // 55.6% (63.2) // 53.3% (60.6)",
        "oppFenwick": "59.0% (50.7) // 57.6% (48.7) // 53.4% (47.5) // 52.0% (46.1)",
        "oppShots": "57.1% (34.3) // 53.8% (31.8) // 50.9% (33.0) // 49.2% (30.8)",
        "oppScoring": "58.4% (33.3) // 51.7% (28.6) // 47.3% (27.9) // 44.6% (27.9)",
        "oppCorsiAgainst": "40.3% (45.4) // 40.7% (45.2) // 44.4% (50.5) // 46.7% (53.2)",
        "oppFenwickAgainst": "41.0% (35.3) // 42.4% (35.9) // 46.6% (41.4) // 48.0% (42.5)",
        "oppShotsAgainst": "42.9% (25.8) // 46.2% (27.4) // 49.1% (31.8) // 50.8% (31.8)",
        "oppScoringAgainst": "41.6% (23.7) // 48.3% (26.8) // 52.7% (31.0) // 55.4% (34.7)",
        "savesPerGame": 28.1,
        "savesPerGameLast1": 32.0,
        "savesPerGameLast3": 25.7,
        "savesPerGameLast5": 25.8,
        "savesPer60": 28.1,
        "savesPer60Last1": 31.5,
        "savesPer60Last3": 25.4,
        "savesPer60Last5": 25.5,
        "shotsPerGame": 32.0,
        "shotsPerGameLast5": 30.8,
        "shotsAgainstPerGame": 31.2,
        "shotsAgainstPerGameLast5": 29.8,
        "oppSavesAgainstPer60": 31.7,
        "oppSavesAgainstPer60Last1": 34.0,
        "oppSavesAgainstPer60Last3": 28.8,
        "oppSavesAgainstPer60Last5": 30.8,
        "oppShotsAgainstPerGame": 26.2,
        "oppShotsAgainstPerGameLast5": 32.4,
        "savesProj": 37.2,
        "savesProjLast5": 32.4,
        "savesProjLast3": 30.6,
        "oppSavesAgainstProj": 31.4,
        "oppSavesAgainstProjLast5": 27.9,
        "oppSavesAgainstProjLast3": 26.1,
        "totalOver": 38,
        "totalOverLast5": 60,
        "totalOverLast15": 47,
        "lastTotalOver": 30,
        "last5": "32,17,34,32,22,19,17,33,32,27",
        "overOdds": "-110",
        "underOdds": "-120",
        "overUnder": "-110 / -120"
    },
    {
        "player": "Carter Hart",
        "team": "PHI",
        "opponent": "MTL",
        "propType": "sv",
        "line": 24.5,
        "ppLine": "",
        "avg": 27.71,
        "hit": false,
        "diffAvg": 0.13,
        "diffAbs": 0.17,
        "lastAvg": 28.98,
        "diff": 0.18,
        "avgMin": 57,
        "proj": 28.6,
        "lastAvgMin": 57.83,
        "oppOver": 49,
        "teamOver": 72,
        "gameLine": "-150",
        "+/-": 0,
        "L5_+/-": 0,
        "prevMatchup": "2022-11-19 phi @ mtl 28.0 sv 2023-02-24 mtl @ phi 26.0 sv",
        "winLossSplits": "32.29 - 26.66",
        "awayHome": "H",
        "playedYesterday": "N",
        "awayHomeSplits": "27.83 - 27.62",
        "savesAboveExp": 0.493,
        "gsaa": 7.17,
        "corsi": "46.5% (53.5) // 45.3% (51.9) // 41.9% (46.7) // 49.1% (50.9)",
        "fenwick": "47.4% (39.9) // 46.9% (39.7) // 44.5% (37.4) // 50.3% (38.4)",
        "shots": "48.2% (28.9) // 46.8% (28.5) // 46.3% (27.6) // 51.4% (26.9)",
        "scoring": "44.8% (25.5) // 46.3% (26.5) // 45.2% (25.4) // 51.5% (24.5)",
        "corsiAgainst": "53.5% (61.6) // 54.7% (62.7) // 58.1% (64.8) // 50.9% (52.8)",
        "fenwickAgainst": "52.6% (44.2) // 53.1% (45.1) // 55.5% (46.7) // 49.7% (37.9)",
        "shotsAgainst": "51.8% (31.1) // 53.2% (32.5) // 53.7% (32.0) // 48.6% (25.4)",
        "scoringAgainst": "55.2% (31.4) // 53.7% (30.7) // 54.8% (30.8) // 48.5% (23.0)",
        "oppCorsi": "44.9% (51.2) // 44.8% (49.9) // 49.4% (52.7) // 57.9% (61.6)",
        "oppFenwick": "45.0% (37.3) // 45.6% (37.0) // 51.6% (41.5) // 59.4% (48.0)",
        "oppShots": "45.0% (27.3) // 44.0% (26.2) // 49.0% (28.5) // 57.5% (33.7)",
        "oppScoring": "43.0% (25.3) // 42.9% (23.9) // 48.3% (25.2) // 57.7% (30.5)",
        "oppCorsiAgainst": "55.1% (62.8) // 55.2% (61.6) // 50.6% (54.1) // 42.1% (44.8)",
        "oppFenwickAgainst": "55.0% (45.7) // 54.4% (44.2) // 48.4% (39.0) // 40.6% (32.8)",
        "oppShotsAgainst": "55.0% (33.3) // 56.0% (33.3) // 51.0% (29.7) // 42.5% (25.0)",
        "oppScoringAgainst": "57.0% (33.6) // 57.1% (31.8) // 51.7% (27.0) // 42.3% (22.4)",
        "savesPerGame": 28.2,
        "savesPerGameLast1": 29.0,
        "savesPerGameLast3": 30.0,
        "savesPerGameLast5": 31.0,
        "savesPer60": 28.0,
        "savesPer60Last1": 29.0,
        "savesPer60Last3": 30.8,
        "savesPer60Last5": 31.6,
        "shotsPerGame": 29.2,
        "shotsPerGameLast5": 27.0,
        "shotsAgainstPerGame": 31.4,
        "shotsAgainstPerGameLast5": 33.8,
        "oppSavesAgainstPer60": 24.9,
        "oppSavesAgainstPer60Last1": 38.0,
        "oppSavesAgainstPer60Last3": 30.4,
        "oppSavesAgainstPer60Last5": 25.2,
        "oppShotsAgainstPerGame": 33.7,
        "oppShotsAgainstPerGameLast5": 30.2,
        "savesProj": 23.0,
        "savesProjLast5": 26.4,
        "savesProjLast3": 31.0,
        "oppSavesAgainstProj": 24.5,
        "oppSavesAgainstProjLast5": 26.3,
        "oppSavesAgainstProjLast3": 30.9,
        "totalOver": 65,
        "totalOverLast5": 80,
        "totalOverLast15": 53,
        "lastTotalOver": 76,
        "last5": "29,20,41,36,27,34,25,22,26,23",
        "overOdds": "-125",
        "underOdds": "-105",
        "overUnder": "-125 / -105"
    },
    {
        "player": "Felix Sandstrom",
        "team": "PHI",
        "opponent": "MTL",
        "propType": "sv",
        "line": 25.5,
        "ppLine": "",
        "avg": 24.93,
        "hit": false,
        "diffAvg": -0.02,
        "diffAbs": 0.19,
        "lastAvg": 32.2,
        "diff": 0.26,
        "avgMin": 56,
        "proj": 30.3,
        "lastAvgMin": 59.45,
        "oppOver": 42,
        "teamOver": 62,
        "gameLine": "-150",
        "+/-": 0,
        "L5_+/-": 0,
        "prevMatchup": "2022-11-19 phi @ mtl 28.0 sv 2023-02-24 mtl @ phi 26.0 sv",
        "winLossSplits": "27.0 - 26.09",
        "awayHome": "H",
        "playedYesterday": "N",
        "awayHomeSplits": "27.83 - 22.75",
        "savesAboveExp": -0.431,
        "gsaa": -8.01,
        "corsi": "46.5% (53.5) // 45.3% (51.9) // 41.9% (46.7) // 49.1% (50.9)",
        "fenwick": "47.4% (39.9) // 46.9% (39.7) // 44.5% (37.4) // 50.3% (38.4)",
        "shots": "48.2% (28.9) // 46.8% (28.5) // 46.3% (27.6) // 51.4% (26.9)",
        "scoring": "44.8% (25.5) // 46.3% (26.5) // 45.2% (25.4) // 51.5% (24.5)",
        "corsiAgainst": "53.5% (61.6) // 54.7% (62.7) // 58.1% (64.8) // 50.9% (52.8)",
        "fenwickAgainst": "52.6% (44.2) // 53.1% (45.1) // 55.5% (46.7) // 49.7% (37.9)",
        "shotsAgainst": "51.8% (31.1) // 53.2% (32.5) // 53.7% (32.0) // 48.6% (25.4)",
        "scoringAgainst": "55.2% (31.4) // 53.7% (30.7) // 54.8% (30.8) // 48.5% (23.0)",
        "oppCorsi": "44.9% (51.2) // 44.8% (49.9) // 49.4% (52.7) // 57.9% (61.6)",
        "oppFenwick": "45.0% (37.3) // 45.6% (37.0) // 51.6% (41.5) // 59.4% (48.0)",
        "oppShots": "45.0% (27.3) // 44.0% (26.2) // 49.0% (28.5) // 57.5% (33.7)",
        "oppScoring": "43.0% (25.3) // 42.9% (23.9) // 48.3% (25.2) // 57.7% (30.5)",
        "oppCorsiAgainst": "55.1% (62.8) // 55.2% (61.6) // 50.6% (54.1) // 42.1% (44.8)",
        "oppFenwickAgainst": "55.0% (45.7) // 54.4% (44.2) // 48.4% (39.0) // 40.6% (32.8)",
        "oppShotsAgainst": "55.0% (33.3) // 56.0% (33.3) // 51.0% (29.7) // 42.5% (25.0)",
        "oppScoringAgainst": "57.0% (33.6) // 57.1% (31.8) // 51.7% (27.0) // 42.3% (22.4)",
        "savesPerGame": 28.2,
        "savesPerGameLast1": 29.0,
        "savesPerGameLast3": 30.0,
        "savesPerGameLast5": 31.0,
        "savesPer60": 28.0,
        "savesPer60Last1": 29.0,
        "savesPer60Last3": 30.8,
        "savesPer60Last5": 31.6,
        "shotsPerGame": 29.2,
        "shotsPerGameLast5": 27.0,
        "shotsAgainstPerGame": 31.4,
        "shotsAgainstPerGameLast5": 33.8,
        "oppSavesAgainstPer60": 24.9,
        "oppSavesAgainstPer60Last1": 38.0,
        "oppSavesAgainstPer60Last3": 30.4,
        "oppSavesAgainstPer60Last5": 25.2,
        "oppShotsAgainstPerGame": 33.7,
        "oppShotsAgainstPerGameLast5": 30.2,
        "savesProj": 23.0,
        "savesProjLast5": 26.4,
        "savesProjLast3": 31.0,
        "oppSavesAgainstProj": 24.5,
        "oppSavesAgainstProjLast5": 26.3,
        "oppSavesAgainstProjLast3": 30.9,
        "totalOver": 57,
        "totalOverLast5": 60,
        "totalOverLast15": 57,
        "lastTotalOver": 80,
        "last5": "29,28,28,17,25,22,18,8,29,26",
        "overOdds": "-105",
        "underOdds": "-125",
        "overUnder": "-105 / -125"
    },
    {
        "player": "Jordan Binnington",
        "team": "STL",
        "opponent": "VAN",
        "propType": "sv",
        "line": 26.5,
        "ppLine": "",
        "avg": 26.48,
        "hit": false,
        "diffAvg": -0.0,
        "diffAbs": 0.12,
        "lastAvg": 23.79,
        "diff": -0.1,
        "avgMin": 57,
        "proj": 23.4,
        "lastAvgMin": 57.97,
        "oppOver": 51,
        "teamOver": 59,
        "gameLine": "-110",
        "+/-": 0,
        "L5_+/-": 0,
        "prevMatchup": "2022-12-19 stl @ van 33.0 sv 2023-02-23 van @ stl 38.0 sv",
        "winLossSplits": "28.2 - 27.19",
        "awayHome": "H",
        "playedYesterday": "N",
        "awayHomeSplits": "26.87 - 26.19",
        "savesAboveExp": -0.172,
        "gsaa": -20.11,
        "corsi": "46.2% (50.6) // 43.9% (46.7) // 42.8% (43.5) // 45.4% (47.3)",
        "fenwick": "46.3% (38.7) // 43.6% (35.3) // 41.8% (32.3) // 44.2% (35.3)",
        "shots": "46.9% (28.3) // 45.1% (26.2) // 44.6% (23.4) // 48.8% (26.7)",
        "scoring": "46.6% (27.4) // 45.3% (24.8) // 44.8% (23.0) // 46.0% (23.3)",
        "corsiAgainst": "53.8% (58.9) // 56.1% (59.6) // 57.2% (58.2) // 54.6% (57.0)",
        "fenwickAgainst": "53.7% (44.9) // 56.4% (45.7) // 58.2% (44.9) // 55.8% (44.7)",
        "shotsAgainst": "53.1% (32.0) // 54.9% (31.8) // 55.4% (29.1) // 51.2% (28.0)",
        "scoringAgainst": "53.4% (31.4) // 54.7% (30.0) // 55.2% (28.3) // 54.0% (27.3)",
        "oppCorsi": "49.5% (54.7) // 50.9% (53.4) // 50.6% (51.6) // 52.0% (51.0)",
        "oppFenwick": "49.4% (41.1) // 52.2% (41.1) // 51.2% (38.8) // 51.4% (36.3)",
        "oppShots": "49.6% (29.7) // 52.2% (27.9) // 50.9% (27.5) // 50.0% (25.3)",
        "oppScoring": "49.4% (28.7) // 53.8% (28.7) // 52.6% (27.0) // 52.5% (28.0)",
        "oppCorsiAgainst": "50.5% (55.8) // 49.1% (51.5) // 49.4% (50.5) // 48.0% (47.0)",
        "oppFenwickAgainst": "50.6% (42.1) // 47.8% (37.7) // 48.8% (37.0) // 48.6% (34.3)",
        "oppShotsAgainst": "50.4% (30.2) // 47.8% (25.5) // 49.1% (26.5) // 50.0% (25.3)",
        "oppScoringAgainst": "50.6% (29.4) // 46.2% (24.7) // 47.4% (24.3) // 47.5% (25.3)",
        "savesPerGame": 28.6,
        "savesPerGameLast1": 24.0,
        "savesPerGameLast3": 23.7,
        "savesPerGameLast5": 26.6,
        "savesPer60": 28.6,
        "savesPer60Last1": 23.3,
        "savesPer60Last3": 23.4,
        "savesPer60Last5": 26.9,
        "shotsPerGame": 28.5,
        "shotsPerGameLast5": 23.8,
        "shotsAgainstPerGame": 32.3,
        "shotsAgainstPerGameLast5": 29.6,
        "oppSavesAgainstPer60": 26.9,
        "oppSavesAgainstPer60Last1": 26.2,
        "oppSavesAgainstPer60Last3": 20.4,
        "oppSavesAgainstPer60Last5": 26.3,
        "oppShotsAgainstPerGame": 30.6,
        "oppShotsAgainstPerGameLast5": 24.2,
        "savesProj": 28.3,
        "savesProjLast5": 26.1,
        "savesProjLast3": 17.9,
        "oppSavesAgainstProj": 27.3,
        "oppSavesAgainstProjLast5": 26.0,
        "oppSavesAgainstProjLast3": 17.8,
        "totalOver": 48,
        "totalOverLast5": 20,
        "totalOverLast15": 53,
        "lastTotalOver": 57,
        "last5": "12,22,19,26,32,21,34,21,45,38",
        "overOdds": "-115",
        "underOdds": "-115",
        "overUnder": "-115 / -115"
    },
    {
        "player": "Thatcher Demko",
        "team": "VAN",
        "opponent": "STL",
        "propType": "sv",
        "line": 25.5,
        "ppLine": "",
        "avg": 27.54,
        "hit": false,
        "diffAvg": 0.08,
        "diffAbs": 0.09,
        "lastAvg": 27.68,
        "diff": 0.09,
        "avgMin": 58,
        "proj": 27.8,
        "lastAvgMin": 57.82,
        "oppOver": 47,
        "teamOver": 56,
        "gameLine": "-110",
        "+/-": 0,
        "L5_+/-": 0,
        "prevMatchup": "2022-12-19 stl @ van 22.0 sv 2023-02-23 van @ stl 20.0 sv",
        "winLossSplits": "28.21 - 29.36",
        "awayHome": "A",
        "playedYesterday": "N",
        "awayHomeSplits": "28.42 - 26.79",
        "savesAboveExp": -0.786,
        "gsaa": -4.44,
        "corsi": "49.5% (54.7) // 50.9% (53.4) // 50.6% (51.6) // 52.0% (51.0)",
        "fenwick": "49.4% (41.1) // 52.2% (41.1) // 51.2% (38.8) // 51.4% (36.3)",
        "shots": "49.6% (29.7) // 52.2% (27.9) // 50.9% (27.5) // 50.0% (25.3)",
        "scoring": "49.4% (28.7) // 53.8% (28.7) // 52.6% (27.0) // 52.5% (28.0)",
        "corsiAgainst": "50.5% (55.8) // 49.1% (51.5) // 49.4% (50.5) // 48.0% (47.0)",
        "fenwickAgainst": "50.6% (42.1) // 47.8% (37.7) // 48.8% (37.0) // 48.6% (34.3)",
        "shotsAgainst": "50.4% (30.2) // 47.8% (25.5) // 49.1% (26.5) // 50.0% (25.3)",
        "scoringAgainst": "50.6% (29.4) // 46.2% (24.7) // 47.4% (24.3) // 47.5% (25.3)",
        "oppCorsi": "46.2% (50.6) // 43.9% (46.7) // 42.8% (43.5) // 45.4% (47.3)",
        "oppFenwick": "46.3% (38.7) // 43.6% (35.3) // 41.8% (32.3) // 44.2% (35.3)",
        "oppShots": "46.9% (28.3) // 45.1% (26.2) // 44.6% (23.4) // 48.8% (26.7)",
        "oppScoring": "46.6% (27.4) // 45.3% (24.8) // 44.8% (23.0) // 46.0% (23.3)",
        "oppCorsiAgainst": "53.8% (58.9) // 56.1% (59.6) // 57.2% (58.2) // 54.6% (57.0)",
        "oppFenwickAgainst": "53.7% (44.9) // 56.4% (45.7) // 58.2% (44.9) // 55.8% (44.7)",
        "oppShotsAgainst": "53.1% (32.0) // 54.9% (31.8) // 55.4% (29.1) // 51.2% (28.0)",
        "oppScoringAgainst": "53.4% (31.4) // 54.7% (30.0) // 55.2% (28.3) // 54.0% (27.3)",
        "savesPerGame": 27.0,
        "savesPerGameLast1": 29.0,
        "savesPerGameLast3": 23.7,
        "savesPerGameLast5": 22.2,
        "savesPer60": 27.0,
        "savesPer60Last1": 29.0,
        "savesPer60Last3": 23.6,
        "savesPer60Last5": 21.9,
        "shotsPerGame": 30.1,
        "shotsPerGameLast5": 30.0,
        "shotsAgainstPerGame": 30.6,
        "shotsAgainstPerGameLast5": 24.2,
        "oppSavesAgainstPer60": 25.4,
        "oppSavesAgainstPer60Last1": 15.9,
        "oppSavesAgainstPer60Last3": 21.1,
        "oppSavesAgainstPer60Last5": 19.5,
        "oppShotsAgainstPerGame": 32.3,
        "oppShotsAgainstPerGameLast5": 29.6,
        "savesProj": 23.9,
        "savesProjLast5": 15.0,
        "savesProjLast3": 17.6,
        "oppSavesAgainstProj": 24.3,
        "oppSavesAgainstProjLast5": 16.2,
        "oppSavesAgainstProjLast3": 18.9,
        "totalOver": 54,
        "totalOverLast5": 20,
        "totalOverLast15": 40,
        "lastTotalOver": 68,
        "last5": "25,17,23,38,24,25,18,20,36,34",
        "overOdds": "-120",
        "underOdds": "-110",
        "overUnder": "-120 / -110"
    },
    {
        "player": "Alex Stalock",
        "team": "CHI",
        "opponent": "DAL",
        "propType": "sv",
        "line": 29.5,
        "ppLine": "",
        "avg": 27.05,
        "hit": false,
        "diffAvg": -0.08,
        "diffAbs": 1.0,
        "lastAvg": 0,
        "diff": 0,
        "avgMin": 53,
        "proj": 0.0,
        "lastAvgMin": 0,
        "oppOver": 40,
        "teamOver": 51,
        "gameLine": "+250",
        "+/-": 0,
        "L5_+/-": 0,
        "prevMatchup": "2022-11-23 chi @ dal 33.0 sv 2023-02-22 chi @ dal 0 sv 2023-03-02 dal @ chi 31.0 sv",
        "winLossSplits": "32.49 - 29.8",
        "awayHome": "H",
        "playedYesterday": "N",
        "awayHomeSplits": "29.22 - 25.54",
        "savesAboveExp": 0.296,
        "gsaa": 7.36,
        "corsi": "44.1% (48.6) // 45.3% (49.3) // 50.4% (54.0) // 47.5% (50.7)",
        "fenwick": "44.4% (36.7) // 45.2% (37.7) // 51.2% (41.4) // 49.4% (40.0)",
        "shots": "44.2% (26.4) // 43.6% (25.9) // 51.1% (28.6) // 49.4% (27.3)",
        "scoring": "41.6% (23.4) // 42.0% (22.9) // 46.9% (24.2) // 48.0% (24.3)",
        "corsiAgainst": "55.9% (61.5) // 54.7% (59.5) // 49.6% (53.2) // 52.5% (56.0)",
        "fenwickAgainst": "55.6% (46.0) // 54.8% (45.7) // 48.8% (39.4) // 50.6% (41.0)",
        "shotsAgainst": "55.8% (33.4) // 56.4% (33.4) // 48.9% (27.4) // 50.6% (28.0)",
        "scoringAgainst": "58.4% (32.8) // 58.0% (31.6) // 53.1% (27.4) // 52.0% (26.3)",
        "oppCorsi": "51.5% (60.4) // 50.6% (55.8) // 47.5% (54.0) // 47.3% (56.0)",
        "oppFenwick": "50.7% (44.0) // 48.8% (41.2) // 44.5% (37.7) // 43.6% (37.5)",
        "oppShots": "51.1% (31.7) // 50.0% (30.1) // 46.5% (27.7) // 47.2% (29.5)",
        "oppScoring": "52.8% (31.6) // 51.9% (30.3) // 49.0% (30.7) // 45.0% (29.0)",
        "oppCorsiAgainst": "48.5% (56.9) // 49.4% (54.4) // 52.5% (59.6) // 52.7% (62.5)",
        "oppFenwickAgainst": "49.3% (42.7) // 51.2% (43.2) // 55.5% (46.9) // 56.4% (48.5)",
        "oppShotsAgainst": "48.9% (30.4) // 50.0% (30.1) // 53.5% (31.9) // 52.8% (33.0)",
        "oppScoringAgainst": "47.2% (28.3) // 48.1% (28.1) // 51.0% (31.9) // 55.0% (35.5)",
        "savesPerGame": 30.2,
        "savesPerGameLast1": 27.0,
        "savesPerGameLast3": 23.7,
        "savesPerGameLast5": 23.0,
        "savesPer60": 29.6,
        "savesPer60Last1": 26.3,
        "savesPer60Last3": 23.4,
        "savesPer60Last5": 22.7,
        "shotsPerGame": 26.7,
        "shotsPerGameLast5": 28.6,
        "shotsAgainstPerGame": 33.7,
        "shotsAgainstPerGameLast5": 27.4,
        "oppSavesAgainstPer60": 28.6,
        "oppSavesAgainstPer60Last1": 27.0,
        "oppSavesAgainstPer60Last3": 27.3,
        "oppSavesAgainstPer60Last5": 25.1,
        "oppShotsAgainstPerGame": 30.8,
        "oppShotsAgainstPerGameLast5": 32.2,
        "savesProj": 29.8,
        "savesProjLast5": 20.1,
        "savesProjLast3": 22.1,
        "oppSavesAgainstProj": 30.2,
        "oppSavesAgainstProjLast5": 21.0,
        "oppSavesAgainstProjLast3": 23.2,
        "totalOver": 41,
        "totalOverLast5": 20,
        "totalOverLast15": 33,
        "lastTotalOver": 0,
        "last5": "22,27,17,35,23,37,35,29,21,44",
        "overOdds": "-110",
        "underOdds": "-120",
        "overUnder": "-110 / -120"
    },
    {
        "player": "Jake Oettinger",
        "team": "DAL",
        "opponent": "CHI",
        "propType": "sv",
        "line": 24.5,
        "ppLine": "",
        "avg": 27.15,
        "hit": false,
        "diffAvg": 0.11,
        "diffAbs": 0.07,
        "lastAvg": 22.13,
        "diff": -0.1,
        "avgMin": 58,
        "proj": 22.8,
        "lastAvgMin": 56.4,
        "oppOver": 45,
        "teamOver": 74,
        "gameLine": "-300",
        "+/-": 0,
        "L5_+/-": 0,
