[
    {
        "player": "Ukko-Pekka Luukkonen",
        "team": "BUF",
        "opponent": "NJ",
        "propType": "sv",
        "line": 31.5,
        "ppLine": "",
        "avg": 28.19,
        "hit": false,
        "diffAvg": -0.11,
        "diffAbs": 0.09,
        "lastAvg": 28.22,
        "diff": -0.1,
        "avgMin": 57,
        "proj": 28.8,
        "lastAvgMin": 55.88,
        "oppOver": 51,
        "teamOver": 39,
        "gameLine": "+155",
        "+/-": 0,
        "L5_+/-": 0,
        "prevMatchup": "2022-11-25 nj @ buf 41.0 sv",
        "winLossSplits": "31.11 - 27.07",
        "awayHome": "H",
        "playedYesterday": "N",
        "awayHomeSplits": "31.93 - 25.12",
        "savesAboveExp": 0.461,
        "gsaa": -14.03,
        "corsi": "51.2% (57.8) // 51.4% (57.5) // 54.1% (58.0) // 55.8% (55.5)",
        "fenwick": "49.7% (43.5) // 49.8% (43.3) // 54.6% (46.0) // 55.1% (46.0)",
        "shots": "49.3% (31.9) // 48.6% (30.6) // 51.9% (29.9) // 52.3% (28.5)",
        "scoring": "50.0% (30.6) // 47.9% (28.7) // 48.7% (28.2) // 46.6% (27.5)",
        "corsiAgainst": "48.8% (55.0) // 48.6% (54.5) // 45.9% (49.2) // 44.2% (44.0)",
        "fenwickAgainst": "50.3% (44.0) // 50.2% (43.7) // 45.4% (38.2) // 44.9% (37.5)",
        "shotsAgainst": "50.7% (32.8) // 51.4% (32.4) // 48.1% (27.7) // 47.7% (26.0)",
        "scoringAgainst": "50.0% (30.7) // 52.1% (31.2) // 51.3% (29.6) // 53.4% (31.5)",
        "oppCorsi": "53.4% (63.2) // 53.4% (63.2) // 52.4% (64.1) // 51.1% (64.9)",
        "oppFenwick": "53.7% (46.7) // 53.8% (46.3) // 53.2% (48.0) // 52.0% (50.3)",
        "oppShots": "55.0% (34.1) // 55.8% (34.4) // 54.9% (34.8) // 56.5% (39.6)",
        "oppScoring": "55.6% (34.3) // 57.1% (34.6) // 54.9% (33.9) // 52.3% (33.1)",
        "oppCorsiAgainst": "46.6% (55.2) // 46.6% (55.2) // 47.6% (58.3) // 48.9% (62.0)",
        "oppFenwickAgainst": "46.3% (40.2) // 46.2% (39.8) // 46.8% (42.2) // 48.0% (46.4)",
        "oppShotsAgainst": "45.0% (27.9) // 44.2% (27.3) // 45.1% (28.6) // 43.5% (30.5)",
        "oppScoringAgainst": "44.4% (27.4) // 42.9% (26.0) // 45.1% (27.9) // 47.7% (30.2)",
        "savesPerGame": 29.3,
        "savesPerGameLast1": 20.0,
        "savesPerGameLast3": 18.3,
        "savesPerGameLast5": 23.0,
        "savesPer60": 29.4,
        "savesPer60Last1": 19.8,
        "savesPer60Last3": 18.3,
        "savesPer60Last5": 23.3,
        "shotsPerGame": 32.2,
        "shotsPerGameLast5": 30.2,
        "shotsAgainstPerGame": 33.0,
        "shotsAgainstPerGameLast5": 28.2,
        "oppSavesAgainstPer60": 31.2,
        "oppSavesAgainstPer60Last1": 47.0,
        "oppSavesAgainstPer60Last3": 37.7,
        "oppSavesAgainstPer60Last5": 33.2,
        "oppShotsAgainstPerGame": 28.3,
        "oppShotsAgainstPerGameLast5": 29.6,
        "savesProj": 35.5,
        "savesProjLast5": 30.3,
        "savesProjLast3": 27.0,
        "oppSavesAgainstProj": 32.3,
        "oppSavesAgainstProjLast5": 27.3,
        "oppSavesAgainstProjLast3": 25.0,
        "totalOver": 42,
        "totalOverLast5": 40,
        "totalOverLast15": 47,
        "lastTotalOver": 44,
        "last5": "6,18,35,24,36,35,26,6,33,33",
        "overOdds": "-105",
        "underOdds": "-125",
        "overUnder": "-105 / -125"
    },
    {
        "player": "Alexandar Georgiev",
        "team": "COL",
        "opponent": "ARI",
        "propType": "sv",
        "line": 22.5,
        "ppLine": "",
        "avg": 28.71,
        "hit": false,
        "diffAvg": 0.28,
        "diffAbs": 0.06,
        "lastAvg": 21.34,
        "diff": -0.05,
        "avgMin": 59,
        "proj": 23.8,
        "lastAvgMin": 52.9,
        "oppOver": 50,
        "teamOver": 77,
        "gameLine": "-435",
        "+/-": 0,
        "L5_+/-": 0,
        "prevMatchup": "2022-12-27 col @ ari 27.0 sv, 2023-03-11 ari @ col 18.0 sv",
        "winLossSplits": "28.69 - 29.57",
        "awayHome": "H",
        "playedYesterday": "N",
        "awayHomeSplits": "29.83 - 27.75",
        "savesAboveExp": 0.16,
        "gsaa": 23.56,
        "corsi": "52.0% (59.7) // 55.0% (60.7) // 50.0% (57.0) // 47.3% (55.3)",
        "fenwick": "51.3% (43.8) // 54.8% (44.7) // 49.3% (41.3) // 46.6% (41.0)",
        "shots": "51.2% (32.6) // 53.3% (31.3) // 47.4% (28.3) // 44.5% (28.3)",
        "scoring": "53.0% (29.9) // 57.8% (32.1) // 54.4% (31.5) // 52.4% (29.0)",
        "corsiAgainst": "48.0% (55.1) // 45.0% (49.6) // 50.0% (57.0) // 52.7% (61.7)",
        "fenwickAgainst": "48.7% (41.7) // 45.2% (36.9) // 50.7% (42.5) // 53.4% (47.0)",
        "shotsAgainst": "48.8% (31.1) // 46.7% (27.4) // 52.6% (31.5) // 55.5% (35.3)",
        "scoringAgainst": "47.0% (26.5) // 42.2% (23.4) // 45.6% (26.4) // 47.6% (26.3)",
        "oppCorsi": "42.5% (47.2) // 40.1% (45.3) // 40.9% (43.7) // 39.4% (38.7)",
        "oppFenwick": "42.0% (35.4) // 40.9% (35.0) // 40.4% (33.3) // 39.6% (29.4)",
        "oppShots": "41.9% (25.3) // 41.7% (25.7) // 42.0% (23.6) // 43.0% (22.5)",
        "oppScoring": "41.6% (24.8) // 40.0% (23.2) // 39.6% (21.5) // 37.3% (19.5)",
        "oppCorsiAgainst": "57.5% (63.9) // 59.9% (67.7) // 59.1% (63.2) // 60.6% (59.5)",
        "oppFenwickAgainst": "58.0% (49.0) // 59.1% (50.6) // 59.6% (49.0) // 60.4% (45.0)",
        "oppShotsAgainst": "58.1% (35.1) // 58.3% (35.9) // 58.0% (32.7) // 57.0% (29.7)",
        "oppScoringAgainst": "58.4% (34.8) // 60.0% (34.8) // 60.4% (32.7) // 62.7% (32.7)",
        "savesPerGame": 28.7,
        "savesPerGameLast1": 40.0,
        "savesPerGameLast3": 33.3,
        "savesPerGameLast5": 29.8,
        "savesPer60": 28.7,
        "savesPer60Last1": 36.9,
        "savesPer60Last3": 32.5,
        "savesPer60Last5": 29.8,
        "shotsPerGame": 33.1,
        "shotsPerGameLast5": 28.8,
        "shotsAgainstPerGame": 31.5,
        "shotsAgainstPerGameLast5": 32.0,
        "oppSavesAgainstPer60": 23.0,
        "oppSavesAgainstPer60Last1": 14.8,
        "oppSavesAgainstPer60Last3": 20.3,
        "oppSavesAgainstPer60Last5": 21.2,
        "oppShotsAgainstPerGame": 35.6,
        "oppShotsAgainstPerGameLast5": 33.2,
        "savesProj": 20.3,
        "savesProjLast5": 19.3,
        "savesProjLast3": 20.1,
        "oppSavesAgainstProj": 23.5,
        "oppSavesAgainstProjLast5": 22.6,
        "oppSavesAgainstProjLast3": 24.8,
        "totalOver": 79,
        "totalOverLast5": 60,
        "totalOverLast15": 60,
        "lastTotalOver": 62,
        "last5": "40,27,33,17,15,18,26,13,32,14",
        "overOdds": "-125",
        "underOdds": "-105",
        "overUnder": "-125 / -105"
    },
    {
        "player": "Karel Vejmelka",
        "team": "ARI",
        "opponent": "COL",
        "propType": "sv",
        "line": 32.5,
        "ppLine": "",
        "avg": 30.6,
        "hit": false,
        "diffAvg": -0.06,
        "diffAbs": 0.03,
        "lastAvg": 28.83,
        "diff": -0.11,
        "avgMin": 58,
        "proj": 31.4,
        "lastAvgMin": 53.32,
        "oppOver": 29,
        "teamOver": 43,
        "gameLine": "+350",
        "+/-": 0,
        "L5_+/-": 0,
        "prevMatchup": "2022-12-27 col @ ari 28.0 sv, 2023-03-11 ari @ col 41.0 sv",
        "winLossSplits": "31.93 - 30.84",
        "awayHome": "A",
        "playedYesterday": "N",
        "awayHomeSplits": "28.96 - 32.48",
        "savesAboveExp": 0.539,
        "gsaa": -1.02,
        "corsi": "42.5% (47.2) // 40.1% (45.3) // 40.9% (43.7) // 39.4% (38.7)",
        "fenwick": "42.0% (35.4) // 40.9% (35.0) // 40.4% (33.3) // 39.6% (29.4)",
        "shots": "41.9% (25.3) // 41.7% (25.7) // 42.0% (23.6) // 43.0% (22.5)",
        "scoring": "41.6% (24.8) // 40.0% (23.2) // 39.6% (21.5) // 37.3% (19.5)",
        "corsiAgainst": "57.5% (63.9) // 59.9% (67.7) // 59.1% (63.2) // 60.6% (59.5)",
        "fenwickAgainst": "58.0% (49.0) // 59.1% (50.6) // 59.6% (49.0) // 60.4% (45.0)",
        "shotsAgainst": "58.1% (35.1) // 58.3% (35.9) // 58.0% (32.7) // 57.0% (29.7)",
        "scoringAgainst": "58.4% (34.8) // 60.0% (34.8) // 60.4% (32.7) // 62.7% (32.7)",
        "oppCorsi": "52.0% (59.7) // 55.0% (60.7) // 50.0% (57.0) // 47.3% (55.3)",
        "oppFenwick": "51.3% (43.8) // 54.8% (44.7) // 49.3% (41.3) // 46.6% (41.0)",
        "oppShots": "51.2% (32.6) // 53.3% (31.3) // 47.4% (28.3) // 44.5% (28.3)",
        "oppScoring": "53.0% (29.9) // 57.8% (32.1) // 54.4% (31.5) // 52.4% (29.0)",
        "oppCorsiAgainst": "48.0% (55.1) // 45.0% (49.6) // 50.0% (57.0) // 52.7% (61.7)",
        "oppFenwickAgainst": "48.7% (41.7) // 45.2% (36.9) // 50.7% (42.5) // 53.4% (47.0)",
        "oppShotsAgainst": "48.8% (31.1) // 46.7% (27.4) // 52.6% (31.5) // 55.5% (35.3)",
        "oppScoringAgainst": "47.0% (26.5) // 42.2% (23.4) // 45.6% (26.4) // 47.6% (26.3)",
        "savesPerGame": 32.2,
        "savesPerGameLast1": 27.0,
        "savesPerGameLast3": 27.3,
        "savesPerGameLast5": 30.6,
        "savesPer60": 32.4,
        "savesPer60Last1": 27.7,
        "savesPer60Last3": 27.5,
        "savesPer60Last5": 31.0,
        "shotsPerGame": 25.7,
        "shotsPerGameLast5": 24.0,
        "shotsAgainstPerGame": 35.6,
        "shotsAgainstPerGameLast5": 33.2,
        "oppSavesAgainstPer60": 30.0,
        "oppSavesAgainstPer60Last1": 28.0,
        "oppSavesAgainstPer60Last3": 24.6,
        "oppSavesAgainstPer60Last5": 25.3,
        "oppShotsAgainstPerGame": 31.5,
        "oppShotsAgainstPerGameLast5": 32.0,
        "savesProj": 33.7,
        "savesProjLast5": 27.2,
        "savesProjLast3": 23.3,
        "oppSavesAgainstProj": 34.3,
        "oppSavesAgainstProjLast5": 27.5,
        "oppSavesAgainstProjLast3": 25.3,
        "totalOver": 36,
        "totalOverLast5": 40,
        "totalOverLast15": 40,
        "lastTotalOver": 41,
        "last5": "23,30,40,36,23,45,9,29,31,33",
        "overOdds": "-105",
        "underOdds": "-125",
        "overUnder": "-105 / -125"
    }
]