[
    {
        "player": "Brady Skjei",
        "team": "CAR",
        "opponent": "WPG",
        "propType": "sog",
        "line": 2.5,
        "ppLine": "",
        "avg": 2.22,
        "hit": false,
        "diffAvg": -0.11,
        "diffAbs": 0.24,
        "lastAvg": 1.92,
        "diff": -0.23,
        "avgMin": 21,
        "proj": 1.9,
        "lastAvgMin": 21.13,
        "oppOver": 0,
        "teamOver": 0,
        "gameLine": "-200",
        "+/-": "+12",
        "L5_+/-": -1.0,
        "prevMatchup": "2022-11-21 3.0 sog",
        "winLossSplits": "2.18 - 2.03",
        "awayHome": "H",
        "playedYesterday": "N",
        "awayHomeSplits": "2.35 - 2.09",
        "savesAboveExp": 0.641,
        "gsaa": 21.92,
        "corsi": "59.9% (67.6) // 62.6% (71.7) // 63.7% (69.8) // 63.8% (70.3)",
        "fenwick": "59.3% (51.0) // 61.8% (53.9) // 62.9% (51.3) // 62.7% (51.0)",
        "shots": "57.6% (34.5) // 61.3% (35.5) // 62.2% (33.6) // 58.8% (31.3)",
        "scoring": "59.3% (33.9) // 63.2% (35.7) // 61.6% (32.9) // 56.6% (30.0)",
        "corsiAgainst": "40.1% (45.2) // 37.4% (42.8) // 36.3% (39.7) // 36.2% (40.0)",
        "fenwickAgainst": "40.7% (34.9) // 38.2% (33.3) // 37.1% (30.3) // 37.3% (30.3)",
        "shotsAgainst": "42.4% (25.4) // 38.7% (22.4) // 37.8% (20.5) // 41.2% (22.0)",
        "scoringAgainst": "40.7% (23.3) // 36.8% (20.8) // 38.4% (20.5) // 43.4% (23.0)",
        "oppCorsi": "50.8% (58.2) // 51.0% (58.8) // 50.4% (60.6) // 48.3% (55.3)",
        "oppFenwick": "50.6% (43.7) // 49.8% (42.7) // 49.9% (45.1) // 45.9% (40.3)",
        "oppShots": "49.3% (30.1) // 49.4% (30.4) // 51.3% (34.1) // 47.8% (31.5)",
        "oppScoring": "51.2% (30.2) // 49.4% (29.3) // 49.8% (29.8) // 46.8% (26.3)",
        "oppCorsiAgainst": "49.2% (56.3) // 49.0% (56.5) // 49.6% (59.6) // 51.7% (59.2)",
        "oppFenwickAgainst": "49.4% (42.7) // 50.2% (43.1) // 50.1% (45.3) // 54.1% (47.5)",
        "oppShotsAgainst": "50.7% (31.0) // 50.6% (31.1) // 48.7% (32.4) // 52.2% (34.5)",
        "oppScoringAgainst": "48.8% (28.8) // 50.6% (30.0) // 50.2% (30.0) // 53.2% (29.9)",
        "savesPerGame": 23.3,
        "savesPerGameLast1": 20.0,
        "savesPerGameLast3": 19.7,
        "savesPerGameLast5": 18.8,
        "savesPer60": 23.5,
        "savesPer60Last1": 20.0,
        "savesPer60Last3": 19.2,
        "savesPer60Last5": 18.9,
        "shotsPerGame": 35.1,
        "shotsPerGameLast5": 34.2,
        "shotsAgainstPerGame": 25.8,
        "shotsAgainstPerGameLast5": 20.8,
        "oppSavesAgainstPer60": 27.0,
        "oppSavesAgainstPer60Last1": 18.8,
        "oppSavesAgainstPer60Last3": 28.5,
        "oppSavesAgainstPer60Last5": 30.7,
        "oppShotsAgainstPerGame": 31.2,
        "oppShotsAgainstPerGameLast5": 33.0,
        "savesProj": 22.4,
        "savesProjLast5": 20.7,
        "savesProjLast3": 19.7,
        "oppSavesAgainstProj": 22.3,
        "oppSavesAgainstProjLast5": 20.7,
        "oppSavesAgainstProjLast3": 19.5,
        "totalOver": 42,
        "totalOverLast5": 20,
        "lastTotalOver": 35,
        "last5": "3,2,0,2,0,3,1,3,5,2",
        "overOdds": "+135",
        "underOdds": "-165",
        "overUnder": "+135 / -165"
    },
    {
        "player": "Brent Burns",
        "team": "CAR",
        "opponent": "WPG",
        "propType": "sog",
        "line": 2.5,
        "ppLine": "PP1",
        "avg": 3.06,
        "hit": false,
        "diffAvg": 0.22,
        "diffAbs": 0.12,
        "lastAvg": 2.48,
        "diff": -0.01,
        "avgMin": 23,
        "proj": 2.2,
        "lastAvgMin": 26.13,
        "oppOver": 0,
        "teamOver": 0,
        "gameLine": "-200",
        "+/-": "+15",
        "L5_+/-": "+4.0",
        "prevMatchup": "2022-11-21 5.0 sog",
        "winLossSplits": "2.83 - 3.37",
        "awayHome": "H",
        "playedYesterday": "N",
        "awayHomeSplits": "2.94 - 3.18",
        "savesAboveExp": 0.641,
        "gsaa": 21.92,
        "corsi": "59.9% (67.6) // 62.6% (71.7) // 63.7% (69.8) // 63.8% (70.3)",
        "fenwick": "59.3% (51.0) // 61.8% (53.9) // 62.9% (51.3) // 62.7% (51.0)",
        "shots": "57.6% (34.5) // 61.3% (35.5) // 62.2% (33.6) // 58.8% (31.3)",
        "scoring": "59.3% (33.9) // 63.2% (35.7) // 61.6% (32.9) // 56.6% (30.0)",
        "corsiAgainst": "40.1% (45.2) // 37.4% (42.8) // 36.3% (39.7) // 36.2% (40.0)",
        "fenwickAgainst": "40.7% (34.9) // 38.2% (33.3) // 37.1% (30.3) // 37.3% (30.3)",
        "shotsAgainst": "42.4% (25.4) // 38.7% (22.4) // 37.8% (20.5) // 41.2% (22.0)",
        "scoringAgainst": "40.7% (23.3) // 36.8% (20.8) // 38.4% (20.5) // 43.4% (23.0)",
        "oppCorsi": "50.8% (58.2) // 51.0% (58.8) // 50.4% (60.6) // 48.3% (55.3)",
        "oppFenwick": "50.6% (43.7) // 49.8% (42.7) // 49.9% (45.1) // 45.9% (40.3)",
        "oppShots": "49.3% (30.1) // 49.4% (30.4) // 51.3% (34.1) // 47.8% (31.5)",
        "oppScoring": "51.2% (30.2) // 49.4% (29.3) // 49.8% (29.8) // 46.8% (26.3)",
        "oppCorsiAgainst": "49.2% (56.3) // 49.0% (56.5) // 49.6% (59.6) // 51.7% (59.2)",
        "oppFenwickAgainst": "49.4% (42.7) // 50.2% (43.1) // 50.1% (45.3) // 54.1% (47.5)",
        "oppShotsAgainst": "50.7% (31.0) // 50.6% (31.1) // 48.7% (32.4) // 52.2% (34.5)",
        "oppScoringAgainst": "48.8% (28.8) // 50.6% (30.0) // 50.2% (30.0) // 53.2% (29.9)",
        "savesPerGame": 23.3,
        "savesPerGameLast1": 20.0,
        "savesPerGameLast3": 19.7,
        "savesPerGameLast5": 18.8,
        "savesPer60": 23.5,
        "savesPer60Last1": 20.0,
        "savesPer60Last3": 19.2,
        "savesPer60Last5": 18.9,
        "shotsPerGame": 35.1,
        "shotsPerGameLast5": 34.2,
        "shotsAgainstPerGame": 25.8,
        "shotsAgainstPerGameLast5": 20.8,
        "oppSavesAgainstPer60": 27.0,
        "oppSavesAgainstPer60Last1": 18.8,
        "oppSavesAgainstPer60Last3": 28.5,
        "oppSavesAgainstPer60Last5": 30.7,
        "oppShotsAgainstPerGame": 31.2,
        "oppShotsAgainstPerGameLast5": 33.0,
        "savesProj": 22.4,
        "savesProjLast5": 20.7,
        "savesProjLast3": 19.7,
        "oppSavesAgainstProj": 22.3,
        "oppSavesAgainstProjLast5": 20.7,
        "oppSavesAgainstProjLast3": 19.5,
        "totalOver": 58,
        "totalOverLast5": 60,
        "lastTotalOver": 43,
        "last5": "5,2,5,4,1,0,1,8,3,3",
        "overOdds": "-165",
        "underOdds": "+135",
        "overUnder": "-165 / +135"
    },
    {
        "player": "Kyle Connor",
        "team": "WPG",
        "opponent": "CAR",
        "propType": "sog",
        "line": 3.5,
        "ppLine": "PP1",
        "avg": 3.48,
        "hit": false,
        "diffAvg": -0.01,
        "diffAbs": 0.03,
        "lastAvg": 3.91,
        "diff": 0.12,
        "avgMin": 20,
        "proj": 3.6,
        "lastAvgMin": 21.77,
        "oppOver": 0,
        "teamOver": 0,
        "gameLine": "+170",
        "+/-": -3,
        "L5_+/-": -8.0,
        "prevMatchup": "2022-11-21 4.0 sog",
        "winLossSplits": "3.31 - 3.36",
        "awayHome": "A",
        "playedYesterday": "N",
        "awayHomeSplits": "3.12 - 3.82",
        "savesAboveExp": -0.44,
        "gsaa": -0.4,
        "corsi": "50.8% (58.2) // 51.0% (58.8) // 50.4% (60.6) // 48.3% (55.3)",
        "fenwick": "50.6% (43.7) // 49.8% (42.7) // 49.9% (45.1) // 45.9% (40.3)",
        "shots": "49.3% (30.1) // 49.4% (30.4) // 51.3% (34.1) // 47.8% (31.5)",
        "scoring": "51.2% (30.2) // 49.4% (29.3) // 49.8% (29.8) // 46.8% (26.3)",
        "corsiAgainst": "49.2% (56.3) // 49.0% (56.5) // 49.6% (59.6) // 51.7% (59.2)",
        "fenwickAgainst": "49.4% (42.7) // 50.2% (43.1) // 50.1% (45.3) // 54.1% (47.5)",
        "shotsAgainst": "50.7% (31.0) // 50.6% (31.1) // 48.7% (32.4) // 52.2% (34.5)",
        "scoringAgainst": "48.8% (28.8) // 50.6% (30.0) // 50.2% (30.0) // 53.2% (29.9)",
        "oppCorsi": "59.9% (67.6) // 62.6% (71.7) // 63.7% (69.8) // 63.8% (70.3)",
        "oppFenwick": "59.3% (51.0) // 61.8% (53.9) // 62.9% (51.3) // 62.7% (51.0)",
        "oppShots": "57.6% (34.5) // 61.3% (35.5) // 62.2% (33.6) // 58.8% (31.3)",
        "oppScoring": "59.3% (33.9) // 63.2% (35.7) // 61.6% (32.9) // 56.6% (30.0)",
        "oppCorsiAgainst": "40.1% (45.2) // 37.4% (42.8) // 36.3% (39.7) // 36.2% (40.0)",
        "oppFenwickAgainst": "40.7% (34.9) // 38.2% (33.3) // 37.1% (30.3) // 37.3% (30.3)",
        "oppShotsAgainst": "42.4% (25.4) // 38.7% (22.4) // 37.8% (20.5) // 41.2% (22.0)",
        "oppScoringAgainst": "40.7% (23.3) // 36.8% (20.8) // 38.4% (20.5) // 43.4% (23.0)",
        "savesPerGame": 28.4,
        "savesPerGameLast1": 33.0,
        "savesPerGameLast3": 32.0,
        "savesPerGameLast5": 29.4,
        "savesPer60": 28.3,
        "savesPer60Last1": 33.0,
        "savesPer60Last3": 32.5,
        "savesPer60Last5": 29.8,
        "shotsPerGame": 30.3,
        "shotsPerGameLast5": 34.8,
        "shotsAgainstPerGame": 31.2,
        "shotsAgainstPerGameLast5": 33.0,
        "oppSavesAgainstPer60": 32.0,
        "oppSavesAgainstPer60Last1": 32.0,
        "oppSavesAgainstPer60Last3": 31.2,
        "oppSavesAgainstPer60Last5": 32.3,
        "oppShotsAgainstPerGame": 25.8,
        "oppShotsAgainstPerGameLast5": 20.8,
        "savesProj": 38.3,
        "savesProjLast5": 40.8,
        "savesProjLast3": 42.9,
        "oppSavesAgainstProj": 32.3,
        "oppSavesAgainstProjLast5": 31.8,
        "oppSavesAgainstProjLast3": 32.4,
        "totalOver": 40,
        "totalOverLast5": 60,
        "lastTotalOver": 54,
        "last5": "2,3,6,6,4,1,3,3,4,2",
        "overOdds": "+135",
        "underOdds": "-165",
        "overUnder": "+135 / -165"
    },
    {
        "player": "Mark Scheifele",
        "team": "WPG",
        "opponent": "CAR",
        "propType": "sog",
        "line": 2.5,
        "ppLine": "PP1",
        "avg": 2.61,
        "hit": false,
        "diffAvg": 0.04,
        "diffAbs": 0.12,
        "lastAvg": 2.37,
        "diff": -0.05,
        "avgMin": 20,
        "proj": 2.2,
        "lastAvgMin": 21.13,
        "oppOver": 0,
        "teamOver": 0,
        "gameLine": "+170",
        "+/-": -7,
        "L5_+/-": -7.0,
        "prevMatchup": "2022-11-21 3.0 sog",
        "winLossSplits": "2.59 - 2.48",
        "awayHome": "A",
        "playedYesterday": "N",
        "awayHomeSplits": "2.36 - 2.85",
        "savesAboveExp": -0.44,
        "gsaa": -0.4,
        "corsi": "50.8% (58.2) // 51.0% (58.8) // 50.4% (60.6) // 48.3% (55.3)",
        "fenwick": "50.6% (43.7) // 49.8% (42.7) // 49.9% (45.1) // 45.9% (40.3)",
        "shots": "49.3% (30.1) // 49.4% (30.4) // 51.3% (34.1) // 47.8% (31.5)",
        "scoring": "51.2% (30.2) // 49.4% (29.3) // 49.8% (29.8) // 46.8% (26.3)",
        "corsiAgainst": "49.2% (56.3) // 49.0% (56.5) // 49.6% (59.6) // 51.7% (59.2)",
        "fenwickAgainst": "49.4% (42.7) // 50.2% (43.1) // 50.1% (45.3) // 54.1% (47.5)",
        "shotsAgainst": "50.7% (31.0) // 50.6% (31.1) // 48.7% (32.4) // 52.2% (34.5)",
        "scoringAgainst": "48.8% (28.8) // 50.6% (30.0) // 50.2% (30.0) // 53.2% (29.9)",
        "oppCorsi": "59.9% (67.6) // 62.6% (71.7) // 63.7% (69.8) // 63.8% (70.3)",
        "oppFenwick": "59.3% (51.0) // 61.8% (53.9) // 62.9% (51.3) // 62.7% (51.0)",
        "oppShots": "57.6% (34.5) // 61.3% (35.5) // 62.2% (33.6) // 58.8% (31.3)",
        "oppScoring": "59.3% (33.9) // 63.2% (35.7) // 61.6% (32.9) // 56.6% (30.0)",
        "oppCorsiAgainst": "40.1% (45.2) // 37.4% (42.8) // 36.3% (39.7) // 36.2% (40.0)",
        "oppFenwickAgainst": "40.7% (34.9) // 38.2% (33.3) // 37.1% (30.3) // 37.3% (30.3)",
        "oppShotsAgainst": "42.4% (25.4) // 38.7% (22.4) // 37.8% (20.5) // 41.2% (22.0)",
        "oppScoringAgainst": "40.7% (23.3) // 36.8% (20.8) // 38.4% (20.5) // 43.4% (23.0)",
        "savesPerGame": 28.4,
        "savesPerGameLast1": 33.0,
        "savesPerGameLast3": 32.0,
        "savesPerGameLast5": 29.4,
        "savesPer60": 28.3,
        "savesPer60Last1": 33.0,
        "savesPer60Last3": 32.5,
        "savesPer60Last5": 29.8,
        "shotsPerGame": 30.3,
        "shotsPerGameLast5": 34.8,
        "shotsAgainstPerGame": 31.2,
        "shotsAgainstPerGameLast5": 33.0,
        "oppSavesAgainstPer60": 32.0,
        "oppSavesAgainstPer60Last1": 32.0,
        "oppSavesAgainstPer60Last3": 31.2,
        "oppSavesAgainstPer60Last5": 32.3,
        "oppShotsAgainstPerGame": 25.8,
        "oppShotsAgainstPerGameLast5": 20.8,
        "savesProj": 38.3,
        "savesProjLast5": 40.8,
        "savesProjLast3": 42.9,
        "oppSavesAgainstProj": 32.3,
        "oppSavesAgainstProjLast5": 31.8,
        "oppSavesAgainstProjLast3": 32.4,
        "totalOver": 49,
        "totalOverLast5": 40,
        "lastTotalOver": 40,
        "last5": "1,3,1,1,3,2,5,0,3,2",
        "overOdds": "+135",
        "underOdds": "-165",
        "overUnder": "+135 / -165"
    },
    {
        "player": "Martin Necas",
        "team": "CAR",
        "opponent": "WPG",
        "propType": "sog",
        "line": 2.5,
        "ppLine": "PP1",
        "avg": 3.06,
        "hit": false,
        "diffAvg": 0.22,
        "diffAbs": 0.24,
        "lastAvg": 1.73,
        "diff": -0.31,
        "avgMin": 18,
        "proj": 1.9,
        "lastAvgMin": 16.18,
        "oppOver": 0,
        "teamOver": 0,
        "gameLine": "-200",
        "+/-": "+8",
        "L5_+/-": -1.0,
        "prevMatchup": "2022-11-21 3.0 sog",
        "winLossSplits": "3.12 - 2.73",
        "awayHome": "H",
        "playedYesterday": "N",
        "awayHomeSplits": "3.19 - 2.94",
        "savesAboveExp": 0.641,
        "gsaa": 21.92,
        "corsi": "59.9% (67.6) // 62.6% (71.7) // 63.7% (69.8) // 63.8% (70.3)",
        "fenwick": "59.3% (51.0) // 61.8% (53.9) // 62.9% (51.3) // 62.7% (51.0)",
        "shots": "57.6% (34.5) // 61.3% (35.5) // 62.2% (33.6) // 58.8% (31.3)",
        "scoring": "59.3% (33.9) // 63.2% (35.7) // 61.6% (32.9) // 56.6% (30.0)",
        "corsiAgainst": "40.1% (45.2) // 37.4% (42.8) // 36.3% (39.7) // 36.2% (40.0)",
        "fenwickAgainst": "40.7% (34.9) // 38.2% (33.3) // 37.1% (30.3) // 37.3% (30.3)",
        "shotsAgainst": "42.4% (25.4) // 38.7% (22.4) // 37.8% (20.5) // 41.2% (22.0)",
        "scoringAgainst": "40.7% (23.3) // 36.8% (20.8) // 38.4% (20.5) // 43.4% (23.0)",
        "oppCorsi": "50.8% (58.2) // 51.0% (58.8) // 50.4% (60.6) // 48.3% (55.3)",
        "oppFenwick": "50.6% (43.7) // 49.8% (42.7) // 49.9% (45.1) // 45.9% (40.3)",
        "oppShots": "49.3% (30.1) // 49.4% (30.4) // 51.3% (34.1) // 47.8% (31.5)",
        "oppScoring": "51.2% (30.2) // 49.4% (29.3) // 49.8% (29.8) // 46.8% (26.3)",
        "oppCorsiAgainst": "49.2% (56.3) // 49.0% (56.5) // 49.6% (59.6) // 51.7% (59.2)",
        "oppFenwickAgainst": "49.4% (42.7) // 50.2% (43.1) // 50.1% (45.3) // 54.1% (47.5)",
        "oppShotsAgainst": "50.7% (31.0) // 50.6% (31.1) // 48.7% (32.4) // 52.2% (34.5)",
        "oppScoringAgainst": "48.8% (28.8) // 50.6% (30.0) // 50.2% (30.0) // 53.2% (29.9)",
        "savesPerGame": 23.3,
        "savesPerGameLast1": 20.0,
        "savesPerGameLast3": 19.7,
        "savesPerGameLast5": 18.8,
        "savesPer60": 23.5,
        "savesPer60Last1": 20.0,
        "savesPer60Last3": 19.2,
        "savesPer60Last5": 18.9,
        "shotsPerGame": 35.1,
        "shotsPerGameLast5": 34.2,
        "shotsAgainstPerGame": 25.8,
        "shotsAgainstPerGameLast5": 20.8,
        "oppSavesAgainstPer60": 27.0,
        "oppSavesAgainstPer60Last1": 18.8,
        "oppSavesAgainstPer60Last3": 28.5,
        "oppSavesAgainstPer60Last5": 30.7,
        "oppShotsAgainstPerGame": 31.2,
        "oppShotsAgainstPerGameLast5": 33.0,
        "savesProj": 22.4,
        "savesProjLast5": 20.7,
        "savesProjLast3": 19.7,
        "oppSavesAgainstProj": 22.3,
        "oppSavesAgainstProjLast5": 20.7,
        "oppSavesAgainstProjLast3": 19.5,
        "totalOver": 60,
        "totalOverLast5": 40,
        "lastTotalOver": 37,
        "last5": "1,4,2,4,2,5,3,3,1,1",
        "overOdds": "-145",
        "underOdds": "+115",
        "overUnder": "-145 / +115"
    },
    {
        "player": "Nikolaj Ehlers",
        "team": "WPG",
        "opponent": "CAR",
        "propType": "sog",
        "line": 2.5,
        "ppLine": "PP1",
        "avg": 2.94,
        "hit": false,
        "diffAvg": 0.18,
        "diffAbs": 0.32,
        "lastAvg": 3.95,
        "diff": 0.58,
        "avgMin": 15,
        "proj": 3.3,
        "lastAvgMin": 18.07,
        "oppOver": 0,
        "teamOver": 0,
        "gameLine": "+170",
        "+/-": -4,
        "L5_+/-": -4.0,
        "prevMatchup": "",
        "winLossSplits": "2.6 - 2.91",
        "awayHome": "A",
        "playedYesterday": "N",
        "awayHomeSplits": "3.12 - 2.73",
        "savesAboveExp": -0.44,
        "gsaa": -0.4,
        "corsi": "50.8% (58.2) // 51.0% (58.8) // 50.4% (60.6) // 48.3% (55.3)",
        "fenwick": "50.6% (43.7) // 49.8% (42.7) // 49.9% (45.1) // 45.9% (40.3)",
        "shots": "49.3% (30.1) // 49.4% (30.4) // 51.3% (34.1) // 47.8% (31.5)",
        "scoring": "51.2% (30.2) // 49.4% (29.3) // 49.8% (29.8) // 46.8% (26.3)",
        "corsiAgainst": "49.2% (56.3) // 49.0% (56.5) // 49.6% (59.6) // 51.7% (59.2)",
        "fenwickAgainst": "49.4% (42.7) // 50.2% (43.1) // 50.1% (45.3) // 54.1% (47.5)",
        "shotsAgainst": "50.7% (31.0) // 50.6% (31.1) // 48.7% (32.4) // 52.2% (34.5)",
        "scoringAgainst": "48.8% (28.8) // 50.6% (30.0) // 50.2% (30.0) // 53.2% (29.9)",
        "oppCorsi": "59.9% (67.6) // 62.6% (71.7) // 63.7% (69.8) // 63.8% (70.3)",
        "oppFenwick": "59.3% (51.0) // 61.8% (53.9) // 62.9% (51.3) // 62.7% (51.0)",
        "oppShots": "57.6% (34.5) // 61.3% (35.5) // 62.2% (33.6) // 58.8% (31.3)",
        "oppScoring": "59.3% (33.9) // 63.2% (35.7) // 61.6% (32.9) // 56.6% (30.0)",
        "oppCorsiAgainst": "40.1% (45.2) // 37.4% (42.8) // 36.3% (39.7) // 36.2% (40.0)",
        "oppFenwickAgainst": "40.7% (34.9) // 38.2% (33.3) // 37.1% (30.3) // 37.3% (30.3)",
        "oppShotsAgainst": "42.4% (25.4) // 38.7% (22.4) // 37.8% (20.5) // 41.2% (22.0)",
        "oppScoringAgainst": "40.7% (23.3) // 36.8% (20.8) // 38.4% (20.5) // 43.4% (23.0)",
        "savesPerGame": 28.4,
        "savesPerGameLast1": 33.0,
        "savesPerGameLast3": 32.0,
        "savesPerGameLast5": 29.4,
        "savesPer60": 28.3,
        "savesPer60Last1": 33.0,
        "savesPer60Last3": 32.5,
        "savesPer60Last5": 29.8,
        "shotsPerGame": 30.3,
        "shotsPerGameLast5": 34.8,
        "shotsAgainstPerGame": 31.2,
        "shotsAgainstPerGameLast5": 33.0,
        "oppSavesAgainstPer60": 32.0,
        "oppSavesAgainstPer60Last1": 32.0,
        "oppSavesAgainstPer60Last3": 31.2,
        "oppSavesAgainstPer60Last5": 32.3,
        "oppShotsAgainstPerGame": 25.8,
        "oppShotsAgainstPerGameLast5": 20.8,
        "savesProj": 38.3,
        "savesProjLast5": 40.8,
        "savesProjLast3": 42.9,
        "oppSavesAgainstProj": 32.3,
        "oppSavesAgainstProjLast5": 31.8,
        "oppSavesAgainstProjLast3": 32.4,
        "totalOver": 48,
        "totalOverLast5": 20,
        "lastTotalOver": 58,
        "last5": "2,2,2,5,1,2,0,5,1,3",
        "overOdds": "-140",
        "underOdds": "+110",
        "overUnder": "-140 / +110"
    },
    {
        "player": "Nino Niederreiter",
        "team": "WPG",
        "opponent": "CAR",
        "propType": "sog",
        "line": 2.5,
        "ppLine": "PP1",
        "avg": 2.35,
        "hit": false,
        "diffAvg": -0.06,
        "diffAbs": 0.32,
        "lastAvg": 1.62,
        "diff": -0.35,
        "avgMin": 16,
        "proj": 1.7,
        "lastAvgMin": 14.83,
        "oppOver": 0,
        "teamOver": 0,
        "gameLine": "+170",
        "+/-": -1,
        "L5_+/-": 0.0,
        "prevMatchup": "2023-01-05 5.0 sog",
        "winLossSplits": "2.39 - 2.21",
        "awayHome": "A",
        "playedYesterday": "N",
        "awayHomeSplits": "2.6 - 2.12",
        "savesAboveExp": -0.44,
        "gsaa": -0.4,
        "corsi": "50.8% (58.2) // 51.0% (58.8) // 50.4% (60.6) // 48.3% (55.3)",
        "fenwick": "50.6% (43.7) // 49.8% (42.7) // 49.9% (45.1) // 45.9% (40.3)",
        "shots": "49.3% (30.1) // 49.4% (30.4) // 51.3% (34.1) // 47.8% (31.5)",
        "scoring": "51.2% (30.2) // 49.4% (29.3) // 49.8% (29.8) // 46.8% (26.3)",
        "corsiAgainst": "49.2% (56.3) // 49.0% (56.5) // 49.6% (59.6) // 51.7% (59.2)",
        "fenwickAgainst": "49.4% (42.7) // 50.2% (43.1) // 50.1% (45.3) // 54.1% (47.5)",
        "shotsAgainst": "50.7% (31.0) // 50.6% (31.1) // 48.7% (32.4) // 52.2% (34.5)",
        "scoringAgainst": "48.8% (28.8) // 50.6% (30.0) // 50.2% (30.0) // 53.2% (29.9)",
        "oppCorsi": "59.9% (67.6) // 62.6% (71.7) // 63.7% (69.8) // 63.8% (70.3)",
        "oppFenwick": "59.3% (51.0) // 61.8% (53.9) // 62.9% (51.3) // 62.7% (51.0)",
        "oppShots": "57.6% (34.5) // 61.3% (35.5) // 62.2% (33.6) // 58.8% (31.3)",
        "oppScoring": "59.3% (33.9) // 63.2% (35.7) // 61.6% (32.9) // 56.6% (30.0)",
        "oppCorsiAgainst": "40.1% (45.2) // 37.4% (42.8) // 36.3% (39.7) // 36.2% (40.0)",
        "oppFenwickAgainst": "40.7% (34.9) // 38.2% (33.3) // 37.1% (30.3) // 37.3% (30.3)",
        "oppShotsAgainst": "42.4% (25.4) // 38.7% (22.4) // 37.8% (20.5) // 41.2% (22.0)",
        "oppScoringAgainst": "40.7% (23.3) // 36.8% (20.8) // 38.4% (20.5) // 43.4% (23.0)",
        "savesPerGame": 28.4,
        "savesPerGameLast1": 33.0,
        "savesPerGameLast3": 32.0,
        "savesPerGameLast5": 29.4,
        "savesPer60": 28.3,
        "savesPer60Last1": 33.0,
        "savesPer60Last3": 32.5,
        "savesPer60Last5": 29.8,
        "shotsPerGame": 30.3,
        "shotsPerGameLast5": 34.8,
        "shotsAgainstPerGame": 31.2,
        "shotsAgainstPerGameLast5": 33.0,
        "oppSavesAgainstPer60": 32.0,
        "oppSavesAgainstPer60Last1": 32.0,
        "oppSavesAgainstPer60Last3": 31.2,
        "oppSavesAgainstPer60Last5": 32.3,
        "oppShotsAgainstPerGame": 25.8,
        "oppShotsAgainstPerGameLast5": 20.8,
        "savesProj": 38.3,
        "savesProjLast5": 40.8,
        "savesProjLast3": 42.9,
        "oppSavesAgainstProj": 32.3,
        "oppSavesAgainstProjLast5": 31.8,
        "oppSavesAgainstProjLast3": 32.4,
        "totalOver": 41,
        "totalOverLast5": 80,
        "lastTotalOver": 33,
        "last5": "1,4,4,3,3,3,0,2,5,1",
        "overOdds": "+130",
        "underOdds": "-160",
        "overUnder": "+130 / -160"
    },
    {
        "player": "Seth Jarvis",
        "team": "CAR",
        "opponent": "WPG",
        "propType": "sog",
        "line": 2.5,
        "ppLine": "PP1",
        "avg": 2.23,
        "hit": false,
        "diffAvg": -0.11,
        "diffAbs": 0.4,
        "lastAvg": 1.34,
        "diff": -0.46,
        "avgMin": 16,
        "proj": 1.5,
        "lastAvgMin": 13.87,
        "oppOver": 0,
        "teamOver": 0,
        "gameLine": "-200",
        "+/-": "+15",
        "L5_+/-": "+4.0",
        "prevMatchup": "2022-11-21 1.0 sog",
        "winLossSplits": "2.3 - 2.19",
        "awayHome": "H",
        "playedYesterday": "N",
        "awayHomeSplits": "2.0 - 2.45",
        "savesAboveExp": 0.641,
        "gsaa": 21.92,
        "corsi": "59.9% (67.6) // 62.6% (71.7) // 63.7% (69.8) // 63.8% (70.3)",
        "fenwick": "59.3% (51.0) // 61.8% (53.9) // 62.9% (51.3) // 62.7% (51.0)",
        "shots": "57.6% (34.5) // 61.3% (35.5) // 62.2% (33.6) // 58.8% (31.3)",
        "scoring": "59.3% (33.9) // 63.2% (35.7) // 61.6% (32.9) // 56.6% (30.0)",
        "corsiAgainst": "40.1% (45.2) // 37.4% (42.8) // 36.3% (39.7) // 36.2% (40.0)",
        "fenwickAgainst": "40.7% (34.9) // 38.2% (33.3) // 37.1% (30.3) // 37.3% (30.3)",
        "shotsAgainst": "42.4% (25.4) // 38.7% (22.4) // 37.8% (20.5) // 41.2% (22.0)",
        "scoringAgainst": "40.7% (23.3) // 36.8% (20.8) // 38.4% (20.5) // 43.4% (23.0)",
        "oppCorsi": "50.8% (58.2) // 51.0% (58.8) // 50.4% (60.6) // 48.3% (55.3)",
        "oppFenwick": "50.6% (43.7) // 49.8% (42.7) // 49.9% (45.1) // 45.9% (40.3)",
        "oppShots": "49.3% (30.1) // 49.4% (30.4) // 51.3% (34.1) // 47.8% (31.5)",
        "oppScoring": "51.2% (30.2) // 49.4% (29.3) // 49.8% (29.8) // 46.8% (26.3)",
        "oppCorsiAgainst": "49.2% (56.3) // 49.0% (56.5) // 49.6% (59.6) // 51.7% (59.2)",
        "oppFenwickAgainst": "49.4% (42.7) // 50.2% (43.1) // 50.1% (45.3) // 54.1% (47.5)",
        "oppShotsAgainst": "50.7% (31.0) // 50.6% (31.1) // 48.7% (32.4) // 52.2% (34.5)",
        "oppScoringAgainst": "48.8% (28.8) // 50.6% (30.0) // 50.2% (30.0) // 53.2% (29.9)",
        "savesPerGame": 23.3,
        "savesPerGameLast1": 20.0,
        "savesPerGameLast3": 19.7,
        "savesPerGameLast5": 18.8,
        "savesPer60": 23.5,
        "savesPer60Last1": 20.0,
        "savesPer60Last3": 19.2,
        "savesPer60Last5": 18.9,
        "shotsPerGame": 35.1,
        "shotsPerGameLast5": 34.2,
        "shotsAgainstPerGame": 25.8,
        "shotsAgainstPerGameLast5": 20.8,
        "oppSavesAgainstPer60": 27.0,
        "oppSavesAgainstPer60Last1": 18.8,
        "oppSavesAgainstPer60Last3": 28.5,
        "oppSavesAgainstPer60Last5": 30.7,
        "oppShotsAgainstPerGame": 31.2,
        "oppShotsAgainstPerGameLast5": 33.0,
        "savesProj": 22.4,
        "savesProjLast5": 20.7,
        "savesProjLast3": 19.7,
        "oppSavesAgainstProj": 22.3,
        "oppSavesAgainstProjLast5": 20.7,
        "oppSavesAgainstProjLast3": 19.5,
        "totalOver": 42,
        "totalOverLast5": 20,
        "lastTotalOver": 30,
        "last5": "3,0,1,2,2,1,1,5,4,4",
        "overOdds": "+100",
        "underOdds": "-130",
        "overUnder": "+100 / -130"
    },
    {
        "player": "Adam Fox",
        "team": "NYR",
        "opponent": "WSH",
        "propType": "sog",
        "line": 1.5,
        "ppLine": "PP1",
        "avg": 2.08,
        "hit": false,
        "diffAvg": 0.39,
        "diffAbs": 0.07,
        "lastAvg": 1.61,
        "diff": 0.07,
        "avgMin": 24,
        "proj": 1.6,
        "lastAvgMin": 23.9,
        "oppOver": 0,
        "teamOver": 0,
        "gameLine": "+145",
        "+/-": "+19",
        "L5_+/-": -6.0,
        "prevMatchup": "2023-02-25 1.0 sog, 2022-12-27 0.0 sog",
        "winLossSplits": "1.9 - 2.11",
        "awayHome": "H",
        "playedYesterday": "N",
        "awayHomeSplits": "2.06 - 2.09",
        "savesAboveExp": 0.193,
        "gsaa": 9.43,
        "corsi": "52.2% (59.1) // 51.8% (56.9) // 47.5% (52.1) // 48.5% (54.7)",
        "fenwick": "52.6% (44.3) // 52.1% (42.4) // 49.5% (38.1) // 50.4% (39.1)",
        "shots": "52.1% (31.3) // 51.8% (29.5) // 49.1% (27.5) // 48.4% (28.0)",
        "scoring": "51.8% (31.1) // 51.3% (30.3) // 44.8% (25.1) // 47.5% (27.0)",
        "corsiAgainst": "47.8% (54.1) // 48.2% (53.0) // 52.5% (57.7) // 51.5% (58.2)",
        "fenwickAgainst": "47.4% (39.9) // 47.9% (39.0) // 50.5% (38.8) // 49.6% (38.5)",
        "shotsAgainst": "47.9% (28.8) // 48.2% (27.4) // 50.9% (28.5) // 51.6% (29.9)",
        "scoringAgainst": "48.2% (29.0) // 48.7% (28.8) // 55.2% (30.9) // 52.5% (29.9)",
        "oppCorsi": "50.6% (59.2) // 47.4% (54.8) // 42.6% (47.8) // 42.1% (43.7)",
        "oppFenwick": "50.5% (43.5) // 47.2% (40.8) // 41.1% (33.8) // 41.7% (31.2)",
        "oppShots": "50.7% (30.9) // 48.7% (28.9) // 41.7% (24.7) // 45.4% (23.5)",
        "oppScoring": "50.6% (29.6) // 46.5% (27.1) // 42.0% (25.0) // 39.5% (22.6)",
        "oppCorsiAgainst": "49.4% (57.8) // 52.6% (61.0) // 57.4% (64.4) // 57.9% (60.0)",
        "oppFenwickAgainst": "49.5% (42.6) // 52.8% (45.5) // 58.9% (48.5) // 58.3% (43.7)",
        "oppShotsAgainst": "49.3% (30.0) // 51.3% (30.5) // 58.3% (34.5) // 54.6% (28.3)",
        "oppScoringAgainst": "49.4% (28.9) // 53.5% (31.2) // 58.0% (34.5) // 60.5% (34.6)",
        "savesPerGame": 26.4,
        "savesPerGameLast1": 32.0,
        "savesPerGameLast3": 29.0,
        "savesPerGameLast5": 27.2,
        "savesPer60": 26.6,
        "savesPer60Last1": 32.9,
        "savesPer60Last3": 30.4,
        "savesPer60Last5": 27.6,
        "shotsPerGame": 31.7,
        "shotsPerGameLast5": 29.2,
        "shotsAgainstPerGame": 29.2,
        "shotsAgainstPerGameLast5": 30.4,
        "oppSavesAgainstPer60": 28.2,
        "oppSavesAgainstPer60Last1": 22.4,
        "oppSavesAgainstPer60Last3": 20.7,
        "oppSavesAgainstPer60Last5": 23.9,
        "oppShotsAgainstPerGame": 30.3,
        "oppShotsAgainstPerGameLast5": 32.6,
        "savesProj": 27.4,
        "savesProjLast5": 24.3,
        "savesProjLast3": 23.0,
        "oppSavesAgainstProj": 26.3,
        "oppSavesAgainstProjLast5": 22.6,
        "oppSavesAgainstProjLast3": 21.3,
        "totalOver": 61,
        "totalOverLast5": 80,
        "lastTotalOver": 64,
        "last5": "2,2,2,1,2,0,1,1,3,5",
        "overOdds": "-175",
        "underOdds": "+140",
        "overUnder": "-175 / +140"
    },
    {
        "player": "Alex Ovechkin",
        "team": "WSH",
        "opponent": "NYR",
        "propType": "sog",
        "line": 3.5,
        "ppLine": "PP1",
        "avg": 4.16,
        "hit": false,
        "diffAvg": 0.19,
        "diffAbs": 0.11,
        "lastAvg": 4.02,
        "diff": 0.15,
        "avgMin": 20,
        "proj": 3.9,
        "lastAvgMin": 20.57,
        "oppOver": 0,
        "teamOver": 0,
        "gameLine": "-170",
        "+/-": -6,
        "L5_+/-": -4.0,
        "prevMatchup": "2023-02-25 2.0 sog, 2022-12-27 1.0 sog",
        "winLossSplits": "4.25 - 3.97",
        "awayHome": "A",
        "playedYesterday": "N",
        "awayHomeSplits": "4.21 - 4.1",
        "savesAboveExp": 0.388,
        "gsaa": 6.56,
        "corsi": "50.6% (59.2) // 47.4% (54.8) // 42.6% (47.8) // 42.1% (43.7)",
        "fenwick": "50.5% (43.5) // 47.2% (40.8) // 41.1% (33.8) // 41.7% (31.2)",
        "shots": "50.7% (30.9) // 48.7% (28.9) // 41.7% (24.7) // 45.4% (23.5)",
        "scoring": "50.6% (29.6) // 46.5% (27.1) // 42.0% (25.0) // 39.5% (22.6)",
        "corsiAgainst": "49.4% (57.8) // 52.6% (61.0) // 57.4% (64.4) // 57.9% (60.0)",
        "fenwickAgainst": "49.5% (42.6) // 52.8% (45.5) // 58.9% (48.5) // 58.3% (43.7)",
        "shotsAgainst": "49.3% (30.0) // 51.3% (30.5) // 58.3% (34.5) // 54.6% (28.3)",
        "scoringAgainst": "49.4% (28.9) // 53.5% (31.2) // 58.0% (34.5) // 60.5% (34.6)",
        "oppCorsi": "52.2% (59.1) // 51.8% (56.9) // 47.5% (52.1) // 48.5% (54.7)",
        "oppFenwick": "52.6% (44.3) // 52.1% (42.4) // 49.5% (38.1) // 50.4% (39.1)",
        "oppShots": "52.1% (31.3) // 51.8% (29.5) // 49.1% (27.5) // 48.4% (28.0)",
        "oppScoring": "51.8% (31.1) // 51.3% (30.3) // 44.8% (25.1) // 47.5% (27.0)",
        "oppCorsiAgainst": "47.8% (54.1) // 48.2% (53.0) // 52.5% (57.7) // 51.5% (58.2)",
        "oppFenwickAgainst": "47.4% (39.9) // 47.9% (39.0) // 50.5% (38.8) // 49.6% (38.5)",
        "oppShotsAgainst": "47.9% (28.8) // 48.2% (27.4) // 50.9% (28.5) // 51.6% (29.9)",
        "oppScoringAgainst": "48.2% (29.0) // 48.7% (28.8) // 55.2% (30.9) // 52.5% (29.9)",
        "savesPerGame": 27.4,
        "savesPerGameLast1": 17.0,
        "savesPerGameLast3": 30.7,
        "savesPerGameLast5": 30.2,
        "savesPer60": 27.3,
        "savesPer60Last1": 16.8,
        "savesPer60Last3": 31.1,
        "savesPer60Last5": 30.5,
        "shotsPerGame": 31.2,
        "shotsPerGameLast5": 28.0,
        "shotsAgainstPerGame": 30.3,
        "shotsAgainstPerGameLast5": 32.6,
        "oppSavesAgainstPer60": 28.7,
        "oppSavesAgainstPer60Last1": 27.0,
        "oppSavesAgainstPer60Last3": 26.9,
        "oppSavesAgainstPer60Last5": 26.6,
        "oppShotsAgainstPerGame": 29.2,
        "oppShotsAgainstPerGameLast5": 30.4,
        "savesProj": 29.3,
        "savesProjLast5": 30.7,
        "savesProjLast3": 31.6,
        "oppSavesAgainstProj": 27.7,
        "oppSavesAgainstProjLast5": 28.4,
        "oppSavesAgainstProjLast3": 28.2,
        "totalOver": 55,
        "totalOverLast5": 60,
        "lastTotalOver": 64,
        "last5": "4,2,4,4,3,7,2,5,1,2",
        "overOdds": "-140",
        "underOdds": "+110",
        "overUnder": "-140 / +110"
    },
    {
        "player": "Artemi Panarin",
        "team": "NYR",
        "opponent": "WSH",
        "propType": "sog",
        "line": 2.5,
        "ppLine": "PP1",
        "avg": 2.48,
        "hit": false,
        "diffAvg": -0.01,
        "diffAbs": 0.24,
        "lastAvg": 1.86,
        "diff": -0.26,
        "avgMin": 20,
        "proj": 1.9,
        "lastAvgMin": 19.22,
        "oppOver": 0,
        "teamOver": 0,
        "gameLine": "+145",
        "+/-": -3,
        "L5_+/-": -6.0,
        "prevMatchup": "2023-02-25 0.0 sog, 2022-12-27 4.0 sog",
        "winLossSplits": "2.3 - 2.67",
        "awayHome": "H",
        "playedYesterday": "N",
        "awayHomeSplits": "2.15 - 2.84",
        "savesAboveExp": 0.193,
        "gsaa": 9.43,
        "corsi": "52.2% (59.1) // 51.8% (56.9) // 47.5% (52.1) // 48.5% (54.7)",
        "fenwick": "52.6% (44.3) // 52.1% (42.4) // 49.5% (38.1) // 50.4% (39.1)",
        "shots": "52.1% (31.3) // 51.8% (29.5) // 49.1% (27.5) // 48.4% (28.0)",
        "scoring": "51.8% (31.1) // 51.3% (30.3) // 44.8% (25.1) // 47.5% (27.0)",
        "corsiAgainst": "47.8% (54.1) // 48.2% (53.0) // 52.5% (57.7) // 51.5% (58.2)",
        "fenwickAgainst": "47.4% (39.9) // 47.9% (39.0) // 50.5% (38.8) // 49.6% (38.5)",
        "shotsAgainst": "47.9% (28.8) // 48.2% (27.4) // 50.9% (28.5) // 51.6% (29.9)",
        "scoringAgainst": "48.2% (29.0) // 48.7% (28.8) // 55.2% (30.9) // 52.5% (29.9)",
        "oppCorsi": "50.6% (59.2) // 47.4% (54.8) // 42.6% (47.8) // 42.1% (43.7)",
        "oppFenwick": "50.5% (43.5) // 47.2% (40.8) // 41.1% (33.8) // 41.7% (31.2)",
        "oppShots": "50.7% (30.9) // 48.7% (28.9) // 41.7% (24.7) // 45.4% (23.5)",
        "oppScoring": "50.6% (29.6) // 46.5% (27.1) // 42.0% (25.0) // 39.5% (22.6)",
        "oppCorsiAgainst": "49.4% (57.8) // 52.6% (61.0) // 57.4% (64.4) // 57.9% (60.0)",
        "oppFenwickAgainst": "49.5% (42.6) // 52.8% (45.5) // 58.9% (48.5) // 58.3% (43.7)",
        "oppShotsAgainst": "49.3% (30.0) // 51.3% (30.5) // 58.3% (34.5) // 54.6% (28.3)",
        "oppScoringAgainst": "49.4% (28.9) // 53.5% (31.2) // 58.0% (34.5) // 60.5% (34.6)",
        "savesPerGame": 26.4,
        "savesPerGameLast1": 32.0,
        "savesPerGameLast3": 29.0,
        "savesPerGameLast5": 27.2,
        "savesPer60": 26.6,
        "savesPer60Last1": 32.9,
        "savesPer60Last3": 30.4,
        "savesPer60Last5": 27.6,
        "shotsPerGame": 31.7,
        "shotsPerGameLast5": 29.2,
        "shotsAgainstPerGame": 29.2,
        "shotsAgainstPerGameLast5": 30.4,
        "oppSavesAgainstPer60": 28.2,
        "oppSavesAgainstPer60Last1": 22.4,
        "oppSavesAgainstPer60Last3": 20.7,
        "oppSavesAgainstPer60Last5": 23.9,
        "oppShotsAgainstPerGame": 30.3,
        "oppShotsAgainstPerGameLast5": 32.6,
        "savesProj": 27.4,
        "savesProjLast5": 24.3,
        "savesProjLast3": 23.0,
        "oppSavesAgainstProj": 26.3,
        "oppSavesAgainstProjLast5": 22.6,
        "oppSavesAgainstProjLast3": 21.3,
        "totalOver": 48,
        "totalOverLast5": 40,
        "lastTotalOver": 39,
        "last5": "1,5,2,0,6,1,3,0,1,2",
        "overOdds": "+105",
        "underOdds": "-135",
        "overUnder": "+105 / -135"
    },
    {
        "player": "Chris Kreider",
        "team": "NYR",
        "opponent": "WSH",
        "propType": "sog",
        "line": 2.5,
        "ppLine": "PP2",
        "avg": 3.03,
        "hit": false,
        "diffAvg": 0.21,
        "diffAbs": 0.04,
        "lastAvg": 2.5,
        "diff": 0.0,
        "avgMin": 18,
        "proj": 2.4,
        "lastAvgMin": 18.72,
        "oppOver": 0,
        "teamOver": 0,
        "gameLine": "+145",
        "+/-": "+18",
        "L5_+/-": "+3.0",
        "prevMatchup": "2023-02-25 3.0 sog, 2022-12-27 3.0 sog",
        "winLossSplits": "3.26 - 2.44",
        "awayHome": "H",
        "playedYesterday": "N",
        "awayHomeSplits": "3.0 - 3.07",
        "savesAboveExp": 0.193,
        "gsaa": 9.43,
        "corsi": "52.2% (59.1) // 51.8% (56.9) // 47.5% (52.1) // 48.5% (54.7)",
        "fenwick": "52.6% (44.3) // 52.1% (42.4) // 49.5% (38.1) // 50.4% (39.1)",
        "shots": "52.1% (31.3) // 51.8% (29.5) // 49.1% (27.5) // 48.4% (28.0)",
        "scoring": "51.8% (31.1) // 51.3% (30.3) // 44.8% (25.1) // 47.5% (27.0)",
        "corsiAgainst": "47.8% (54.1) // 48.2% (53.0) // 52.5% (57.7) // 51.5% (58.2)",
        "fenwickAgainst": "47.4% (39.9) // 47.9% (39.0) // 50.5% (38.8) // 49.6% (38.5)",
        "shotsAgainst": "47.9% (28.8) // 48.2% (27.4) // 50.9% (28.5) // 51.6% (29.9)",
        "scoringAgainst": "48.2% (29.0) // 48.7% (28.8) // 55.2% (30.9) // 52.5% (29.9)",
        "oppCorsi": "50.6% (59.2) // 47.4% (54.8) // 42.6% (47.8) // 42.1% (43.7)",
        "oppFenwick": "50.5% (43.5) // 47.2% (40.8) // 41.1% (33.8) // 41.7% (31.2)",
        "oppShots": "50.7% (30.9) // 48.7% (28.9) // 41.7% (24.7) // 45.4% (23.5)",
        "oppScoring": "50.6% (29.6) // 46.5% (27.1) // 42.0% (25.0) // 39.5% (22.6)",
        "oppCorsiAgainst": "49.4% (57.8) // 52.6% (61.0) // 57.4% (64.4) // 57.9% (60.0)",
        "oppFenwickAgainst": "49.5% (42.6) // 52.8% (45.5) // 58.9% (48.5) // 58.3% (43.7)",
        "oppShotsAgainst": "49.3% (30.0) // 51.3% (30.5) // 58.3% (34.5) // 54.6% (28.3)",
        "oppScoringAgainst": "49.4% (28.9) // 53.5% (31.2) // 58.0% (34.5) // 60.5% (34.6)",
        "savesPerGame": 26.4,
        "savesPerGameLast1": 32.0,
        "savesPerGameLast3": 29.0,
        "savesPerGameLast5": 27.2,
        "savesPer60": 26.6,
        "savesPer60Last1": 32.9,
        "savesPer60Last3": 30.4,
        "savesPer60Last5": 27.6,
        "shotsPerGame": 31.7,
        "shotsPerGameLast5": 29.2,
        "shotsAgainstPerGame": 29.2,
        "shotsAgainstPerGameLast5": 30.4,
        "oppSavesAgainstPer60": 28.2,
        "oppSavesAgainstPer60Last1": 22.4,
        "oppSavesAgainstPer60Last3": 20.7,
        "oppSavesAgainstPer60Last5": 23.9,
        "oppShotsAgainstPerGame": 30.3,
        "oppShotsAgainstPerGameLast5": 32.6,
        "savesProj": 27.4,
        "savesProjLast5": 24.3,
        "savesProjLast3": 23.0,
        "oppSavesAgainstProj": 26.3,
        "oppSavesAgainstProjLast5": 22.6,
        "oppSavesAgainstProjLast3": 21.3,
        "totalOver": 52,
        "totalOverLast5": 0,
        "lastTotalOver": 56,
        "last5": "2,2,1,2,1,4,1,3,2,5",
        "overOdds": "-135",
        "underOdds": "+105",
        "overUnder": "-135 / +105"
    },
    {
        "player": "Evgeny Kuznetsov",
        "team": "WSH",
        "opponent": "NYR",
        "propType": "sog",
        "line": 2.5,
        "ppLine": "PP1",
        "avg": 2.26,
        "hit": false,
        "diffAvg": -0.1,
        "diffAbs": 0.16,
        "lastAvg": 2.39,
        "diff": -0.04,
        "avgMin": 18,
        "proj": 2.1,
        "lastAvgMin": 20.27,
        "oppOver": 0,
        "teamOver": 0,
        "gameLine": "-170",
        "+/-": -13,
        "L5_+/-": -5.0,
        "prevMatchup": "2023-02-25 4.0 sog, 2022-12-27 4.0 sog",
        "winLossSplits": "1.95 - 2.39",
        "awayHome": "A",
        "playedYesterday": "N",
        "awayHomeSplits": "2.21 - 2.31",
        "savesAboveExp": 0.388,
        "gsaa": 6.56,
        "corsi": "50.6% (59.2) // 47.4% (54.8) // 42.6% (47.8) // 42.1% (43.7)",
        "fenwick": "50.5% (43.5) // 47.2% (40.8) // 41.1% (33.8) // 41.7% (31.2)",
        "shots": "50.7% (30.9) // 48.7% (28.9) // 41.7% (24.7) // 45.4% (23.5)",
        "scoring": "50.6% (29.6) // 46.5% (27.1) // 42.0% (25.0) // 39.5% (22.6)",
        "corsiAgainst": "49.4% (57.8) // 52.6% (61.0) // 57.4% (64.4) // 57.9% (60.0)",
        "fenwickAgainst": "49.5% (42.6) // 52.8% (45.5) // 58.9% (48.5) // 58.3% (43.7)",
        "shotsAgainst": "49.3% (30.0) // 51.3% (30.5) // 58.3% (34.5) // 54.6% (28.3)",
