[
    {
        "player": "Eric Comrie",
        "team": "BUF",
        "opponent": "MTL",
        "propType": "sv",
        "line": 24.5,
        "ppLine": "",
        "avg": 27.11,
        "hit": false,
        "diffAvg": 0.11,
        "diffAbs": 0.17,
        "lastAvg": 26.63,
        "diff": 0.09,
        "avgMin": 58,
        "proj": 28.6,
        "lastAvgMin": 53.93,
        "oppOver": 48,
        "teamOver": 72,
        "gameLine": "-180",
        "+/-": 0,
        "L5_+/-": 0,
        "prevMatchup": "2022-10-27 mtl @ buf 31.0 sv 2022-11-22 buf @ mtl 29.0 sv",
        "winLossSplits": "27.95 - 28.54",
        "awayHome": "H",
        "playedYesterday": "N",
        "awayHomeSplits": "28.0 - 26.22",
        "savesAboveExp": -0.339,
        "gsaa": -11.94,
        "corsi": "51.1% (57.6) \u2022 51.2% (55.9) \u2022 53.7% (56.6) \u2022 49.5% (53.0)",
        "fenwick": "49.7% (43.5) \u2022 49.8% (41.5) \u2022 54.7% (45.2) \u2022 51.8% (43.3)",
        "shots": "49.4% (31.9) \u2022 48.9% (29.5) \u2022 54.4% (31.2) \u2022 52.3% (30.7)",
        "scoring": "49.9% (30.5) \u2022 47.1% (27.0) \u2022 48.2% (27.0) \u2022 44.1% (25.0)",
        "corsiAgainst": "48.9% (55.0) \u2022 48.8% (53.4) \u2022 46.3% (48.8) \u2022 50.5% (54.0)",
        "fenwickAgainst": "50.3% (43.9) \u2022 50.2% (41.8) \u2022 45.3% (37.4) \u2022 48.2% (40.3)",
        "shotsAgainst": "50.6% (32.6) \u2022 51.1% (30.8) \u2022 45.6% (26.2) \u2022 47.7% (28.0)",
        "scoringAgainst": "50.1% (30.6) \u2022 52.9% (30.2) \u2022 51.8% (29.0) \u2022 55.9% (31.7)",
        "oppCorsi": "44.8% (51.0) \u2022 42.6% (47.9) \u2022 47.9% (50.8) \u2022 53.4% (55.3)",
        "oppFenwick": "44.8% (37.2) \u2022 43.6% (35.6) \u2022 50.6% (40.2) \u2022 56.5% (43.7)",
        "oppShots": "44.8% (27.1) \u2022 41.9% (24.5) \u2022 46.9% (26.0) \u2022 51.9% (27.7)",
        "oppScoring": "42.7% (25.2) \u2022 40.0% (22.3) \u2022 44.9% (23.0) \u2022 50.3% (26.0)",
        "oppCorsiAgainst": "55.2% (63.0) \u2022 57.4% (64.6) \u2022 52.1% (55.2) \u2022 46.6% (48.3)",
        "oppFenwickAgainst": "55.2% (45.8) \u2022 56.4% (46.1) \u2022 49.4% (39.2) \u2022 43.5% (33.7)",
        "oppShotsAgainst": "55.2% (33.4) \u2022 58.1% (33.9) \u2022 53.1% (29.5) \u2022 48.1% (25.7)",
        "oppScoringAgainst": "57.3% (33.8) \u2022 60.0% (33.5) \u2022 55.1% (28.2) \u2022 49.7% (25.7)",
        "savesPerGame": 29.2,
        "savesPerGameLast1": 26.0,
        "savesPerGameLast3": 24.3,
        "savesPerGameLast5": 21.6,
        "savesPer60": 29.3,
        "savesPer60Last1": 25.6,
        "savesPer60Last3": 24.1,
        "savesPer60Last5": 21.5,
        "shotsPerGame": 32.2,
        "shotsPerGameLast5": 31.2,
        "shotsAgainstPerGame": 32.9,
        "shotsAgainstPerGameLast5": 26.2,
        "oppSavesAgainstPer60": 24.7,
        "oppSavesAgainstPer60Last1": 24.0,
        "oppSavesAgainstPer60Last3": 23.4,
        "oppSavesAgainstPer60Last5": 22.6,
        "oppShotsAgainstPerGame": 33.7,
        "oppShotsAgainstPerGameLast5": 31.8,
        "savesProj": 23.9,
        "savesProjLast5": 16.1,
        "savesProjLast3": 18.7,
        "oppSavesAgainstProj": 25.5,
        "oppSavesAgainstProjLast5": 17.2,
        "oppSavesAgainstProjLast3": 19.9,
        "totalOver": 56,
        "totalOverLast5": 80,
        "totalOverLast15": 47,
        "lastTotalOver": 84,
        "last5": "26,39,33,36,19,19,18,22,29,20",
        "overOdds": "-135",
        "underOdds": "+105",
        "overUnder": "-135 / +105"
    },
    {
        "player": "Jake Allen",
        "team": "MTL",
        "opponent": "BUF",
        "propType": "sv",
        "line": 28.5,
        "ppLine": "",
        "avg": 28.29,
        "hit": false,
        "diffAvg": -0.01,
        "diffAbs": 0.06,
        "lastAvg": 29.03,
        "diff": 0.02,
        "avgMin": 58,
        "proj": 30.3,
        "lastAvgMin": 55.63,
        "oppOver": 51,
        "teamOver": 59,
        "gameLine": "+155",
        "+/-": 0,
        "L5_+/-": 0,
        "prevMatchup": "2022-10-27 mtl @ buf 43.0 sv 2022-11-22 buf @ mtl 31.0 sv",
        "winLossSplits": "28.57 - 29.4",
        "awayHome": "A",
        "playedYesterday": "N",
        "awayHomeSplits": "29.78 - 27.13",
        "savesAboveExp": 0.116,
        "gsaa": -17.08,
        "corsi": "44.8% (51.0) \u2022 42.6% (47.9) \u2022 47.9% (50.8) \u2022 53.4% (55.3)",
        "fenwick": "44.8% (37.2) \u2022 43.6% (35.6) \u2022 50.6% (40.2) \u2022 56.5% (43.7)",
        "shots": "44.8% (27.1) \u2022 41.9% (24.5) \u2022 46.9% (26.0) \u2022 51.9% (27.7)",
        "scoring": "42.7% (25.2) \u2022 40.0% (22.3) \u2022 44.9% (23.0) \u2022 50.3% (26.0)",
        "corsiAgainst": "55.2% (63.0) \u2022 57.4% (64.6) \u2022 52.1% (55.2) \u2022 46.6% (48.3)",
        "fenwickAgainst": "55.2% (45.8) \u2022 56.4% (46.1) \u2022 49.4% (39.2) \u2022 43.5% (33.7)",
        "shotsAgainst": "55.2% (33.4) \u2022 58.1% (33.9) \u2022 53.1% (29.5) \u2022 48.1% (25.7)",
        "scoringAgainst": "57.3% (33.8) \u2022 60.0% (33.5) \u2022 55.1% (28.2) \u2022 49.7% (25.7)",
        "oppCorsi": "51.1% (57.6) \u2022 51.2% (55.9) \u2022 53.7% (56.6) \u2022 49.5% (53.0)",
        "oppFenwick": "49.7% (43.5) \u2022 49.8% (41.5) \u2022 54.7% (45.2) \u2022 51.8% (43.3)",
        "oppShots": "49.4% (31.9) \u2022 48.9% (29.5) \u2022 54.4% (31.2) \u2022 52.3% (30.7)",
        "oppScoring": "49.9% (30.5) \u2022 47.1% (27.0) \u2022 48.2% (27.0) \u2022 44.1% (25.0)",
        "oppCorsiAgainst": "48.9% (55.0) \u2022 48.8% (53.4) \u2022 46.3% (48.8) \u2022 50.5% (54.0)",
        "oppFenwickAgainst": "50.3% (43.9) \u2022 50.2% (41.8) \u2022 45.3% (37.4) \u2022 48.2% (40.3)",
        "oppShotsAgainst": "50.6% (32.6) \u2022 51.1% (30.8) \u2022 45.6% (26.2) \u2022 47.7% (28.0)",
        "oppScoringAgainst": "50.1% (30.6) \u2022 52.9% (30.2) \u2022 51.8% (29.0) \u2022 55.9% (31.7)",
        "savesPerGame": 30.1,
        "savesPerGameLast1": 20.0,
        "savesPerGameLast3": 22.7,
        "savesPerGameLast5": 27.4,
        "savesPer60": 30.1,
        "savesPer60Last1": 20.0,
        "savesPer60Last3": 22.4,
        "savesPer60Last5": 27.1,
        "shotsPerGame": 27.4,
        "shotsPerGameLast5": 26.8,
        "shotsAgainstPerGame": 33.7,
        "shotsAgainstPerGameLast5": 31.8,
        "oppSavesAgainstPer60": 28.6,
        "oppSavesAgainstPer60Last1": 33.0,
        "oppSavesAgainstPer60Last3": 27.2,
        "oppSavesAgainstPer60Last5": 28.7,
        "oppShotsAgainstPerGame": 32.9,
        "oppShotsAgainstPerGameLast5": 26.2,
        "savesProj": 29.4,
        "savesProjLast5": 26.6,
        "savesProjLast3": 20.9,
        "oppSavesAgainstProj": 30.3,
        "oppSavesAgainstProjLast5": 26.9,
        "oppSavesAgainstProjLast3": 22.1,
        "totalOver": 51,
        "totalOverLast5": 40,
        "totalOverLast15": 47,
        "lastTotalOver": 49,
        "last5": "17,12,9,34,36,24,30,38,24,36",
        "overOdds": "-135",
        "underOdds": "+105",
        "overUnder": "-135 / +105"
    },
    {
        "player": "Sergei Bobrovsky",
        "team": "FLA",
        "opponent": "OTT",
        "propType": "sv",
        "line": 26.5,
        "ppLine": "",
        "avg": 26.71,
        "hit": false,
        "diffAvg": 0.01,
        "diffAbs": 0.17,
        "lastAvg": 22.33,
        "diff": -0.16,
        "avgMin": 56,
        "proj": 21.9,
        "lastAvgMin": 57.07,
        "oppOver": 68,
        "teamOver": 64,
        "gameLine": "-150",
        "+/-": 0,
        "L5_+/-": 0,
        "prevMatchup": "2022-10-29 ott @ fla 23.0 sv",
        "winLossSplits": "27.54 - 27.4",
        "awayHome": "A",
        "playedYesterday": "N",
        "awayHomeSplits": "24.96 - 28.27",
        "savesAboveExp": -0.102,
        "gsaa": -2.84,
        "corsi": "54.4% (66.4) \u2022 58.7% (68.5) \u2022 56.6% (65.8) \u2022 57.1% (69.7)",
        "fenwick": "53.8% (49.9) \u2022 56.9% (50.7) \u2022 54.8% (49.0) \u2022 55.7% (50.7)",
        "shots": "53.8% (36.6) \u2022 57.6% (38.3) \u2022 54.4% (35.8) \u2022 54.9% (37.7)",
        "scoring": "54.8% (34.9) \u2022 59.5% (35.3) \u2022 55.5% (33.6) \u2022 53.9% (34.3)",
        "corsiAgainst": "45.6% (55.6) \u2022 41.3% (48.2) \u2022 43.4% (50.4) \u2022 42.9% (52.3)",
        "fenwickAgainst": "46.2% (42.9) \u2022 43.1% (38.4) \u2022 45.2% (40.4) \u2022 44.3% (40.3)",
        "shotsAgainst": "46.2% (31.4) \u2022 42.4% (28.3) \u2022 45.6% (30.0) \u2022 45.1% (31.0)",
        "scoringAgainst": "45.2% (28.8) \u2022 40.5% (24.0) \u2022 44.5% (27.0) \u2022 46.1% (29.3)",
        "oppCorsi": "51.0% (61.2) \u2022 47.8% (59.6) \u2022 49.1% (64.3) \u2022 48.0% (60.7)",
        "oppFenwick": "51.2% (45.7) \u2022 48.9% (45.0) \u2022 51.5% (49.0) \u2022 50.9% (47.0)",
        "oppShots": "51.0% (32.9) \u2022 48.9% (32.4) \u2022 50.0% (34.8) \u2022 51.2% (34.7)",
        "oppScoring": "50.3% (32.2) \u2022 42.8% (29.7) \u2022 44.4% (31.3) \u2022 43.6% (31.7)",
        "oppCorsiAgainst": "49.0% (58.9) \u2022 52.2% (65.2) \u2022 50.9% (66.7) \u2022 52.0% (65.7)",
        "oppFenwickAgainst": "48.8% (43.5) \u2022 51.1% (47.0) \u2022 48.5% (46.0) \u2022 49.1% (45.3)",
        "oppShotsAgainst": "49.0% (31.6) \u2022 51.1% (33.9) \u2022 50.0% (34.8) \u2022 48.8% (33.0)",
        "oppScoringAgainst": "49.7% (31.8) \u2022 57.2% (39.6) \u2022 55.6% (39.1) \u2022 56.4% (41.0)",
        "savesPerGame": 28.2,
        "savesPerGameLast1": 38.0,
        "savesPerGameLast3": 25.7,
        "savesPerGameLast5": 26.0,
        "savesPer60": 28.1,
        "savesPer60Last1": 37.0,
        "savesPer60Last3": 24.7,
        "savesPer60Last5": 25.4,
        "shotsPerGame": 36.9,
        "shotsPerGameLast5": 35.8,
        "shotsAgainstPerGame": 31.7,
        "shotsAgainstPerGameLast5": 30.0,
        "oppSavesAgainstPer60": 30.1,
        "oppSavesAgainstPer60Last1": 25.0,
        "oppSavesAgainstPer60Last3": 30.8,
        "oppSavesAgainstPer60Last5": 31.9,
        "oppShotsAgainstPerGame": 31.9,
        "oppShotsAgainstPerGameLast5": 35.4,
        "savesProj": 29.5,
        "savesProjLast5": 28.4,
        "savesProjLast3": 26.8,
        "oppSavesAgainstProj": 30.4,
        "oppSavesAgainstProjLast5": 29.3,
        "oppSavesAgainstProjLast3": 28.3,
        "totalOver": 63,
        "totalOverLast5": 40,
        "totalOverLast15": 47,
        "lastTotalOver": 47,
        "last5": "38,21,20,33,25,22,21,31,31,21",
        "overOdds": "-125",
        "underOdds": "-105",
        "overUnder": "-125 / -105"
    },
    {
        "player": "Ilya Sorokin",
        "team": "NYI",
        "opponent": "NJ",
        "propType": "sv",
        "line": 29.5,
        "ppLine": "",
        "avg": 27.78,
        "hit": false,
        "diffAvg": -0.06,
        "diffAbs": 0.03,
        "lastAvg": 29.23,
        "diff": -0.01,
        "avgMin": 58,
        "proj": 28.7,
        "lastAvgMin": 59.07,
        "oppOver": 59,
        "teamOver": 42,
        "gameLine": "+110",
        "+/-": 0,
        "L5_+/-": 0,
        "prevMatchup": "2022-10-20 nj @ nyi 39.0 sv 2022-12-09 nyi @ nj 25.0 sv",
        "winLossSplits": "27.77 - 28.27",
        "awayHome": "H",
        "playedYesterday": "N",
        "awayHomeSplits": "27.72 - 27.83",
        "savesAboveExp": 0.704,
        "gsaa": 29.92,
        "corsi": "49.0% (57.8) \u2022 51.7% (59.2) \u2022 49.1% (57.1) \u2022 48.1% (55.8)",
        "fenwick": "49.0% (42.2) \u2022 52.6% (43.6) \u2022 51.2% (43.6) \u2022 49.6% (42.5)",
        "shots": "49.4% (30.2) \u2022 51.7% (30.8) \u2022 51.4% (31.4) \u2022 51.1% (30.9)",
        "scoring": "49.7% (30.3) \u2022 51.5% (29.9) \u2022 48.3% (28.4) \u2022 48.4% (29.2)",
        "corsiAgainst": "51.0% (60.1) \u2022 48.3% (55.2) \u2022 50.9% (59.1) \u2022 51.9% (60.1)",
        "fenwickAgainst": "51.0% (44.0) \u2022 47.4% (39.3) \u2022 48.8% (41.6) \u2022 50.4% (43.2)",
        "shotsAgainst": "50.6% (31.0) \u2022 48.3% (28.8) \u2022 48.6% (29.7) \u2022 48.9% (29.6)",
        "scoringAgainst": "50.3% (30.7) \u2022 48.5% (28.1) \u2022 51.7% (30.4) \u2022 51.6% (31.2)",
        "oppCorsi": "53.5% (63.3) \u2022 53.7% (64.0) \u2022 53.8% (65.9) \u2022 57.1% (70.4)",
        "oppFenwick": "53.8% (46.8) \u2022 54.0% (46.9) \u2022 53.7% (49.8) \u2022 55.8% (51.3)",
        "oppShots": "55.0% (34.0) \u2022 55.3% (33.8) \u2022 56.0% (37.0) \u2022 57.9% (37.0)",
        "oppScoring": "55.9% (34.5) \u2022 58.4% (35.9) \u2022 57.1% (36.2) \u2022 61.7% (39.3)",
        "oppCorsiAgainst": "46.5% (55.0) \u2022 46.3% (55.2) \u2022 46.2% (56.7) \u2022 42.9% (52.9)",
        "oppFenwickAgainst": "46.2% (40.2) \u2022 46.0% (39.9) \u2022 46.3% (42.9) \u2022 44.2% (40.5)",
        "oppShotsAgainst": "45.0% (27.8) \u2022 44.7% (27.3) \u2022 44.0% (29.1) \u2022 42.1% (26.9)",
        "oppScoringAgainst": "44.1% (27.3) \u2022 41.6% (25.6) \u2022 42.9% (27.2) \u2022 38.3% (24.3)",
        "savesPerGame": 28.6,
        "savesPerGameLast1": 33.0,
        "savesPerGameLast3": 26.7,
        "savesPerGameLast5": 25.8,
        "savesPer60": 28.6,
        "savesPer60Last1": 32.1,
        "savesPer60Last3": 26.5,
        "savesPer60Last5": 25.7,
        "shotsPerGame": 30.6,
        "shotsPerGameLast5": 31.8,
        "shotsAgainstPerGame": 31.3,
        "shotsAgainstPerGameLast5": 28.4,
        "oppSavesAgainstPer60": 31.1,
        "oppSavesAgainstPer60Last1": 30.0,
        "oppSavesAgainstPer60Last3": 34.4,
        "oppSavesAgainstPer60Last5": 33.8,
        "oppShotsAgainstPerGame": 28.2,
        "oppShotsAgainstPerGameLast5": 29.6,
        "savesProj": 34.5,
        "savesProjLast5": 34.2,
        "savesProjLast3": 35.7,
        "oppSavesAgainstProj": 31.4,
        "oppSavesAgainstProjLast5": 31.7,
        "oppSavesAgainstProjLast3": 32.7,
        "totalOver": 41,
        "totalOverLast5": 20,
        "totalOverLast15": 40,
        "lastTotalOver": 40,
        "last5": "22,25,29,20,32,33,22,22,30,26",
        "overOdds": "-120",
        "underOdds": "-110",
        "overUnder": "-120 / -110"
    },
    {
        "player": "Vitek Vanecek",
        "team": "NJ",
        "opponent": "NYI",
        "propType": "sv",
        "line": 25.5,
        "ppLine": "",
        "avg": 23.22,
        "hit": false,
        "diffAvg": -0.09,
        "diffAbs": 0.08,
        "lastAvg": 23.05,
        "diff": -0.1,
        "avgMin": 56,
        "proj": 23.4,
        "lastAvgMin": 55.17,
        "oppOver": 59,
        "teamOver": 42,
        "gameLine": "-130",
        "+/-": 0,
        "L5_+/-": 0,
        "prevMatchup": "2022-10-20 nj @ nyi 16.0 sv 2022-12-09 nyi @ nj 26.0 sv",
        "winLossSplits": "26.93 - 20.12",
        "awayHome": "A",
        "playedYesterday": "N",
        "awayHomeSplits": "24.48 - 22.16",
        "savesAboveExp": 0.109,
        "gsaa": 5.74,
        "corsi": "53.5% (63.3) \u2022 53.7% (64.0) \u2022 53.8% (65.9) \u2022 57.1% (70.4)",
        "fenwick": "53.8% (46.8) \u2022 54.0% (46.9) \u2022 53.7% (49.8) \u2022 55.8% (51.3)",
        "shots": "55.0% (34.0) \u2022 55.3% (33.8) \u2022 56.0% (37.0) \u2022 57.9% (37.0)",
        "scoring": "55.9% (34.5) \u2022 58.4% (35.9) \u2022 57.1% (36.2) \u2022 61.7% (39.3)",
        "corsiAgainst": "46.5% (55.0) \u2022 46.3% (55.2) \u2022 46.2% (56.7) \u2022 42.9% (52.9)",
        "fenwickAgainst": "46.2% (40.2) \u2022 46.0% (39.9) \u2022 46.3% (42.9) \u2022 44.2% (40.5)",
        "shotsAgainst": "45.0% (27.8) \u2022 44.7% (27.3) \u2022 44.0% (29.1) \u2022 42.1% (26.9)",
        "scoringAgainst": "44.1% (27.3) \u2022 41.6% (25.6) \u2022 42.9% (27.2) \u2022 38.3% (24.3)",
        "oppCorsi": "49.0% (57.8) \u2022 51.7% (59.2) \u2022 49.1% (57.1) \u2022 48.1% (55.8)",
        "oppFenwick": "49.0% (42.2) \u2022 52.6% (43.6) \u2022 51.2% (43.6) \u2022 49.6% (42.5)",
        "oppShots": "49.4% (30.2) \u2022 51.7% (30.8) \u2022 51.4% (31.4) \u2022 51.1% (30.9)",
        "oppScoring": "49.7% (30.3) \u2022 51.5% (29.9) \u2022 48.3% (28.4) \u2022 48.4% (29.2)",
        "oppCorsiAgainst": "51.0% (60.1) \u2022 48.3% (55.2) \u2022 50.9% (59.1) \u2022 51.9% (60.1)",
        "oppFenwickAgainst": "51.0% (44.0) \u2022 47.4% (39.3) \u2022 48.8% (41.6) \u2022 50.4% (43.2)",
        "oppShotsAgainst": "50.6% (31.0) \u2022 48.3% (28.8) \u2022 48.6% (29.7) \u2022 48.9% (29.6)",
        "oppScoringAgainst": "50.3% (30.7) \u2022 48.5% (28.1) \u2022 51.7% (30.4) \u2022 51.6% (31.2)",
        "savesPerGame": 25.5,
        "savesPerGameLast1": 25.0,
        "savesPerGameLast3": 24.3,
        "savesPerGameLast5": 26.4,
        "savesPer60": 25.7,
        "savesPer60Last1": 25.0,
        "savesPer60Last3": 24.8,
        "savesPer60Last5": 26.5,
        "shotsPerGame": 34.5,
        "shotsPerGameLast5": 37.6,
        "shotsAgainstPerGame": 28.2,
        "shotsAgainstPerGameLast5": 29.6,
        "oppSavesAgainstPer60": 27.6,
        "oppSavesAgainstPer60Last1": 26.0,
        "oppSavesAgainstPer60Last3": 27.3,
        "oppSavesAgainstPer60Last5": 27.6,
        "oppShotsAgainstPerGame": 31.3,
        "oppShotsAgainstPerGameLast5": 28.4,
        "savesProj": 24.8,
        "savesProjLast5": 25.6,
        "savesProjLast3": 23.7,
        "oppSavesAgainstProj": 24.9,
        "oppSavesAgainstProjLast5": 24.2,
        "oppSavesAgainstProjLast3": 22.8,
        "totalOver": 37,
        "totalOverLast5": 60,
        "totalOverLast15": 40,
        "lastTotalOver": 36,
        "last5": "17,27,22,26,32,21,25,14,19,13",
        "overOdds": "-135",
        "underOdds": "+105",
        "overUnder": "-135 / +105"
    },
    {
        "player": "Marc-Andre Fleury",
        "team": "MIN",
        "opponent": "SEA",
        "propType": "sv",
        "line": 27.5,
        "ppLine": "",
        "avg": 26.74,
        "hit": false,
        "diffAvg": -0.03,
        "diffAbs": 0.09,
        "lastAvg": 25.79,
        "diff": -0.06,
        "avgMin": 57,
        "proj": 25.1,
        "lastAvgMin": 58.65,
        "oppOver": 49,
        "teamOver": 53,
        "gameLine": "-120",
        "+/-": 0,
        "L5_+/-": 0,
        "prevMatchup": "2022-11-03 sea @ min 19.0 sv 2022-11-11 min @ sea 28.0 sv",
        "winLossSplits": "25.92 - 29.0",
        "awayHome": "H",
        "playedYesterday": "N",
        "awayHomeSplits": "29.83 - 23.0",
        "savesAboveExp": 0.141,
        "gsaa": 3.78,
        "corsi": "50.3% (57.7) \u2022 48.0% (54.7) \u2022 48.6% (55.6) \u2022 47.0% (53.7)",
        "fenwick": "51.3% (43.6) \u2022 49.3% (43.0) \u2022 48.8% (43.7) \u2022 47.3% (41.1)",
        "shots": "50.5% (30.7) \u2022 47.0% (30.0) \u2022 45.4% (28.8) \u2022 42.6% (24.6)",
        "scoring": "51.0% (28.3) \u2022 48.4% (26.3) \u2022 48.2% (25.4) \u2022 44.5% (23.1)",
        "corsiAgainst": "49.7% (56.9) \u2022 52.0% (59.2) \u2022 51.4% (58.8) \u2022 53.0% (60.6)",
        "fenwickAgainst": "48.7% (41.4) \u2022 50.7% (44.3) \u2022 51.2% (45.9) \u2022 52.7% (45.8)",
        "shotsAgainst": "49.5% (30.0) \u2022 53.0% (33.8) \u2022 54.6% (34.6) \u2022 57.4% (33.2)",
        "scoringAgainst": "49.0% (27.3) \u2022 51.6% (28.0) \u2022 51.8% (27.3) \u2022 55.5% (28.7)",
        "oppCorsi": "51.6% (57.1) \u2022 52.6% (57.0) \u2022 53.6% (56.6) \u2022 51.5% (54.6)",
        "oppFenwick": "51.9% (42.8) \u2022 55.0% (45.4) \u2022 56.1% (45.9) \u2022 54.6% (44.0)",
        "oppShots": "52.4% (30.0) \u2022 55.5% (31.4) \u2022 58.7% (31.8) \u2022 57.7% (30.2)",
        "oppScoring": "50.0% (27.5) \u2022 52.4% (27.7) \u2022 54.5% (28.0) \u2022 54.7% (27.9)",
        "oppCorsiAgainst": "48.4% (53.4) \u2022 47.4% (51.3) \u2022 46.4% (49.1) \u2022 48.5% (51.4)",
        "oppFenwickAgainst": "48.1% (39.7) \u2022 45.0% (37.2) \u2022 43.9% (36.0) \u2022 45.4% (36.6)",
        "oppShotsAgainst": "47.6% (27.3) \u2022 44.5% (25.1) \u2022 41.3% (22.4) \u2022 42.3% (22.2)",
        "oppScoringAgainst": "50.0% (27.5) \u2022 47.6% (25.1) \u2022 45.5% (23.3) \u2022 45.3% (23.1)",
        "savesPerGame": 28.0,
        "savesPerGameLast1": 22.0,
        "savesPerGameLast3": 33.0,
        "savesPerGameLast5": 33.0,
        "savesPer60": 28.3,
        "savesPer60Last1": 22.0,
        "savesPer60Last3": 34.7,
        "savesPer60Last5": 33.8,
        "shotsPerGame": 31.3,
        "shotsPerGameLast5": 29.8,
        "shotsAgainstPerGame": 30.7,
        "shotsAgainstPerGameLast5": 35.8,
        "oppSavesAgainstPer60": 26.6,
        "oppSavesAgainstPer60Last1": 31.3,
        "oppSavesAgainstPer60Last3": 26.8,
        "oppSavesAgainstPer60Last5": 28.4,
        "oppShotsAgainstPerGame": 27.5,
        "oppShotsAgainstPerGameLast5": 24.8,
        "savesProj": 30.8,
        "savesProjLast5": 39.7,
        "savesProjLast3": 38.2,
        "oppSavesAgainstProj": 26.8,
        "oppSavesAgainstProjLast5": 33.1,
        "oppSavesAgainstProjLast3": 31.7,
        "totalOver": 52,
        "totalOverLast5": 100,
        "totalOverLast15": 67,
        "lastTotalOver": 48,
        "last5": "30,33,31,35,46,21,22,30,16,18",
        "overOdds": "-105",
        "underOdds": "-125",
        "overUnder": "-105 / -125"
    },
    {
        "player": "Philipp Grubauer",
        "team": "SEA",
        "opponent": "MIN",
        "propType": "sv",
        "line": 25.5,
        "ppLine": "",
        "avg": 22.03,
        "hit": false,
        "diffAvg": -0.14,
        "diffAbs": 0.12,
        "lastAvg": 23.91,
        "diff": -0.06,
        "avgMin": 53,
        "proj": 22.4,
        "lastAvgMin": 56.57,
        "oppOver": 63,
        "teamOver": 39,
        "gameLine": "+100",
        "+/-": 0,
        "L5_+/-": 0,
        "prevMatchup": "2022-11-03 sea @ min 22.0 sv 2022-11-11 min @ sea 20.0 sv",
        "winLossSplits": "21.0 - 28.15",
        "awayHome": "A",
        "playedYesterday": "N",
        "awayHomeSplits": "23.8 - 20.56",
        "savesAboveExp": -0.168,
        "gsaa": -9.8,
        "corsi": "51.6% (57.1) \u2022 52.6% (57.0) \u2022 53.6% (56.6) \u2022 51.5% (54.6)",
        "fenwick": "51.9% (42.8) \u2022 55.0% (45.4) \u2022 56.1% (45.9) \u2022 54.6% (44.0)",
        "shots": "52.4% (30.0) \u2022 55.5% (31.4) \u2022 58.7% (31.8) \u2022 57.7% (30.2)",
        "scoring": "50.0% (27.5) \u2022 52.4% (27.7) \u2022 54.5% (28.0) \u2022 54.7% (27.9)",
        "corsiAgainst": "48.4% (53.4) \u2022 47.4% (51.3) \u2022 46.4% (49.1) \u2022 48.5% (51.4)",
        "fenwickAgainst": "48.1% (39.7) \u2022 45.0% (37.2) \u2022 43.9% (36.0) \u2022 45.4% (36.6)",
        "shotsAgainst": "47.6% (27.3) \u2022 44.5% (25.1) \u2022 41.3% (22.4) \u2022 42.3% (22.2)",
        "scoringAgainst": "50.0% (27.5) \u2022 47.6% (25.1) \u2022 45.5% (23.3) \u2022 45.3% (23.1)",
        "oppCorsi": "50.3% (57.7) \u2022 48.0% (54.7) \u2022 48.6% (55.6) \u2022 47.0% (53.7)",
        "oppFenwick": "51.3% (43.6) \u2022 49.3% (43.0) \u2022 48.8% (43.7) \u2022 47.3% (41.1)",
        "oppShots": "50.5% (30.7) \u2022 47.0% (30.0) \u2022 45.4% (28.8) \u2022 42.6% (24.6)",
        "oppScoring": "51.0% (28.3) \u2022 48.4% (26.3) \u2022 48.2% (25.4) \u2022 44.5% (23.1)",
        "oppCorsiAgainst": "49.7% (56.9) \u2022 52.0% (59.2) \u2022 51.4% (58.8) \u2022 53.0% (60.6)",
        "oppFenwickAgainst": "48.7% (41.4) \u2022 50.7% (44.3) \u2022 51.2% (45.9) \u2022 52.7% (45.8)",
        "oppShotsAgainst": "49.5% (30.0) \u2022 53.0% (33.8) \u2022 54.6% (34.6) \u2022 57.4% (33.2)",
        "oppScoringAgainst": "49.0% (27.3) \u2022 51.6% (28.0) \u2022 51.8% (27.3) \u2022 55.5% (28.7)",
        "savesPerGame": 24.4,
        "savesPerGameLast1": 14.0,
        "savesPerGameLast3": 20.7,
        "savesPerGameLast5": 22.0,
        "savesPer60": 24.5,
        "savesPer60Last1": 14.0,
        "savesPer60Last3": 21.5,
        "savesPer60Last5": 22.6,
        "shotsPerGame": 30.3,
        "shotsPerGameLast5": 32.6,
        "shotsAgainstPerGame": 27.5,
        "shotsAgainstPerGameLast5": 24.8,
        "oppSavesAgainstPer60": 28.7,
        "oppSavesAgainstPer60Last1": 21.8,
        "oppSavesAgainstPer60Last3": 23.5,
        "oppSavesAgainstPer60Last5": 27.3,
        "oppShotsAgainstPerGame": 30.7,
        "oppShotsAgainstPerGameLast5": 35.8,
        "savesProj": 24.6,
        "savesProjLast5": 21.2,
        "savesProjLast3": 17.5,
        "oppSavesAgainstProj": 24.6,
        "oppSavesAgainstProjLast5": 21.6,
        "oppSavesAgainstProjLast3": 17.5,
        "totalOver": 33,
        "totalOverLast5": 40,
        "totalOverLast15": 27,
        "lastTotalOver": 30,
        "last5": "14,7,31,21,26,20,21,21,16,17",
        "overOdds": "-105",
        "underOdds": "-125",
        "overUnder": "-105 / -125"
    },
    {
        "player": "Jack Campbell",
        "team": "EDM",
        "opponent": "ARI",
        "propType": "sv",
        "line": 24.5,
        "ppLine": "",
        "avg": 24.85,
        "hit": false,
        "diffAvg": 0.01,
        "diffAbs": 0.1,
        "lastAvg": 22.93,
        "diff": -0.06,
        "avgMin": 55,
        "proj": 22.1,
        "lastAvgMin": 57.03,
        "oppOver": 36,
        "teamOver": 73,
        "gameLine": "-315",
        "+/-": 0,
        "L5_+/-": 0,
        "prevMatchup": "2022-12-07 ari @ edm 16.0 sv 2023-03-22 ari @ edm 14.0 sv",
        "winLossSplits": "27.42 - 25.34",
        "awayHome": "A",
        "playedYesterday": "N",
        "awayHomeSplits": "26.0 - 23.62",
        "savesAboveExp": -0.695,
        "gsaa": -20.77,
        "corsi": "51.8% (59.0) \u2022 52.0% (57.3) \u2022 55.4% (60.3) \u2022 57.7% (60.0)",
        "fenwick": "51.2% (44.5) \u2022 51.1% (43.7) \u2022 54.9% (45.8) \u2022 56.1% (42.1)",
        "shots": "51.3% (32.9) \u2022 49.8% (31.4) \u2022 53.1% (32.8) \u2022 54.5% (29.5)",
        "scoring": "53.4% (32.6) \u2022 53.3% (33.1) \u2022 57.4% (36.7) \u2022 58.6% (37.8)",
        "corsiAgainst": "48.2% (55.0) \u2022 48.0% (52.9) \u2022 44.6% (48.5) \u2022 42.3% (44.1)",
        "fenwickAgainst": "48.8% (42.4) \u2022 48.9% (41.8) \u2022 45.1% (37.6) \u2022 43.9% (32.9)",
        "shotsAgainst": "48.7% (31.3) \u2022 50.2% (31.7) \u2022 46.9% (29.0) \u2022 45.5% (24.7)",
        "scoringAgainst": "46.6% (28.5) \u2022 46.7% (29.0) \u2022 42.6% (27.3) \u2022 41.4% (26.6)",
        "oppCorsi": "42.5% (47.1) \u2022 40.0% (44.3) \u2022 40.5% (40.7) \u2022 41.6% (41.4)",
        "oppFenwick": "42.0% (35.3) \u2022 40.9% (34.2) \u2022 40.9% (30.5) \u2022 41.7% (30.7)",
        "oppShots": "42.0% (25.3) \u2022 42.3% (24.8) \u2022 43.3% (22.7) \u2022 44.6% (23.1)",
        "oppScoring": "41.6% (24.7) \u2022 40.1% (22.7) \u2022 38.5% (20.4) \u2022 37.8% (20.7)",
        "oppCorsiAgainst": "57.5% (63.8) \u2022 60.0% (66.3) \u2022 59.5% (59.7) \u2022 58.4% (58.2)",
        "oppFenwickAgainst": "58.0% (48.8) \u2022 59.1% (49.4) \u2022 59.1% (44.0) \u2022 58.3% (42.8)",
        "oppShotsAgainst": "58.0% (35.0) \u2022 57.7% (33.7) \u2022 56.7% (29.8) \u2022 55.4% (28.7)",
        "oppScoringAgainst": "58.4% (34.7) \u2022 59.9% (33.9) \u2022 61.5% (32.5) \u2022 62.2% (34.1)",
        "savesPerGame": 28.3,
        "savesPerGameLast1": 30.0,
        "savesPerGameLast3": 24.0,
        "savesPerGameLast5": 26.0,
        "savesPer60": 28.4,
        "savesPer60Last1": 31.2,
        "savesPer60Last3": 25.1,
        "savesPer60Last5": 26.7,
        "shotsPerGame": 33.2,
        "shotsPerGameLast5": 33.2,
        "shotsAgainstPerGame": 31.6,
        "shotsAgainstPerGameLast5": 29.2,
        "oppSavesAgainstPer60": 23.0,
        "oppSavesAgainstPer60Last1": 28.6,
        "oppSavesAgainstPer60Last3": 19.6,
        "oppSavesAgainstPer60Last5": 21.0,
        "oppShotsAgainstPerGame": 35.5,
        "oppShotsAgainstPerGameLast5": 30.4,
        "savesProj": 20.1,
        "savesProjLast5": 17.2,
        "savesProjLast3": 15.0,
        "oppSavesAgainstProj": 23.1,
        "oppSavesAgainstProjLast5": 20.2,
        "oppSavesAgainstProjLast3": 17.6,
        "totalOver": 67,
        "totalOverLast5": 80,
        "totalOverLast15": 73,
        "lastTotalOver": 56,
        "last5": "28,32,10,36,34,19,26,30,25,28",
        "overOdds": "-110",
        "underOdds": "-120",
        "overUnder": "-110 / -120"
    },
    {
        "player": "Karel Vejmelka",
        "team": "ARI",
        "opponent": "EDM",
        "propType": "sv",
        "line": 31.5,
        "ppLine": "",
        "avg": 30.52,
        "hit": false,
        "diffAvg": -0.03,
        "diffAbs": 0.0,
        "lastAvg": 28.83,
        "diff": -0.08,
        "avgMin": 58,
        "proj": 31.4,
        "lastAvgMin": 53.32,
        "oppOver": 32,
        "teamOver": 49,
        "gameLine": "+260",
        "+/-": 0,
        "L5_+/-": 0,
        "prevMatchup": "2022-12-07 ari @ edm 27.0 sv 2023-03-22 ari @ edm 27.0 sv",
        "winLossSplits": "31.93 - 30.72",
        "awayHome": "H",
        "playedYesterday": "Y",
        "awayHomeSplits": "28.88 - 32.48",
        "savesAboveExp": 0.539,
        "gsaa": -0.9,
        "corsi": "42.5% (47.1) \u2022 40.0% (44.3) \u2022 40.5% (40.7) \u2022 41.6% (41.4)",
        "fenwick": "42.0% (35.3) \u2022 40.9% (34.2) \u2022 40.9% (30.5) \u2022 41.7% (30.7)",
        "shots": "42.0% (25.3) \u2022 42.3% (24.8) \u2022 43.3% (22.7) \u2022 44.6% (23.1)",
        "scoring": "41.6% (24.7) \u2022 40.1% (22.7) \u2022 38.5% (20.4) \u2022 37.8% (20.7)",
        "corsiAgainst": "57.5% (63.8) \u2022 60.0% (66.3) \u2022 59.5% (59.7) \u2022 58.4% (58.2)",
        "fenwickAgainst": "58.0% (48.8) \u2022 59.1% (49.4) \u2022 59.1% (44.0) \u2022 58.3% (42.8)",
        "shotsAgainst": "58.0% (35.0) \u2022 57.7% (33.7) \u2022 56.7% (29.8) \u2022 55.4% (28.7)",
        "scoringAgainst": "58.4% (34.7) \u2022 59.9% (33.9) \u2022 61.5% (32.5) \u2022 62.2% (34.1)",
        "oppCorsi": "51.8% (59.0) \u2022 52.0% (57.3) \u2022 55.4% (60.3) \u2022 57.7% (60.0)",
        "oppFenwick": "51.2% (44.5) \u2022 51.1% (43.7) \u2022 54.9% (45.8) \u2022 56.1% (42.1)",
        "oppShots": "51.3% (32.9) \u2022 49.8% (31.4) \u2022 53.1% (32.8) \u2022 54.5% (29.5)",
        "oppScoring": "53.4% (32.6) \u2022 53.3% (33.1) \u2022 57.4% (36.7) \u2022 58.6% (37.8)",
        "oppCorsiAgainst": "48.2% (55.0) \u2022 48.0% (52.9) \u2022 44.6% (48.5) \u2022 42.3% (44.1)",
        "oppFenwickAgainst": "48.8% (42.4) \u2022 48.9% (41.8) \u2022 45.1% (37.6) \u2022 43.9% (32.9)",
        "oppShotsAgainst": "48.7% (31.3) \u2022 50.2% (31.7) \u2022 46.9% (29.0) \u2022 45.5% (24.7)",
        "oppScoringAgainst": "46.6% (28.5) \u2022 46.7% (29.0) \u2022 42.6% (27.3) \u2022 41.4% (26.6)",
        "savesPerGame": 32.1,
        "savesPerGameLast1": 29.0,
        "savesPerGameLast3": 27.7,
        "savesPerGameLast5": 27.6,
        "savesPer60": 32.3,
        "savesPer60Last1": 31.4,
        "savesPer60Last3": 28.5,
        "savesPer60Last5": 28.0,
        "shotsPerGame": 25.6,
        "shotsPerGameLast5": 23.2,
        "shotsAgainstPerGame": 35.5,
        "shotsAgainstPerGameLast5": 30.4,
        "oppSavesAgainstPer60": 29.3,
        "oppSavesAgainstPer60Last1": 27.0,
        "oppSavesAgainstPer60Last3": 34.0,
        "oppSavesAgainstPer60Last5": 28.7,
        "oppShotsAgainstPerGame": 31.6,
        "oppShotsAgainstPerGameLast5": 29.2,
        "savesProj": 33.4,
        "savesProjLast5": 28.2,
        "savesProjLast3": 33.5,
        "oppSavesAgainstProj": 33.3,
        "oppSavesAgainstProjLast5": 28.4,
        "oppSavesAgainstProjLast3": 31.6,
        "totalOver": 41,
        "totalOverLast5": 40,
        "totalOverLast15": 40,
        "lastTotalOver": 45,
        "last5": "27,23,30,40,36,23,45,9,29,31",
        "overOdds": "-115",
        "underOdds": "-115",
        "overUnder": "-115 / -115"
    },
    {
        "player": "John Gibson",
        "team": "ANA",
        "opponent": "COL",
        "propType": "sv",
        "line": 32.5,
        "ppLine": "",
        "avg": 33.64,
        "hit": false,
        "diffAvg": 0.04,
        "diffAbs": 0.15,
        "lastAvg": 28.37,
        "diff": -0.13,
        "avgMin": 56,
        "proj": 27.5,
        "lastAvgMin": 57.77,
        "oppOver": 28,
        "teamOver": 67,
        "gameLine": "+230",
        "+/-": 0,
        "L5_+/-": 0,
        "prevMatchup": "2023-01-26 ana @ col 41.0 sv",
        "winLossSplits": "36.58 - 34.99",
        "awayHome": "H",
        "playedYesterday": "N",
        "awayHomeSplits": "33.48 - 33.78",
        "savesAboveExp": -0.223,
        "gsaa": -6.77,
        "corsi": "43.6% (51.6) \u2022 42.3% (46.6) \u2022 43.1% (49.8) \u2022 43.8% (48.3)",
        "fenwick": "42.6% (38.8) \u2022 41.5% (35.4) \u2022 41.8% (38.6) \u2022 41.5% (37.3)",
        "shots": "42.2% (28.1) \u2022 40.0% (24.2) \u2022 38.4% (24.2) \u2022 36.7% (21.7)",
        "scoring": "41.6% (25.8) \u2022 41.2% (22.1) \u2022 42.4% (24.6) \u2022 40.4% (22.3)",
        "corsiAgainst": "56.4% (66.7) \u2022 57.7% (63.4) \u2022 56.9% (65.8) \u2022 56.2% (62.0)",
        "fenwickAgainst": "57.4% (52.3) \u2022 58.5% (50.0) \u2022 58.2% (53.8) \u2022 58.5% (52.7)",
        "shotsAgainst": "57.8% (38.5) \u2022 60.0% (36.4) \u2022 61.6% (38.8) \u2022 63.3% (37.3)",
        "scoringAgainst": "58.4% (36.2) \u2022 58.8% (31.6) \u2022 57.6% (33.4) \u2022 59.6% (33.0)",
        "oppCorsi": "52.2% (59.7) \u2022 55.8% (61.3) \u2022 51.3% (57.2) \u2022 52.7% (60.3)",
        "oppFenwick": "51.4% (43.8) \u2022 54.7% (44.3) \u2022 50.5% (41.7) \u2022 51.1% (43.1)",
        "oppShots": "51.3% (32.5) \u2022 53.0% (30.7) \u2022 48.8% (28.9) \u2022 49.7% (29.8)",
        "oppScoring": "53.2% (30.0) \u2022 58.1% (32.5) \u2022 55.4% (30.3) \u2022 55.2% (30.8)",
        "oppCorsiAgainst": "47.8% (54.7) \u2022 44.2% (48.6) \u2022 48.7% (54.3) \u2022 47.3% (54.2)",
        "oppFenwickAgainst": "48.6% (41.4) \u2022 45.3% (36.8) \u2022 49.5% (40.9) \u2022 48.9% (41.2)",
        "oppShotsAgainst": "48.7% (30.8) \u2022 47.0% (27.3) \u2022 51.2% (30.3) \u2022 50.3% (30.2)",
        "oppScoringAgainst": "46.8% (26.4) \u2022 41.9% (23.4) \u2022 44.6% (24.4) \u2022 44.8% (25.0)",
        "savesPerGame": 35.0,
        "savesPerGameLast1": 30.0,
        "savesPerGameLast3": 32.7,
        "savesPerGameLast5": 34.8,
        "savesPer60": 35.2,
        "savesPer60Last1": 29.8,
        "savesPer60Last3": 32.1,
        "savesPer60Last5": 34.2,
        "shotsPerGame": 28.5,
        "shotsPerGameLast5": 24.2,
        "shotsAgainstPerGame": 39.0,
        "shotsAgainstPerGameLast5": 38.8,
        "oppSavesAgainstPer60": 30.0,
        "oppSavesAgainstPer60Last1": 29.0,
        "oppSavesAgainstPer60Last3": 28.6,
        "oppSavesAgainstPer60Last5": 26.3,
        "oppShotsAgainstPerGame": 31.3,
        "oppShotsAgainstPerGameLast5": 30.8,
        "savesProj": 36.6,
        "savesProjLast5": 30.8,
        "savesProjLast3": 31.4,
        "oppSavesAgainstProj": 37.3,
        "oppSavesAgainstProjLast5": 33.0,
        "oppSavesAgainstProjLast3": 32.9,
        "totalOver": 60,
        "totalOverLast5": 40,
        "totalOverLast15": 53,
        "lastTotalOver": 21,
        "last5": "30,38,38,27,31,36,26,26,36,51",
        "overOdds": "-120",
        "underOdds": "-110",
        "overUnder": "-120 / -110"
    },
    {
        "player": "Jonas Johansson",
        "team": "COL",
        "opponent": "ANA",
        "propType": "sv",
        "line": 23.5,
        "ppLine": "",
        "avg": 32.0,
        "hit": false,
        "diffAvg": 0.36,
        "diffAbs": 1.0,
        "lastAvg": 0,
        "diff": 0,
        "avgMin": 60,
        "proj": 0.0,
        "lastAvgMin": 0,
        "oppOver": 64,
        "teamOver": 75,
        "gameLine": "-275",
        "+/-": 0,
        "L5_+/-": 0,
        "prevMatchup": "2023-01-26 ana @ col 27.0 sv",
        "winLossSplits": "32.0 - 0",
        "awayHome": "A",
        "playedYesterday": "Y",
        "awayHomeSplits": "32.0 - 0",
        "savesAboveExp": 1.781,
        "gsaa": "-",
        "corsi": "52.2% (59.7) \u2022 55.8% (61.3) \u2022 51.3% (57.2) \u2022 52.7% (60.3)",
        "fenwick": "51.4% (43.8) \u2022 54.7% (44.3) \u2022 50.5% (41.7) \u2022 51.1% (43.1)",
        "shots": "51.3% (32.5) \u2022 53.0% (30.7) \u2022 48.8% (28.9) \u2022 49.7% (29.8)",
        "scoring": "53.2% (30.0) \u2022 58.1% (32.5) \u2022 55.4% (30.3) \u2022 55.2% (30.8)",
        "corsiAgainst": "47.8% (54.7) \u2022 44.2% (48.6) \u2022 48.7% (54.3) \u2022 47.3% (54.2)",
        "fenwickAgainst": "48.6% (41.4) \u2022 45.3% (36.8) \u2022 49.5% (40.9) \u2022 48.9% (41.2)",
        "shotsAgainst": "48.7% (30.8) \u2022 47.0% (27.3) \u2022 51.2% (30.3) \u2022 50.3% (30.2)",
        "scoringAgainst": "46.8% (26.4) \u2022 41.9% (23.4) \u2022 44.6% (24.4) \u2022 44.8% (25.0)",
        "oppCorsi": "43.6% (51.6) \u2022 42.3% (46.6) \u2022 43.1% (49.8) \u2022 43.8% (48.3)",
        "oppFenwick": "42.6% (38.8) \u2022 41.5% (35.4) \u2022 41.8% (38.6) \u2022 41.5% (37.3)",
        "oppShots": "42.2% (28.1) \u2022 40.0% (24.2) \u2022 38.4% (24.2) \u2022 36.7% (21.7)",
        "oppScoring": "41.6% (25.8) \u2022 41.2% (22.1) \u2022 42.4% (24.6) \u2022 40.4% (22.3)",
        "oppCorsiAgainst": "56.4% (66.7) \u2022 57.7% (63.4) \u2022 56.9% (65.8) \u2022 56.2% (62.0)",
        "oppFenwickAgainst": "57.4% (52.3) \u2022 58.5% (50.0) \u2022 58.2% (53.8) \u2022 58.5% (52.7)",
        "oppShotsAgainst": "57.8% (38.5) \u2022 60.0% (36.4) \u2022 61.6% (38.8) \u2022 63.3% (37.3)",
        "oppScoringAgainst": "58.4% (36.2) \u2022 58.8% (31.6) \u2022 57.6% (33.4) \u2022 59.6% (33.0)",
        "savesPerGame": 28.6,
        "savesPerGameLast1": 27.0,
        "savesPerGameLast3": 28.0,
        "savesPerGameLast5": 28.8,
        "savesPer60": 28.6,
        "savesPer60Last1": 29.2,
        "savesPer60Last3": 28.0,
        "savesPer60Last5": 28.8,
        "shotsPerGame": 33.0,
        "shotsPerGameLast5": 29.4,
        "shotsAgainstPerGame": 31.3,
        "shotsAgainstPerGameLast5": 30.8,
        "oppSavesAgainstPer60": 26.1,
        "oppSavesAgainstPer60Last1": 23.3,
        "oppSavesAgainstPer60Last3": 20.0,
        "oppSavesAgainstPer60Last5": 22.0,
        "oppShotsAgainstPerGame": 39.0,
        "oppShotsAgainstPerGameLast5": 38.8,
        "savesProj": 21.1,
        "savesProjLast5": 17.5,
        "savesProjLast3": 15.7,
        "oppSavesAgainstProj": 26.6,
        "oppSavesAgainstProjLast5": 24.5,
        "oppSavesAgainstProjLast3": 21.2,
        "totalOver": 100,
        "totalOverLast5": 100,
        "totalOverLast15": 100,
        "lastTotalOver": 0,
        "last5": "32",
        "overOdds": "-125",
        "underOdds": "-105",
        "overUnder": "-125 / -105"
    }
]