[
    {
        "player": "Barrett Hayton",
        "team": "ARI",
        "opponent": "COL",
        "propType": "sog",
        "line": 2.5,
        "ppLine": "PP1",
        "avg": 2.16,
        "hit": false,
        "diffAvg": -0.14,
        "diffAbs": 0.44,
        "lastAvg": 1.37,
        "diff": -0.45,
        "avgMin": 17,
        "proj": 1.4,
        "lastAvgMin": 16.12,
        "oppOver": 0,
        "teamOver": 0,
        "gameLine": "+255",
        "+/-": "+3",
        "L5_+/-": "+11.0",
        "prevMatchup": "2023-03-24 0.0 sog, 2023-03-11 3.0 sog, 2022-12-27 3.0 sog",
        "winLossSplits": "1.87 - 2.19",
        "awayHome": "H",
        "playedYesterday": "N",
        "awayHomeSplits": "1.97 - 2.38",
        "savesAboveExp": 0.16,
        "gsaa": 24.43,
        "corsi": "42.4% (47.0) // 38.9% (43.3) // 39.7% (41.2) // 38.2% (37.0)",
        "fenwick": "41.9% (35.3) // 40.0% (34.0) // 40.0% (31.6) // 39.4% (28.8)",
        "shots": "41.9% (25.2) // 41.4% (24.7) // 42.8% (22.5) // 43.0% (21.5)",
        "scoring": "41.5% (24.7) // 38.5% (21.7) // 37.5% (19.9) // 32.3% (17.2)",
        "corsiAgainst": "57.6% (64.0) // 61.1% (68.0) // 60.3% (62.5) // 61.8% (59.8)",
        "fenwickAgainst": "58.1% (49.0) // 60.0% (50.9) // 60.0% (47.4) // 60.6% (44.3)",
        "shotsAgainst": "58.1% (35.1) // 58.6% (35.0) // 57.2% (30.0) // 57.0% (28.4)",
        "scoringAgainst": "58.5% (34.8) // 61.5% (34.7) // 62.5% (33.2) // 67.7% (36.0)",
        "oppCorsi": "52.2% (59.8) // 57.4% (63.0) // 50.6% (58.2) // 53.9% (62.7)",
        "oppFenwick": "51.4% (43.9) // 56.6% (45.9) // 49.5% (42.6) // 51.7% (45.0)",
        "oppShots": "51.3% (32.6) // 55.4% (32.0) // 47.5% (29.0) // 50.5% (30.7)",
        "oppScoring": "53.3% (30.0) // 60.2% (33.4) // 56.3% (32.2) // 61.0% (34.3)",
        "oppCorsiAgainst": "47.8% (54.8) // 42.6% (46.7) // 49.4% (56.8) // 46.1% (53.7)",
        "oppFenwickAgainst": "48.6% (41.5) // 43.4% (35.1) // 50.5% (43.4) // 48.3% (42.0)",
        "oppShotsAgainst": "48.7% (30.9) // 44.6% (25.8) // 52.5% (32.0) // 49.5% (30.0)",
        "oppScoringAgainst": "46.7% (26.3) // 39.8% (22.1) // 43.7% (25.0) // 39.0% (22.0)",
        "savesPerGame": 32.1,
        "savesPerGameLast1": 27.0,
        "savesPerGameLast3": 25.7,
        "savesPerGameLast5": 27.6,
        "savesPer60": 32.3,
        "savesPer60Last1": 26.5,
        "savesPer60Last3": 25.7,
        "savesPer60Last5": 27.6,
        "shotsPerGame": 25.6,
        "shotsPerGameLast5": 22.6,
        "shotsAgainstPerGame": 35.6,
        "shotsAgainstPerGameLast5": 30.2,
        "oppSavesAgainstPer60": 30.0,
        "oppSavesAgainstPer60Last1": 27.0,
        "oppSavesAgainstPer60Last3": 27.4,
        "oppSavesAgainstPer60Last5": 25.0,
        "oppShotsAgainstPerGame": 31.3,
        "oppShotsAgainstPerGameLast5": 32.0,
        "savesProj": 33.7,
        "savesProjLast5": 24.1,
        "savesProjLast3": 24.6,
        "oppSavesAgainstProj": 34.2,
        "oppSavesAgainstProjLast5": 25.3,
        "oppSavesAgainstProjLast3": 24.4,
        "totalOver": 34,
        "totalOverLast5": 40,
        "totalOverLast15": 40,
        "lastTotalOver": 20,
        "last5": "0,0,4,2,5,2,6,3,3,1",
        "overOdds": "+130",
        "underOdds": "-160",
        "overUnder": "+130 / -160"
    },
    {
        "player": "Cale Makar",
        "team": "COL",
        "opponent": "ARI",
        "propType": "sog",
        "line": 3.5,
        "ppLine": "PP1",
        "avg": 2.95,
        "hit": false,
        "diffAvg": -0.16,
        "diffAbs": 0.29,
        "lastAvg": 2.42,
        "diff": -0.31,
        "avgMin": 26,
        "proj": 2.5,
        "lastAvgMin": 25.67,
        "oppOver": 0,
        "teamOver": 0,
        "gameLine": "-305",
        "+/-": "+16",
        "L5_+/-": "+10.0",
        "prevMatchup": "2023-03-24 2.0 sog, 2023-03-11 5.0 sog, 2022-12-27 4.0 sog",
        "winLossSplits": "3.05 - 2.71",
        "awayHome": "A",
        "playedYesterday": "N",
        "awayHomeSplits": "2.56 - 3.31",
        "savesAboveExp": 0.539,
        "gsaa": -1.0,
        "corsi": "52.2% (59.8) // 57.4% (63.0) // 50.6% (58.2) // 53.9% (62.7)",
        "fenwick": "51.4% (43.9) // 56.6% (45.9) // 49.5% (42.6) // 51.7% (45.0)",
        "shots": "51.3% (32.6) // 55.4% (32.0) // 47.5% (29.0) // 50.5% (30.7)",
        "scoring": "53.3% (30.0) // 60.2% (33.4) // 56.3% (32.2) // 61.0% (34.3)",
        "corsiAgainst": "47.8% (54.8) // 42.6% (46.7) // 49.4% (56.8) // 46.1% (53.7)",
        "fenwickAgainst": "48.6% (41.5) // 43.4% (35.1) // 50.5% (43.4) // 48.3% (42.0)",
        "shotsAgainst": "48.7% (30.9) // 44.6% (25.8) // 52.5% (32.0) // 49.5% (30.0)",
        "scoringAgainst": "46.7% (26.3) // 39.8% (22.1) // 43.7% (25.0) // 39.0% (22.0)",
        "oppCorsi": "42.4% (47.0) // 38.9% (43.3) // 39.7% (41.2) // 38.2% (37.0)",
        "oppFenwick": "41.9% (35.3) // 40.0% (34.0) // 40.0% (31.6) // 39.4% (28.8)",
        "oppShots": "41.9% (25.2) // 41.4% (24.7) // 42.8% (22.5) // 43.0% (21.5)",
        "oppScoring": "41.5% (24.7) // 38.5% (21.7) // 37.5% (19.9) // 32.3% (17.2)",
        "oppCorsiAgainst": "57.6% (64.0) // 61.1% (68.0) // 60.3% (62.5) // 61.8% (59.8)",
        "oppFenwickAgainst": "58.1% (49.0) // 60.0% (50.9) // 60.0% (47.4) // 60.6% (44.3)",
        "oppShotsAgainst": "58.1% (35.1) // 58.6% (35.0) // 57.2% (30.0) // 57.0% (28.4)",
        "oppScoringAgainst": "58.5% (34.8) // 61.5% (34.7) // 62.5% (33.2) // 67.7% (36.0)",
        "savesPerGame": 28.6,
        "savesPerGameLast1": 17.0,
        "savesPerGameLast3": 28.0,
        "savesPerGameLast5": 29.8,
        "savesPer60": 28.6,
        "savesPer60Last1": 16.9,
        "savesPer60Last3": 27.2,
        "savesPer60Last5": 29.3,
        "shotsPerGame": 33.0,
        "shotsPerGameLast5": 29.0,
        "shotsAgainstPerGame": 31.3,
        "shotsAgainstPerGameLast5": 32.0,
        "oppSavesAgainstPer60": 23.0,
        "oppSavesAgainstPer60Last1": 18.0,
        "oppSavesAgainstPer60Last3": 20.3,
        "oppSavesAgainstPer60Last5": 20.4,
        "oppShotsAgainstPerGame": 35.6,
        "oppShotsAgainstPerGameLast5": 30.2,
        "savesProj": 20.2,
        "savesProjLast5": 18.3,
        "savesProjLast3": 16.8,
        "oppSavesAgainstProj": 23.4,
        "oppSavesAgainstProjLast5": 22.3,
        "oppSavesAgainstProjLast3": 21.1,
        "totalOver": 41,
        "totalOverLast5": 20,
        "totalOverLast15": 20,
        "lastTotalOver": 38,
        "last5": "2,1,1,4,0,5,2,5,2,1",
        "overOdds": "+100",
        "underOdds": "-130",
        "overUnder": "+100 / -130"
    },
    {
        "player": "Clayton Keller",
        "team": "ARI",
        "opponent": "COL",
        "propType": "sog",
        "line": 2.5,
        "ppLine": "PP1",
        "avg": 2.59,
        "hit": false,
        "diffAvg": 0.04,
        "diffAbs": 0.0,
        "lastAvg": 2.57,
        "diff": 0.03,
        "avgMin": 20,
        "proj": 2.5,
        "lastAvgMin": 20.13,
        "oppOver": 0,
        "teamOver": 0,
        "gameLine": "+255",
        "+/-": "+3",
        "L5_+/-": "+14.0",
        "prevMatchup": "2023-03-24 3.0 sog, 2023-03-11 2.0 sog, 2022-12-27 2.0 sog",
        "winLossSplits": "2.53 - 2.44",
        "awayHome": "H",
        "playedYesterday": "N",
        "awayHomeSplits": "2.31 - 2.91",
        "savesAboveExp": 0.16,
        "gsaa": 24.43,
        "corsi": "42.4% (47.0) // 38.9% (43.3) // 39.7% (41.2) // 38.2% (37.0)",
        "fenwick": "41.9% (35.3) // 40.0% (34.0) // 40.0% (31.6) // 39.4% (28.8)",
        "shots": "41.9% (25.2) // 41.4% (24.7) // 42.8% (22.5) // 43.0% (21.5)",
        "scoring": "41.5% (24.7) // 38.5% (21.7) // 37.5% (19.9) // 32.3% (17.2)",
        "corsiAgainst": "57.6% (64.0) // 61.1% (68.0) // 60.3% (62.5) // 61.8% (59.8)",
        "fenwickAgainst": "58.1% (49.0) // 60.0% (50.9) // 60.0% (47.4) // 60.6% (44.3)",
        "shotsAgainst": "58.1% (35.1) // 58.6% (35.0) // 57.2% (30.0) // 57.0% (28.4)",
        "scoringAgainst": "58.5% (34.8) // 61.5% (34.7) // 62.5% (33.2) // 67.7% (36.0)",
        "oppCorsi": "52.2% (59.8) // 57.4% (63.0) // 50.6% (58.2) // 53.9% (62.7)",
        "oppFenwick": "51.4% (43.9) // 56.6% (45.9) // 49.5% (42.6) // 51.7% (45.0)",
        "oppShots": "51.3% (32.6) // 55.4% (32.0) // 47.5% (29.0) // 50.5% (30.7)",
        "oppScoring": "53.3% (30.0) // 60.2% (33.4) // 56.3% (32.2) // 61.0% (34.3)",
        "oppCorsiAgainst": "47.8% (54.8) // 42.6% (46.7) // 49.4% (56.8) // 46.1% (53.7)",
        "oppFenwickAgainst": "48.6% (41.5) // 43.4% (35.1) // 50.5% (43.4) // 48.3% (42.0)",
        "oppShotsAgainst": "48.7% (30.9) // 44.6% (25.8) // 52.5% (32.0) // 49.5% (30.0)",
        "oppScoringAgainst": "46.7% (26.3) // 39.8% (22.1) // 43.7% (25.0) // 39.0% (22.0)",
        "savesPerGame": 32.1,
        "savesPerGameLast1": 27.0,
        "savesPerGameLast3": 25.7,
        "savesPerGameLast5": 27.6,
        "savesPer60": 32.3,
        "savesPer60Last1": 26.5,
        "savesPer60Last3": 25.7,
        "savesPer60Last5": 27.6,
        "shotsPerGame": 25.6,
        "shotsPerGameLast5": 22.6,
        "shotsAgainstPerGame": 35.6,
        "shotsAgainstPerGameLast5": 30.2,
        "oppSavesAgainstPer60": 30.0,
        "oppSavesAgainstPer60Last1": 27.0,
        "oppSavesAgainstPer60Last3": 27.4,
        "oppSavesAgainstPer60Last5": 25.0,
        "oppShotsAgainstPerGame": 31.3,
        "oppShotsAgainstPerGameLast5": 32.0,
        "savesProj": 33.7,
        "savesProjLast5": 24.1,
        "savesProjLast3": 24.6,
        "oppSavesAgainstProj": 34.2,
        "oppSavesAgainstProjLast5": 25.3,
        "oppSavesAgainstProjLast3": 24.4,
        "totalOver": 48,
        "totalOverLast5": 80,
        "totalOverLast15": 67,
        "lastTotalOver": 46,
        "last5": "3,4,8,3,1,4,3,2,7,1",
        "overOdds": "-130",
        "underOdds": "+100",
        "overUnder": "-130 / +100"
    },
    {
        "player": "Devon Toews",
        "team": "COL",
        "opponent": "ARI",
        "propType": "sog",
        "line": 1.5,
        "ppLine": "PP2",
        "avg": 2.07,
        "hit": false,
        "diffAvg": 0.38,
        "diffAbs": 0.2,
        "lastAvg": 1.84,
        "diff": 0.23,
        "avgMin": 25,
        "proj": 1.8,
        "lastAvgMin": 25.37,
        "oppOver": 0,
        "teamOver": 0,
        "gameLine": "-305",
        "+/-": "+31",
        "L5_+/-": "+9.0",
        "prevMatchup": "2023-03-24 2.0 sog, 2023-03-11 4.0 sog, 2022-12-27 1.0 sog",
        "winLossSplits": "2.08 - 2.04",
        "awayHome": "A",
        "playedYesterday": "N",
        "awayHomeSplits": "1.82 - 2.31",
        "savesAboveExp": 0.539,
        "gsaa": -1.0,
        "corsi": "52.2% (59.8) // 57.4% (63.0) // 50.6% (58.2) // 53.9% (62.7)",
        "fenwick": "51.4% (43.9) // 56.6% (45.9) // 49.5% (42.6) // 51.7% (45.0)",
        "shots": "51.3% (32.6) // 55.4% (32.0) // 47.5% (29.0) // 50.5% (30.7)",
        "scoring": "53.3% (30.0) // 60.2% (33.4) // 56.3% (32.2) // 61.0% (34.3)",
        "corsiAgainst": "47.8% (54.8) // 42.6% (46.7) // 49.4% (56.8) // 46.1% (53.7)",
        "fenwickAgainst": "48.6% (41.5) // 43.4% (35.1) // 50.5% (43.4) // 48.3% (42.0)",
        "shotsAgainst": "48.7% (30.9) // 44.6% (25.8) // 52.5% (32.0) // 49.5% (30.0)",
        "scoringAgainst": "46.7% (26.3) // 39.8% (22.1) // 43.7% (25.0) // 39.0% (22.0)",
        "oppCorsi": "42.4% (47.0) // 38.9% (43.3) // 39.7% (41.2) // 38.2% (37.0)",
        "oppFenwick": "41.9% (35.3) // 40.0% (34.0) // 40.0% (31.6) // 39.4% (28.8)",
        "oppShots": "41.9% (25.2) // 41.4% (24.7) // 42.8% (22.5) // 43.0% (21.5)",
        "oppScoring": "41.5% (24.7) // 38.5% (21.7) // 37.5% (19.9) // 32.3% (17.2)",
        "oppCorsiAgainst": "57.6% (64.0) // 61.1% (68.0) // 60.3% (62.5) // 61.8% (59.8)",
        "oppFenwickAgainst": "58.1% (49.0) // 60.0% (50.9) // 60.0% (47.4) // 60.6% (44.3)",
        "oppShotsAgainst": "58.1% (35.1) // 58.6% (35.0) // 57.2% (30.0) // 57.0% (28.4)",
        "oppScoringAgainst": "58.5% (34.8) // 61.5% (34.7) // 62.5% (33.2) // 67.7% (36.0)",
        "savesPerGame": 28.6,
        "savesPerGameLast1": 17.0,
        "savesPerGameLast3": 28.0,
        "savesPerGameLast5": 29.8,
        "savesPer60": 28.6,
        "savesPer60Last1": 16.9,
        "savesPer60Last3": 27.2,
        "savesPer60Last5": 29.3,
        "shotsPerGame": 33.0,
        "shotsPerGameLast5": 29.0,
        "shotsAgainstPerGame": 31.3,
        "shotsAgainstPerGameLast5": 32.0,
        "oppSavesAgainstPer60": 23.0,
        "oppSavesAgainstPer60Last1": 18.0,
        "oppSavesAgainstPer60Last3": 20.3,
        "oppSavesAgainstPer60Last5": 20.4,
        "oppShotsAgainstPerGame": 35.6,
        "oppShotsAgainstPerGameLast5": 30.2,
        "savesProj": 20.2,
        "savesProjLast5": 18.3,
        "savesProjLast3": 16.8,
        "oppSavesAgainstProj": 23.4,
        "oppSavesAgainstProjLast5": 22.3,
        "oppSavesAgainstProjLast3": 21.1,
        "totalOver": 59,
        "totalOverLast5": 100,
        "totalOverLast15": 67,
        "lastTotalOver": 66,
        "last5": "2,3,2,4,2,1,0,4,1,4",
        "overOdds": "-190",
        "underOdds": "+155",
        "overUnder": "-190 / +155"
    },
    {
        "player": "Jt Compher",
        "team": "COL",
        "opponent": "ARI",
        "propType": "sog",
        "line": 1.5,
        "ppLine": "PP1",
        "avg": 1.94,
        "hit": false,
        "diffAvg": 0.29,
        "diffAbs": 0.07,
        "lastAvg": 1.13,
        "diff": -0.25,
        "avgMin": 20,
        "proj": 1.4,
        "lastAvgMin": 16.32,
        "oppOver": 0,
        "teamOver": 0,
        "gameLine": "-305",
        "+/-": "+8",
        "L5_+/-": "+1.0",
        "prevMatchup": "2023-03-24 3.0 sog, 2023-03-11 3.0 sog, 2022-12-27 5.0 sog",
        "winLossSplits": "1.7 - 2.16",
        "awayHome": "A",
        "playedYesterday": "N",
        "awayHomeSplits": "1.76 - 2.11",
        "savesAboveExp": 0.539,
        "gsaa": -1.0,
        "corsi": "52.2% (59.8) // 57.4% (63.0) // 50.6% (58.2) // 53.9% (62.7)",
        "fenwick": "51.4% (43.9) // 56.6% (45.9) // 49.5% (42.6) // 51.7% (45.0)",
        "shots": "51.3% (32.6) // 55.4% (32.0) // 47.5% (29.0) // 50.5% (30.7)",
        "scoring": "53.3% (30.0) // 60.2% (33.4) // 56.3% (32.2) // 61.0% (34.3)",
        "corsiAgainst": "47.8% (54.8) // 42.6% (46.7) // 49.4% (56.8) // 46.1% (53.7)",
        "fenwickAgainst": "48.6% (41.5) // 43.4% (35.1) // 50.5% (43.4) // 48.3% (42.0)",
        "shotsAgainst": "48.7% (30.9) // 44.6% (25.8) // 52.5% (32.0) // 49.5% (30.0)",
        "scoringAgainst": "46.7% (26.3) // 39.8% (22.1) // 43.7% (25.0) // 39.0% (22.0)",
        "oppCorsi": "42.4% (47.0) // 38.9% (43.3) // 39.7% (41.2) // 38.2% (37.0)",
        "oppFenwick": "41.9% (35.3) // 40.0% (34.0) // 40.0% (31.6) // 39.4% (28.8)",
        "oppShots": "41.9% (25.2) // 41.4% (24.7) // 42.8% (22.5) // 43.0% (21.5)",
        "oppScoring": "41.5% (24.7) // 38.5% (21.7) // 37.5% (19.9) // 32.3% (17.2)",
        "oppCorsiAgainst": "57.6% (64.0) // 61.1% (68.0) // 60.3% (62.5) // 61.8% (59.8)",
        "oppFenwickAgainst": "58.1% (49.0) // 60.0% (50.9) // 60.0% (47.4) // 60.6% (44.3)",
        "oppShotsAgainst": "58.1% (35.1) // 58.6% (35.0) // 57.2% (30.0) // 57.0% (28.4)",
        "oppScoringAgainst": "58.5% (34.8) // 61.5% (34.7) // 62.5% (33.2) // 67.7% (36.0)",
        "savesPerGame": 28.6,
        "savesPerGameLast1": 17.0,
        "savesPerGameLast3": 28.0,
        "savesPerGameLast5": 29.8,
        "savesPer60": 28.6,
        "savesPer60Last1": 16.9,
        "savesPer60Last3": 27.2,
        "savesPer60Last5": 29.3,
        "shotsPerGame": 33.0,
        "shotsPerGameLast5": 29.0,
        "shotsAgainstPerGame": 31.3,
        "shotsAgainstPerGameLast5": 32.0,
        "oppSavesAgainstPer60": 23.0,
        "oppSavesAgainstPer60Last1": 18.0,
        "oppSavesAgainstPer60Last3": 20.3,
        "oppSavesAgainstPer60Last5": 20.4,
        "oppShotsAgainstPerGame": 35.6,
        "oppShotsAgainstPerGameLast5": 30.2,
        "savesProj": 20.2,
        "savesProjLast5": 18.3,
        "savesProjLast3": 16.8,
        "oppSavesAgainstProj": 23.4,
        "oppSavesAgainstProjLast5": 22.3,
        "oppSavesAgainstProjLast3": 21.1,
        "totalOver": 56,
        "totalOverLast5": 40,
        "totalOverLast15": 53,
        "lastTotalOver": 39,
        "last5": "3,3,1,0,0,1,4,3,2,0",
        "overOdds": "-180",
        "underOdds": "+145",
        "overUnder": "-180 / +145"
    },
    {
        "player": "Juuso Valimaki",
        "team": "ARI",
        "opponent": "COL",
        "propType": "sog",
        "line": 1.5,
        "ppLine": "PP1",
        "avg": 1.19,
        "hit": false,
        "diffAvg": -0.21,
        "diffAbs": 0.13,
        "lastAvg": 1.22,
        "diff": -0.19,
        "avgMin": 17,
        "proj": 1.3,
        "lastAvgMin": 15.7,
        "oppOver": 0,
        "teamOver": 0,
        "gameLine": "+255",
        "+/-": -4,
        "L5_+/-": "+5.0",
        "prevMatchup": "2023-03-24 2.0 sog, 2023-03-11 2.0 sog, 2022-12-27 0.0 sog",
        "winLossSplits": "1.18 - 1.1",
        "awayHome": "H",
        "playedYesterday": "N",
        "awayHomeSplits": "1.06 - 1.32",
        "savesAboveExp": 0.16,
        "gsaa": 24.43,
        "corsi": "42.4% (47.0) // 38.9% (43.3) // 39.7% (41.2) // 38.2% (37.0)",
        "fenwick": "41.9% (35.3) // 40.0% (34.0) // 40.0% (31.6) // 39.4% (28.8)",
        "shots": "41.9% (25.2) // 41.4% (24.7) // 42.8% (22.5) // 43.0% (21.5)",
        "scoring": "41.5% (24.7) // 38.5% (21.7) // 37.5% (19.9) // 32.3% (17.2)",
        "corsiAgainst": "57.6% (64.0) // 61.1% (68.0) // 60.3% (62.5) // 61.8% (59.8)",
        "fenwickAgainst": "58.1% (49.0) // 60.0% (50.9) // 60.0% (47.4) // 60.6% (44.3)",
        "shotsAgainst": "58.1% (35.1) // 58.6% (35.0) // 57.2% (30.0) // 57.0% (28.4)",
        "scoringAgainst": "58.5% (34.8) // 61.5% (34.7) // 62.5% (33.2) // 67.7% (36.0)",
        "oppCorsi": "52.2% (59.8) // 57.4% (63.0) // 50.6% (58.2) // 53.9% (62.7)",
        "oppFenwick": "51.4% (43.9) // 56.6% (45.9) // 49.5% (42.6) // 51.7% (45.0)",
        "oppShots": "51.3% (32.6) // 55.4% (32.0) // 47.5% (29.0) // 50.5% (30.7)",
        "oppScoring": "53.3% (30.0) // 60.2% (33.4) // 56.3% (32.2) // 61.0% (34.3)",
        "oppCorsiAgainst": "47.8% (54.8) // 42.6% (46.7) // 49.4% (56.8) // 46.1% (53.7)",
        "oppFenwickAgainst": "48.6% (41.5) // 43.4% (35.1) // 50.5% (43.4) // 48.3% (42.0)",
        "oppShotsAgainst": "48.7% (30.9) // 44.6% (25.8) // 52.5% (32.0) // 49.5% (30.0)",
        "oppScoringAgainst": "46.7% (26.3) // 39.8% (22.1) // 43.7% (25.0) // 39.0% (22.0)",
        "savesPerGame": 32.1,
        "savesPerGameLast1": 27.0,
        "savesPerGameLast3": 25.7,
        "savesPerGameLast5": 27.6,
        "savesPer60": 32.3,
        "savesPer60Last1": 26.5,
        "savesPer60Last3": 25.7,
        "savesPer60Last5": 27.6,
        "shotsPerGame": 25.6,
        "shotsPerGameLast5": 22.6,
        "shotsAgainstPerGame": 35.6,
        "shotsAgainstPerGameLast5": 30.2,
        "oppSavesAgainstPer60": 30.0,
        "oppSavesAgainstPer60Last1": 27.0,
        "oppSavesAgainstPer60Last3": 27.4,
        "oppSavesAgainstPer60Last5": 25.0,
        "oppShotsAgainstPerGame": 31.3,
        "oppShotsAgainstPerGameLast5": 32.0,
        "savesProj": 33.7,
        "savesProjLast5": 24.1,
        "savesProjLast3": 24.6,
        "oppSavesAgainstProj": 34.2,
        "oppSavesAgainstProjLast5": 25.3,
        "oppSavesAgainstProjLast3": 24.4,
        "totalOver": 32,
        "totalOverLast5": 80,
        "totalOverLast15": 47,
        "lastTotalOver": 44,
        "last5": "2,2,1,4,4,2,2,2,1,1",
        "overOdds": "-120",
        "underOdds": "-110",
        "overUnder": "-120 / -110"
    },
    {
        "player": "Lawson Crouse",
        "team": "ARI",
        "opponent": "COL",
        "propType": "sog",
        "line": 1.5,
        "ppLine": "PP2",
        "avg": 1.93,
        "hit": false,
        "diffAvg": 0.29,
        "diffAbs": 0.33,
        "lastAvg": 2.02,
        "diff": 0.35,
        "avgMin": 17,
        "proj": 2.0,
        "lastAvgMin": 17.42,
        "oppOver": 0,
        "teamOver": 0,
        "gameLine": "+255",
        "+/-": "+1",
        "L5_+/-": -2.0,
        "prevMatchup": "2023-03-24 0.0 sog, 2023-03-11 1.0 sog, 2022-12-27 4.0 sog",
        "winLossSplits": "2.19 - 1.57",
        "awayHome": "H",
        "playedYesterday": "N",
        "awayHomeSplits": "1.78 - 2.1",
        "savesAboveExp": 0.16,
        "gsaa": 24.43,
        "corsi": "42.4% (47.0) // 38.9% (43.3) // 39.7% (41.2) // 38.2% (37.0)",
        "fenwick": "41.9% (35.3) // 40.0% (34.0) // 40.0% (31.6) // 39.4% (28.8)",
        "shots": "41.9% (25.2) // 41.4% (24.7) // 42.8% (22.5) // 43.0% (21.5)",
        "scoring": "41.5% (24.7) // 38.5% (21.7) // 37.5% (19.9) // 32.3% (17.2)",
        "corsiAgainst": "57.6% (64.0) // 61.1% (68.0) // 60.3% (62.5) // 61.8% (59.8)",
        "fenwickAgainst": "58.1% (49.0) // 60.0% (50.9) // 60.0% (47.4) // 60.6% (44.3)",
        "shotsAgainst": "58.1% (35.1) // 58.6% (35.0) // 57.2% (30.0) // 57.0% (28.4)",
        "scoringAgainst": "58.5% (34.8) // 61.5% (34.7) // 62.5% (33.2) // 67.7% (36.0)",
        "oppCorsi": "52.2% (59.8) // 57.4% (63.0) // 50.6% (58.2) // 53.9% (62.7)",
        "oppFenwick": "51.4% (43.9) // 56.6% (45.9) // 49.5% (42.6) // 51.7% (45.0)",
        "oppShots": "51.3% (32.6) // 55.4% (32.0) // 47.5% (29.0) // 50.5% (30.7)",
        "oppScoring": "53.3% (30.0) // 60.2% (33.4) // 56.3% (32.2) // 61.0% (34.3)",
        "oppCorsiAgainst": "47.8% (54.8) // 42.6% (46.7) // 49.4% (56.8) // 46.1% (53.7)",
        "oppFenwickAgainst": "48.6% (41.5) // 43.4% (35.1) // 50.5% (43.4) // 48.3% (42.0)",
        "oppShotsAgainst": "48.7% (30.9) // 44.6% (25.8) // 52.5% (32.0) // 49.5% (30.0)",
        "oppScoringAgainst": "46.7% (26.3) // 39.8% (22.1) // 43.7% (25.0) // 39.0% (22.0)",
        "savesPerGame": 32.1,
        "savesPerGameLast1": 27.0,
        "savesPerGameLast3": 25.7,
        "savesPerGameLast5": 27.6,
        "savesPer60": 32.3,
        "savesPer60Last1": 26.5,
        "savesPer60Last3": 25.7,
        "savesPer60Last5": 27.6,
        "shotsPerGame": 25.6,
        "shotsPerGameLast5": 22.6,
        "shotsAgainstPerGame": 35.6,
        "shotsAgainstPerGameLast5": 30.2,
        "oppSavesAgainstPer60": 30.0,
        "oppSavesAgainstPer60Last1": 27.0,
        "oppSavesAgainstPer60Last3": 27.4,
        "oppSavesAgainstPer60Last5": 25.0,
        "oppShotsAgainstPerGame": 31.3,
        "oppShotsAgainstPerGameLast5": 32.0,
        "savesProj": 33.7,
        "savesProjLast5": 24.1,
        "savesProjLast3": 24.6,
        "oppSavesAgainstProj": 34.2,
        "oppSavesAgainstProjLast5": 25.3,
        "oppSavesAgainstProjLast3": 24.4,
        "totalOver": 56,
        "totalOverLast5": 40,
        "totalOverLast15": 47,
        "lastTotalOver": 67,
        "last5": "0,1,4,1,2,0,2,1,6,4",
        "overOdds": "-140",
        "underOdds": "+110",
        "overUnder": "-140 / +110"
    },
    {
        "player": "Mikko Rantanen",
        "team": "COL",
        "opponent": "ARI",
        "propType": "sog",
        "line": 3.5,
        "ppLine": "PP1",
        "avg": 3.66,
        "hit": false,
        "diffAvg": 0.05,
        "diffAbs": 0.2,
        "lastAvg": 2.67,
        "diff": -0.24,
        "avgMin": 22,
        "proj": 2.8,
        "lastAvgMin": 20.97,
        "oppOver": 0,
        "teamOver": 0,
        "gameLine": "-305",
        "+/-": "+10",
        "L5_+/-": "+5.0",
        "prevMatchup": "2023-03-24 2.0 sog, 2023-03-11 1.0 sog, 2022-12-27 3.0 sog",
        "winLossSplits": "3.83 - 3.16",
        "awayHome": "A",
        "playedYesterday": "N",
        "awayHomeSplits": "3.88 - 3.46",
        "savesAboveExp": 0.539,
        "gsaa": -1.0,
        "corsi": "52.2% (59.8) // 57.4% (63.0) // 50.6% (58.2) // 53.9% (62.7)",
        "fenwick": "51.4% (43.9) // 56.6% (45.9) // 49.5% (42.6) // 51.7% (45.0)",
        "shots": "51.3% (32.6) // 55.4% (32.0) // 47.5% (29.0) // 50.5% (30.7)",
        "scoring": "53.3% (30.0) // 60.2% (33.4) // 56.3% (32.2) // 61.0% (34.3)",
        "corsiAgainst": "47.8% (54.8) // 42.6% (46.7) // 49.4% (56.8) // 46.1% (53.7)",
        "fenwickAgainst": "48.6% (41.5) // 43.4% (35.1) // 50.5% (43.4) // 48.3% (42.0)",
        "shotsAgainst": "48.7% (30.9) // 44.6% (25.8) // 52.5% (32.0) // 49.5% (30.0)",
        "scoringAgainst": "46.7% (26.3) // 39.8% (22.1) // 43.7% (25.0) // 39.0% (22.0)",
        "oppCorsi": "42.4% (47.0) // 38.9% (43.3) // 39.7% (41.2) // 38.2% (37.0)",
        "oppFenwick": "41.9% (35.3) // 40.0% (34.0) // 40.0% (31.6) // 39.4% (28.8)",
        "oppShots": "41.9% (25.2) // 41.4% (24.7) // 42.8% (22.5) // 43.0% (21.5)",
        "oppScoring": "41.5% (24.7) // 38.5% (21.7) // 37.5% (19.9) // 32.3% (17.2)",
        "oppCorsiAgainst": "57.6% (64.0) // 61.1% (68.0) // 60.3% (62.5) // 61.8% (59.8)",
        "oppFenwickAgainst": "58.1% (49.0) // 60.0% (50.9) // 60.0% (47.4) // 60.6% (44.3)",
        "oppShotsAgainst": "58.1% (35.1) // 58.6% (35.0) // 57.2% (30.0) // 57.0% (28.4)",
        "oppScoringAgainst": "58.5% (34.8) // 61.5% (34.7) // 62.5% (33.2) // 67.7% (36.0)",
        "savesPerGame": 28.6,
        "savesPerGameLast1": 17.0,
        "savesPerGameLast3": 28.0,
        "savesPerGameLast5": 29.8,
        "savesPer60": 28.6,
        "savesPer60Last1": 16.9,
        "savesPer60Last3": 27.2,
        "savesPer60Last5": 29.3,
        "shotsPerGame": 33.0,
        "shotsPerGameLast5": 29.0,
        "shotsAgainstPerGame": 31.3,
        "shotsAgainstPerGameLast5": 32.0,
        "oppSavesAgainstPer60": 23.0,
        "oppSavesAgainstPer60Last1": 18.0,
        "oppSavesAgainstPer60Last3": 20.3,
        "oppSavesAgainstPer60Last5": 20.4,
        "oppShotsAgainstPerGame": 35.6,
        "oppShotsAgainstPerGameLast5": 30.2,
        "savesProj": 20.2,
        "savesProjLast5": 18.3,
        "savesProjLast3": 16.8,
        "oppSavesAgainstProj": 23.4,
        "oppSavesAgainstProjLast5": 22.3,
        "oppSavesAgainstProjLast3": 21.1,
        "totalOver": 39,
        "totalOverLast5": 60,
        "totalOverLast15": 33,
        "lastTotalOver": 44,
        "last5": "2,6,5,2,4,5,5,1,1,1",
        "overOdds": "-110",
        "underOdds": "-120",
        "overUnder": "-110 / -120"
    },
    {
        "player": "Nathan Mackinnon",
        "team": "COL",
        "opponent": "ARI",
        "propType": "sog",
        "line": 4.5,
        "ppLine": "PP1",
        "avg": 5.17,
        "hit": false,
        "diffAvg": 0.15,
        "diffAbs": 0.18,
        "lastAvg": 3.52,
        "diff": -0.22,
        "avgMin": 22,
        "proj": 3.7,
        "lastAvgMin": 21.05,
        "oppOver": 0,
        "teamOver": 0,
        "gameLine": "-305",
        "+/-": "+21",
        "L5_+/-": "+5.0",
        "prevMatchup": "2023-03-24 4.0 sog, 2023-03-11 6.0 sog",
        "winLossSplits": "5.4 - 4.63",
        "awayHome": "A",
        "playedYesterday": "N",
        "awayHomeSplits": "5.35 - 4.97",
        "savesAboveExp": 0.539,
        "gsaa": -1.0,
        "corsi": "52.2% (59.8) // 57.4% (63.0) // 50.6% (58.2) // 53.9% (62.7)",
        "fenwick": "51.4% (43.9) // 56.6% (45.9) // 49.5% (42.6) // 51.7% (45.0)",
        "shots": "51.3% (32.6) // 55.4% (32.0) // 47.5% (29.0) // 50.5% (30.7)",
        "scoring": "53.3% (30.0) // 60.2% (33.4) // 56.3% (32.2) // 61.0% (34.3)",
        "corsiAgainst": "47.8% (54.8) // 42.6% (46.7) // 49.4% (56.8) // 46.1% (53.7)",
        "fenwickAgainst": "48.6% (41.5) // 43.4% (35.1) // 50.5% (43.4) // 48.3% (42.0)",
        "shotsAgainst": "48.7% (30.9) // 44.6% (25.8) // 52.5% (32.0) // 49.5% (30.0)",
        "scoringAgainst": "46.7% (26.3) // 39.8% (22.1) // 43.7% (25.0) // 39.0% (22.0)",
        "oppCorsi": "42.4% (47.0) // 38.9% (43.3) // 39.7% (41.2) // 38.2% (37.0)",
        "oppFenwick": "41.9% (35.3) // 40.0% (34.0) // 40.0% (31.6) // 39.4% (28.8)",
        "oppShots": "41.9% (25.2) // 41.4% (24.7) // 42.8% (22.5) // 43.0% (21.5)",
        "oppScoring": "41.5% (24.7) // 38.5% (21.7) // 37.5% (19.9) // 32.3% (17.2)",
        "oppCorsiAgainst": "57.6% (64.0) // 61.1% (68.0) // 60.3% (62.5) // 61.8% (59.8)",
        "oppFenwickAgainst": "58.1% (49.0) // 60.0% (50.9) // 60.0% (47.4) // 60.6% (44.3)",
        "oppShotsAgainst": "58.1% (35.1) // 58.6% (35.0) // 57.2% (30.0) // 57.0% (28.4)",
        "oppScoringAgainst": "58.5% (34.8) // 61.5% (34.7) // 62.5% (33.2) // 67.7% (36.0)",
        "savesPerGame": 28.6,
        "savesPerGameLast1": 17.0,
        "savesPerGameLast3": 28.0,
        "savesPerGameLast5": 29.8,
        "savesPer60": 28.6,
        "savesPer60Last1": 16.9,
        "savesPer60Last3": 27.2,
        "savesPer60Last5": 29.3,
        "shotsPerGame": 33.0,
        "shotsPerGameLast5": 29.0,
        "shotsAgainstPerGame": 31.3,
        "shotsAgainstPerGameLast5": 32.0,
        "oppSavesAgainstPer60": 23.0,
        "oppSavesAgainstPer60Last1": 18.0,
        "oppSavesAgainstPer60Last3": 20.3,
        "oppSavesAgainstPer60Last5": 20.4,
        "oppShotsAgainstPerGame": 35.6,
        "oppShotsAgainstPerGameLast5": 30.2,
        "savesProj": 20.2,
        "savesProjLast5": 18.3,
        "savesProjLast3": 16.8,
        "oppSavesAgainstProj": 23.4,
        "oppSavesAgainstProjLast5": 22.3,
        "oppSavesAgainstProjLast3": 21.1,
        "totalOver": 58,
        "totalOverLast5": 60,
        "totalOverLast15": 60,
        "lastTotalOver": 55,
        "last5": "4,5,6,3,6,2,5,6,8,4",
        "overOdds": "-150",
        "underOdds": "+120",
        "overUnder": "-150 / +120"
    },
    {
        "player": "Nick Schmaltz",
        "team": "ARI",
        "opponent": "COL",
        "propType": "sog",
        "line": 1.5,
        "ppLine": "PP1",
        "avg": 1.98,
        "hit": false,
        "diffAvg": 0.32,
        "diffAbs": 0.33,
        "lastAvg": 1.95,
        "diff": 0.3,
        "avgMin": 19,
        "proj": 2.0,
        "lastAvgMin": 18.23,
        "oppOver": 0,
        "teamOver": 0,
        "gameLine": "+255",
        "+/-": "+9",
        "L5_+/-": "+8.0",
        "prevMatchup": "2023-03-24 3.0 sog, 2023-03-11 1.0 sog, 2022-12-27 2.0 sog",
        "winLossSplits": "2.37 - 1.66",
        "awayHome": "H",
        "playedYesterday": "N",
        "awayHomeSplits": "1.74 - 2.22",
        "savesAboveExp": 0.16,
        "gsaa": 24.43,
        "corsi": "42.4% (47.0) // 38.9% (43.3) // 39.7% (41.2) // 38.2% (37.0)",
        "fenwick": "41.9% (35.3) // 40.0% (34.0) // 40.0% (31.6) // 39.4% (28.8)",
        "shots": "41.9% (25.2) // 41.4% (24.7) // 42.8% (22.5) // 43.0% (21.5)",
        "scoring": "41.5% (24.7) // 38.5% (21.7) // 37.5% (19.9) // 32.3% (17.2)",
        "corsiAgainst": "57.6% (64.0) // 61.1% (68.0) // 60.3% (62.5) // 61.8% (59.8)",
        "fenwickAgainst": "58.1% (49.0) // 60.0% (50.9) // 60.0% (47.4) // 60.6% (44.3)",
        "shotsAgainst": "58.1% (35.1) // 58.6% (35.0) // 57.2% (30.0) // 57.0% (28.4)",
        "scoringAgainst": "58.5% (34.8) // 61.5% (34.7) // 62.5% (33.2) // 67.7% (36.0)",
        "oppCorsi": "52.2% (59.8) // 57.4% (63.0) // 50.6% (58.2) // 53.9% (62.7)",
        "oppFenwick": "51.4% (43.9) // 56.6% (45.9) // 49.5% (42.6) // 51.7% (45.0)",
        "oppShots": "51.3% (32.6) // 55.4% (32.0) // 47.5% (29.0) // 50.5% (30.7)",
        "oppScoring": "53.3% (30.0) // 60.2% (33.4) // 56.3% (32.2) // 61.0% (34.3)",
        "oppCorsiAgainst": "47.8% (54.8) // 42.6% (46.7) // 49.4% (56.8) // 46.1% (53.7)",
        "oppFenwickAgainst": "48.6% (41.5) // 43.4% (35.1) // 50.5% (43.4) // 48.3% (42.0)",
        "oppShotsAgainst": "48.7% (30.9) // 44.6% (25.8) // 52.5% (32.0) // 49.5% (30.0)",
        "oppScoringAgainst": "46.7% (26.3) // 39.8% (22.1) // 43.7% (25.0) // 39.0% (22.0)",
        "savesPerGame": 32.1,
        "savesPerGameLast1": 27.0,
        "savesPerGameLast3": 25.7,
        "savesPerGameLast5": 27.6,
        "savesPer60": 32.3,
        "savesPer60Last1": 26.5,
        "savesPer60Last3": 25.7,
        "savesPer60Last5": 27.6,
        "shotsPerGame": 25.6,
        "shotsPerGameLast5": 22.6,
        "shotsAgainstPerGame": 35.6,
        "shotsAgainstPerGameLast5": 30.2,
        "oppSavesAgainstPer60": 30.0,
        "oppSavesAgainstPer60Last1": 27.0,
        "oppSavesAgainstPer60Last3": 27.4,
        "oppSavesAgainstPer60Last5": 25.0,
        "oppShotsAgainstPerGame": 31.3,
        "oppShotsAgainstPerGameLast5": 32.0,
        "savesProj": 33.7,
        "savesProjLast5": 24.1,
        "savesProjLast3": 24.6,
        "oppSavesAgainstProj": 34.2,
        "oppSavesAgainstProjLast5": 25.3,
        "oppSavesAgainstProjLast3": 24.4,
        "totalOver": 59,
        "totalOverLast5": 40,
        "totalOverLast15": 53,
        "lastTotalOver": 56,
        "last5": "3,1,0,2,1,4,2,1,1,0",
        "overOdds": "-180",
        "underOdds": "+145",
        "overUnder": "-180 / +145"
    },
    {
        "player": "Valeri Nichushkin",
        "team": "COL",
        "opponent": "ARI",
        "propType": "sog",
        "line": 2.5,
        "ppLine": "PP1",
        "avg": 2.83,
        "hit": false,
        "diffAvg": 0.13,
        "diffAbs": 0.12,
        "lastAvg": 2.2,
        "diff": -0.12,
        "avgMin": 19,
        "proj": 2.2,
        "lastAvgMin": 19.02,
        "oppOver": 0,
        "teamOver": 0,
        "gameLine": "-305",
        "+/-": "+13",
        "L5_+/-": "+4.0",
        "prevMatchup": "2023-03-24 4.0 sog, 2023-03-11 4.0 sog",
        "winLossSplits": "2.64 - 2.82",
        "awayHome": "A",
        "playedYesterday": "N",
        "awayHomeSplits": "3.11 - 2.61",
        "savesAboveExp": 0.539,
        "gsaa": -1.0,
        "corsi": "52.2% (59.8) // 57.4% (63.0) // 50.6% (58.2) // 53.9% (62.7)",
        "fenwick": "51.4% (43.9) // 56.6% (45.9) // 49.5% (42.6) // 51.7% (45.0)",
        "shots": "51.3% (32.6) // 55.4% (32.0) // 47.5% (29.0) // 50.5% (30.7)",
        "scoring": "53.3% (30.0) // 60.2% (33.4) // 56.3% (32.2) // 61.0% (34.3)",
        "corsiAgainst": "47.8% (54.8) // 42.6% (46.7) // 49.4% (56.8) // 46.1% (53.7)",
        "fenwickAgainst": "48.6% (41.5) // 43.4% (35.1) // 50.5% (43.4) // 48.3% (42.0)",
        "shotsAgainst": "48.7% (30.9) // 44.6% (25.8) // 52.5% (32.0) // 49.5% (30.0)",
        "scoringAgainst": "46.7% (26.3) // 39.8% (22.1) // 43.7% (25.0) // 39.0% (22.0)",
        "oppCorsi": "42.4% (47.0) // 38.9% (43.3) // 39.7% (41.2) // 38.2% (37.0)",
        "oppFenwick": "41.9% (35.3) // 40.0% (34.0) // 40.0% (31.6) // 39.4% (28.8)",
        "oppShots": "41.9% (25.2) // 41.4% (24.7) // 42.8% (22.5) // 43.0% (21.5)",
        "oppScoring": "41.5% (24.7) // 38.5% (21.7) // 37.5% (19.9) // 32.3% (17.2)",
        "oppCorsiAgainst": "57.6% (64.0) // 61.1% (68.0) // 60.3% (62.5) // 61.8% (59.8)",
        "oppFenwickAgainst": "58.1% (49.0) // 60.0% (50.9) // 60.0% (47.4) // 60.6% (44.3)",
        "oppShotsAgainst": "58.1% (35.1) // 58.6% (35.0) // 57.2% (30.0) // 57.0% (28.4)",
        "oppScoringAgainst": "58.5% (34.8) // 61.5% (34.7) // 62.5% (33.2) // 67.7% (36.0)",
        "savesPerGame": 28.6,
        "savesPerGameLast1": 17.0,
        "savesPerGameLast3": 28.0,
        "savesPerGameLast5": 29.8,
        "savesPer60": 28.6,
        "savesPer60Last1": 16.9,
        "savesPer60Last3": 27.2,
        "savesPer60Last5": 29.3,
        "shotsPerGame": 33.0,
        "shotsPerGameLast5": 29.0,
        "shotsAgainstPerGame": 31.3,
        "shotsAgainstPerGameLast5": 32.0,
        "oppSavesAgainstPer60": 23.0,
        "oppSavesAgainstPer60Last1": 18.0,
        "oppSavesAgainstPer60Last3": 20.3,
        "oppSavesAgainstPer60Last5": 20.4,
        "oppShotsAgainstPerGame": 35.6,
        "oppShotsAgainstPerGameLast5": 30.2,
        "savesProj": 20.2,
        "savesProjLast5": 18.3,
        "savesProjLast3": 16.8,
        "oppSavesAgainstProj": 23.4,
        "oppSavesAgainstProjLast5": 22.3,
        "oppSavesAgainstProjLast3": 21.1,
        "totalOver": 57,
        "totalOverLast5": 40,
        "totalOverLast15": 40,
        "lastTotalOver": 63,
        "last5": "4,3,0,2,2,4,2,4,2,1",
        "overOdds": "-160",
        "underOdds": "+130",
        "overUnder": "-160 / +130"
    },
    {
        "player": "Brad Marchand",
        "team": "BOS",
        "opponent": "CAR",
        "propType": "sog",
        "line": 2.5,
        "ppLine": "PP1",
        "avg": 2.55,
        "hit": false,
        "diffAvg": 0.02,
        "diffAbs": 0.16,
        "lastAvg": 3.14,
        "diff": 0.26,
        "avgMin": 18,
        "proj": 2.9,
        "lastAvgMin": 19.25,
        "oppOver": 0,
        "teamOver": 0,
        "gameLine": "+100",
        "+/-": "+26",
        "L5_+/-": 0.0,
        "prevMatchup": "2023-01-29 2.0 sog, 2022-11-25 4.0 sog",
        "winLossSplits": "2.17 - 3.38",
        "awayHome": "A",
        "playedYesterday": "Y",
        "awayHomeSplits": "2.85 - 2.23",
        "savesAboveExp": -0.44,
        "gsaa": -0.9,
        "corsi": "51.2% (57.8) // 51.6% (57.8) // 46.8% (53.0) // 47.4% (55.0)",
        "fenwick": "51.5% (43.6) // 49.8% (42.7) // 45.7% (40.2) // 43.8% (39.0)",
        "shots": "52.5% (32.4) // 51.5% (31.8) // 48.0% (29.5) // 47.6% (30.0)",
        "scoring": "52.9% (32.2) // 54.7% (34.0) // 50.5% (31.3) // 53.9% (34.3)",
        "corsiAgainst": "48.8% (55.0) // 48.4% (54.3) // 53.2% (60.3) // 52.6% (61.0)",
        "fenwickAgainst": "48.5% (41.0) // 50.2% (43.0) // 54.3% (47.7) // 56.2% (50.0)",
        "shotsAgainst": "47.5% (29.4) // 48.5% (30.0) // 52.0% (32.0) // 52.4% (33.0)",
        "scoringAgainst": "47.1% (28.6) // 45.3% (28.2) // 49.5% (30.7) // 46.1% (29.3)",
        "oppCorsi": "59.7% (67.1) // 60.0% (66.5) // 57.1% (64.5) // 52.4% (57.7)",
        "oppFenwick": "59.0% (50.6) // 58.1% (48.7) // 54.6% (47.5) // 51.0% (43.7)",
        "oppShots": "57.2% (34.3) // 55.2% (32.0) // 52.7% (32.9) // 51.6% (32.3)",
        "oppScoring": "58.5% (33.4) // 53.5% (29.3) // 48.3% (28.0) // 43.3% (24.7)",
        "oppCorsiAgainst": "40.3% (45.3) // 40.0% (44.3) // 42.9% (48.5) // 47.6% (52.3)",
        "oppFenwickAgainst": "41.0% (35.2) // 41.9% (35.1) // 45.4% (39.5) // 49.0% (42.0)",
        "oppShotsAgainst": "42.8% (25.7) // 44.8% (26.0) // 47.3% (29.6) // 48.4% (30.3)",
        "oppScoringAgainst": "41.5% (23.6) // 46.5% (25.5) // 51.7% (30.0) // 56.7% (32.3)",
        "savesPerGame": 27.6,
        "savesPerGameLast1": 26.0,
        "savesPerGameLast3": 31.7,
        "savesPerGameLast5": 30.0,
        "savesPer60": 27.8,
        "savesPer60Last1": 26.0,
        "savesPer60Last3": 31.7,
        "savesPer60Last5": 29.9,
        "shotsPerGame": 32.8,
        "shotsPerGameLast5": 30.6,
        "shotsAgainstPerGame": 29.7,
        "shotsAgainstPerGameLast5": 31.2,
        "oppSavesAgainstPer60": 31.6,
        "oppSavesAgainstPer60Last1": 23.0,
        "oppSavesAgainstPer60Last3": 29.5,
        "oppSavesAgainstPer60Last5": 29.8,
        "oppShotsAgainstPerGame": 26.0,
        "oppShotsAgainstPerGameLast5": 29.6,
        "savesProj": 37.1,
        "savesProjLast5": 37.8,
        "savesProjLast3": 39.4,
        "oppSavesAgainstProj": 30.7,
        "oppSavesAgainstProjLast5": 31.8,
        "oppSavesAgainstProjLast3": 33.5,
        "totalOver": 44,
        "totalOverLast5": 20,
        "totalOverLast15": 27,
        "lastTotalOver": 61,
        "last5": "3,1,2,0,1,1,6,4,0,3",
        "overOdds": "+135",
        "underOdds": "-165",
        "overUnder": "+135 / -165"
    },
    {
        "player": "Brady Skjei",
        "team": "CAR",
        "opponent": "BOS",
        "propType": "sog",
        "line": 2.5,
        "ppLine": "",
        "avg": 2.27,
        "hit": false,
        "diffAvg": -0.09,
        "diffAbs": 0.24,
        "lastAvg": 1.92,
        "diff": -0.23,
        "avgMin": 21,
        "proj": 1.9,
        "lastAvgMin": 21.13,
        "oppOver": 0,
        "teamOver": 0,
        "gameLine": "-120",
        "+/-": "+12",
        "L5_+/-": -3.0,
        "prevMatchup": "2023-01-29 0.0 sog, 2022-11-25 2.0 sog",
