[
    {
        "player": "Bryan Rust",
        "team": "PIT",
        "opponent": "DET",
        "propType": "g",
        "line": 0.5,
        "ppLine": "PP2",
        "avg": 0.22,
        "hit": false,
        "diffAvg": -0.56,
        "diffAbs": 0.4,
        "lastAvg": 0.36,
        "diff": -0.28,
        "avgMin": 17,
        "proj": 0.3,
        "lastAvgMin": 18.77,
        "oppOver": 0,
        "teamOver": 0,
        "gameLine": "-195",
        "+/-": -8,
        "L5_+/-": -2.0,
        "prevMatchup": "2022-12-28 0.0 g",
        "winLossSplits": "0.36 - 0.1",
        "awayHome": "A",
        "playedYesterday": "N",
        "awayHomeSplits": "0.19 - 0.26",
        "savesAboveExp": -1.293,
        "gsaa": -7.11,
        "corsi": "51.8% (63.1) // 55.0% (69.9) // 57.1% (75.4) // 54.1% (74.0)",
        "fenwick": "51.7% (47.2) // 56.3% (52.2) // 57.8% (56.2) // 55.2% (57.0)",
        "shots": "51.0% (34.2) // 57.3% (38.5) // 59.5% (41.8) // 56.7% (42.3)",
        "scoring": "52.4% (33.2) // 58.0% (37.4) // 57.9% (39.8) // 51.8% (37.7)",
        "corsiAgainst": "48.2% (58.7) // 45.0% (57.0) // 42.9% (56.6) // 45.9% (62.7)",
        "fenwickAgainst": "48.3% (44.1) // 43.7% (40.4) // 42.2% (41.0) // 44.8% (46.3)",
        "shotsAgainst": "49.0% (32.8) // 42.7% (28.6) // 40.5% (28.4) // 43.3% (32.3)",
        "scoringAgainst": "47.6% (30.1) // 42.0% (27.0) // 42.1% (29.0) // 48.2% (35.0)",
        "oppCorsi": "47.5% (52.4) // 51.6% (54.5) // 55.0% (53.9) // 58.5% (57.0)",
        "oppFenwick": "48.1% (39.2) // 53.0% (41.0) // 53.8% (39.1) // 55.1% (38.0)",
        "oppShots": "48.7% (28.4) // 53.4% (29.4) // 55.6% (28.1) // 56.4% (28.5)",
        "oppScoring": "46.2% (25.7) // 49.6% (26.6) // 52.6% (23.8) // 55.3% (23.5)",
        "oppCorsiAgainst": "52.5% (57.8) // 48.4% (51.1) // 45.0% (44.1) // 41.5% (40.5)",
        "oppFenwickAgainst": "51.9% (42.2) // 47.0% (36.4) // 46.2% (33.6) // 44.9% (31.0)",
        "oppShotsAgainst": "51.3% (29.9) // 46.6% (25.6) // 44.4% (22.4) // 43.6% (22.0)",
        "oppScoringAgainst": "53.8% (29.9) // 50.4% (27.0) // 47.4% (21.4) // 44.7% (19.0)",
        "savesPerGame": 29.9,
        "savesPerGameLast1": 31.0,
        "savesPerGameLast3": 29.7,
        "savesPerGameLast5": 25.2,
        "savesPer60": 30.0,
        "savesPer60Last1": 31.0,
        "savesPer60Last3": 29.3,
        "savesPer60Last5": 24.8,
        "shotsPerGame": 34.5,
        "shotsPerGameLast5": 41.8,
        "shotsAgainstPerGame": 33.2,
        "shotsAgainstPerGameLast5": 28.4,
        "oppSavesAgainstPer60": 26.0,
        "oppSavesAgainstPer60Last1": 30.4,
        "oppSavesAgainstPer60Last3": 28.5,
        "oppSavesAgainstPer60Last5": 27.8,
        "oppShotsAgainstPerGame": 30.3,
        "oppShotsAgainstPerGameLast5": 22.8,
        "savesProj": 28.6,
        "savesProjLast5": 24.7,
        "savesProjLast3": 29.6,
        "oppSavesAgainstProj": 27.5,
        "oppSavesAgainstProjLast5": 24.1,
        "oppSavesAgainstProjLast3": 29.1,
        "totalOver": 22,
        "totalOverLast5": 20,
        "totalOverLast15": 13,
        "lastTotalOver": 28,
        "last5": "0,0,1,0,0,0,0,0,0,0",
        "overOdds": "+240",
        "underOdds": "0",
        "overUnder": "+240 / 0"
    },
    {
        "player": "David Perron",
        "team": "DET",
        "opponent": "PIT",
        "propType": "g",
        "line": 0.5,
        "ppLine": "PP1",
        "avg": 0.22,
        "hit": false,
        "diffAvg": -0.56,
        "diffAbs": 0.4,
        "lastAvg": 0.34,
        "diff": -0.32,
        "avgMin": 16,
        "proj": 0.3,
        "lastAvgMin": 16.98,
        "oppOver": 0,
        "teamOver": 0,
        "gameLine": "+165",
        "+/-": -7,
        "L5_+/-": -4.0,
        "prevMatchup": "2022-12-28 1.0 g",
        "winLossSplits": "0.19 - 0.24",
        "awayHome": "H",
        "playedYesterday": "N",
        "awayHomeSplits": "0.31 - 0.14",
        "savesAboveExp": 0.063,
        "gsaa": 3.1,
        "corsi": "47.5% (52.4) // 51.6% (54.5) // 55.0% (53.9) // 58.5% (57.0)",
        "fenwick": "48.1% (39.2) // 53.0% (41.0) // 53.8% (39.1) // 55.1% (38.0)",
        "shots": "48.7% (28.4) // 53.4% (29.4) // 55.6% (28.1) // 56.4% (28.5)",
        "scoring": "46.2% (25.7) // 49.6% (26.6) // 52.6% (23.8) // 55.3% (23.5)",
        "corsiAgainst": "52.5% (57.8) // 48.4% (51.1) // 45.0% (44.1) // 41.5% (40.5)",
        "fenwickAgainst": "51.9% (42.2) // 47.0% (36.4) // 46.2% (33.6) // 44.9% (31.0)",
        "shotsAgainst": "51.3% (29.9) // 46.6% (25.6) // 44.4% (22.4) // 43.6% (22.0)",
        "scoringAgainst": "53.8% (29.9) // 50.4% (27.0) // 47.4% (21.4) // 44.7% (19.0)",
        "oppCorsi": "51.8% (63.1) // 55.0% (69.9) // 57.1% (75.4) // 54.1% (74.0)",
        "oppFenwick": "51.7% (47.2) // 56.3% (52.2) // 57.8% (56.2) // 55.2% (57.0)",
        "oppShots": "51.0% (34.2) // 57.3% (38.5) // 59.5% (41.8) // 56.7% (42.3)",
        "oppScoring": "52.4% (33.2) // 58.0% (37.4) // 57.9% (39.8) // 51.8% (37.7)",
        "oppCorsiAgainst": "48.2% (58.7) // 45.0% (57.0) // 42.9% (56.6) // 45.9% (62.7)",
        "oppFenwickAgainst": "48.3% (44.1) // 43.7% (40.4) // 42.2% (41.0) // 44.8% (46.3)",
        "oppShotsAgainst": "49.0% (32.8) // 42.7% (28.6) // 40.5% (28.4) // 43.3% (32.3)",
        "oppScoringAgainst": "47.6% (30.1) // 42.0% (27.0) // 42.1% (29.0) // 48.2% (35.0)",
        "savesPerGame": 27.0,
        "savesPerGameLast1": 19.0,
        "savesPerGameLast3": 19.0,
        "savesPerGameLast5": 19.0,
        "savesPer60": 27.1,
        "savesPer60Last1": 18.1,
        "savesPer60Last3": 18.9,
        "savesPer60Last5": 18.9,
        "shotsPerGame": 28.8,
        "shotsPerGameLast5": 28.6,
        "shotsAgainstPerGame": 30.3,
        "shotsAgainstPerGameLast5": 22.8,
        "oppSavesAgainstPer60": 31.4,
        "oppSavesAgainstPer60Last1": 36.0,
        "oppSavesAgainstPer60Last3": 38.2,
        "oppSavesAgainstPer60Last5": 39.0,
        "oppShotsAgainstPerGame": 33.2,
        "oppShotsAgainstPerGameLast5": 28.4,
        "savesProj": 28.3,
        "savesProjLast5": 24.8,
        "savesProjLast3": 24.4,
        "oppSavesAgainstProj": 30.0,
        "oppSavesAgainstProjLast5": 26.6,
        "oppSavesAgainstProjLast3": 28.2,
        "totalOver": 21,
        "totalOverLast5": 0,
        "totalOverLast15": 13,
        "lastTotalOver": 32,
        "last5": "0,0,0,0,0,0,0,0,0,1",
        "overOdds": "+250",
        "underOdds": "0",
        "overUnder": "+250 / 0"
    },
    {
        "player": "Dominik Kubalik",
        "team": "DET",
        "opponent": "PIT",
        "propType": "g",
        "line": 0.5,
        "ppLine": "PP1",
        "avg": 0.25,
        "hit": false,
        "diffAvg": -0.5,
        "diffAbs": 0.6,
        "lastAvg": 0.19,
        "diff": -0.62,
        "avgMin": 14,
        "proj": 0.2,
        "lastAvgMin": 14.52,
        "oppOver": 0,
        "teamOver": 0,
        "gameLine": "+165",
        "+/-": -12,
        "L5_+/-": -3.0,
        "prevMatchup": "2022-12-28 0.0 g",
        "winLossSplits": "0.41 - 0.13",
        "awayHome": "H",
        "playedYesterday": "N",
        "awayHomeSplits": "0.36 - 0.14",
        "savesAboveExp": 0.063,
        "gsaa": 3.1,
        "corsi": "47.5% (52.4) // 51.6% (54.5) // 55.0% (53.9) // 58.5% (57.0)",
        "fenwick": "48.1% (39.2) // 53.0% (41.0) // 53.8% (39.1) // 55.1% (38.0)",
        "shots": "48.7% (28.4) // 53.4% (29.4) // 55.6% (28.1) // 56.4% (28.5)",
        "scoring": "46.2% (25.7) // 49.6% (26.6) // 52.6% (23.8) // 55.3% (23.5)",
        "corsiAgainst": "52.5% (57.8) // 48.4% (51.1) // 45.0% (44.1) // 41.5% (40.5)",
        "fenwickAgainst": "51.9% (42.2) // 47.0% (36.4) // 46.2% (33.6) // 44.9% (31.0)",
        "shotsAgainst": "51.3% (29.9) // 46.6% (25.6) // 44.4% (22.4) // 43.6% (22.0)",
        "scoringAgainst": "53.8% (29.9) // 50.4% (27.0) // 47.4% (21.4) // 44.7% (19.0)",
        "oppCorsi": "51.8% (63.1) // 55.0% (69.9) // 57.1% (75.4) // 54.1% (74.0)",
        "oppFenwick": "51.7% (47.2) // 56.3% (52.2) // 57.8% (56.2) // 55.2% (57.0)",
        "oppShots": "51.0% (34.2) // 57.3% (38.5) // 59.5% (41.8) // 56.7% (42.3)",
        "oppScoring": "52.4% (33.2) // 58.0% (37.4) // 57.9% (39.8) // 51.8% (37.7)",
        "oppCorsiAgainst": "48.2% (58.7) // 45.0% (57.0) // 42.9% (56.6) // 45.9% (62.7)",
        "oppFenwickAgainst": "48.3% (44.1) // 43.7% (40.4) // 42.2% (41.0) // 44.8% (46.3)",
        "oppShotsAgainst": "49.0% (32.8) // 42.7% (28.6) // 40.5% (28.4) // 43.3% (32.3)",
        "oppScoringAgainst": "47.6% (30.1) // 42.0% (27.0) // 42.1% (29.0) // 48.2% (35.0)",
        "savesPerGame": 27.0,
        "savesPerGameLast1": 19.0,
        "savesPerGameLast3": 19.0,
        "savesPerGameLast5": 19.0,
        "savesPer60": 27.1,
        "savesPer60Last1": 18.1,
        "savesPer60Last3": 18.9,
        "savesPer60Last5": 18.9,
        "shotsPerGame": 28.8,
        "shotsPerGameLast5": 28.6,
        "shotsAgainstPerGame": 30.3,
        "shotsAgainstPerGameLast5": 22.8,
        "oppSavesAgainstPer60": 31.4,
        "oppSavesAgainstPer60Last1": 36.0,
        "oppSavesAgainstPer60Last3": 38.2,
        "oppSavesAgainstPer60Last5": 39.0,
        "oppShotsAgainstPerGame": 33.2,
        "oppShotsAgainstPerGameLast5": 28.4,
        "savesProj": 28.3,
        "savesProjLast5": 24.8,
        "savesProjLast3": 24.4,
        "oppSavesAgainstProj": 30.0,
        "oppSavesAgainstProjLast5": 26.6,
        "oppSavesAgainstProjLast3": 28.2,
        "totalOver": 23,
        "totalOverLast5": 0,
        "totalOverLast15": 13,
        "lastTotalOver": 19,
        "last5": "0,0,0,0,0,0,0,0,1,0",
        "overOdds": "+240",
        "underOdds": "0",
        "overUnder": "+240 / 0"
    },
    {
        "player": "Dylan Larkin",
        "team": "DET",
        "opponent": "PIT",
        "propType": "g",
        "line": 0.5,
        "ppLine": "PP1",
        "avg": 0.37,
        "hit": false,
        "diffAvg": -0.26,
        "diffAbs": 0.2,
        "lastAvg": 0.43,
        "diff": -0.14,
        "avgMin": 19,
        "proj": 0.4,
        "lastAvgMin": 19.65,
        "oppOver": 0,
        "teamOver": 0,
        "gameLine": "+165",
        "+/-": -7,
        "L5_+/-": -2.0,
        "prevMatchup": "2022-12-28 1.0 g",
        "winLossSplits": "0.53 - 0.22",
        "awayHome": "H",
        "playedYesterday": "N",
        "awayHomeSplits": "0.37 - 0.36",
        "savesAboveExp": 0.063,
        "gsaa": 3.1,
        "corsi": "47.5% (52.4) // 51.6% (54.5) // 55.0% (53.9) // 58.5% (57.0)",
        "fenwick": "48.1% (39.2) // 53.0% (41.0) // 53.8% (39.1) // 55.1% (38.0)",
        "shots": "48.7% (28.4) // 53.4% (29.4) // 55.6% (28.1) // 56.4% (28.5)",
        "scoring": "46.2% (25.7) // 49.6% (26.6) // 52.6% (23.8) // 55.3% (23.5)",
        "corsiAgainst": "52.5% (57.8) // 48.4% (51.1) // 45.0% (44.1) // 41.5% (40.5)",
        "fenwickAgainst": "51.9% (42.2) // 47.0% (36.4) // 46.2% (33.6) // 44.9% (31.0)",
        "shotsAgainst": "51.3% (29.9) // 46.6% (25.6) // 44.4% (22.4) // 43.6% (22.0)",
        "scoringAgainst": "53.8% (29.9) // 50.4% (27.0) // 47.4% (21.4) // 44.7% (19.0)",
        "oppCorsi": "51.8% (63.1) // 55.0% (69.9) // 57.1% (75.4) // 54.1% (74.0)",
        "oppFenwick": "51.7% (47.2) // 56.3% (52.2) // 57.8% (56.2) // 55.2% (57.0)",
        "oppShots": "51.0% (34.2) // 57.3% (38.5) // 59.5% (41.8) // 56.7% (42.3)",
        "oppScoring": "52.4% (33.2) // 58.0% (37.4) // 57.9% (39.8) // 51.8% (37.7)",
        "oppCorsiAgainst": "48.2% (58.7) // 45.0% (57.0) // 42.9% (56.6) // 45.9% (62.7)",
        "oppFenwickAgainst": "48.3% (44.1) // 43.7% (40.4) // 42.2% (41.0) // 44.8% (46.3)",
        "oppShotsAgainst": "49.0% (32.8) // 42.7% (28.6) // 40.5% (28.4) // 43.3% (32.3)",
        "oppScoringAgainst": "47.6% (30.1) // 42.0% (27.0) // 42.1% (29.0) // 48.2% (35.0)",
        "savesPerGame": 27.0,
        "savesPerGameLast1": 19.0,
        "savesPerGameLast3": 19.0,
        "savesPerGameLast5": 19.0,
        "savesPer60": 27.1,
        "savesPer60Last1": 18.1,
        "savesPer60Last3": 18.9,
        "savesPer60Last5": 18.9,
        "shotsPerGame": 28.8,
        "shotsPerGameLast5": 28.6,
        "shotsAgainstPerGame": 30.3,
        "shotsAgainstPerGameLast5": 22.8,
        "oppSavesAgainstPer60": 31.4,
        "oppSavesAgainstPer60Last1": 36.0,
        "oppSavesAgainstPer60Last3": 38.2,
        "oppSavesAgainstPer60Last5": 39.0,
        "oppShotsAgainstPerGame": 33.2,
        "oppShotsAgainstPerGameLast5": 28.4,
        "savesProj": 28.3,
        "savesProjLast5": 24.8,
        "savesProjLast3": 24.4,
        "oppSavesAgainstProj": 30.0,
        "oppSavesAgainstProjLast5": 26.6,
        "oppSavesAgainstProjLast3": 28.2,
        "totalOver": 32,
        "totalOverLast5": 20,
        "totalOverLast15": 27,
        "lastTotalOver": 36,
        "last5": "0,0,0,1,0,0,1,0,1,0",
        "overOdds": "+180",
        "underOdds": "0",
        "overUnder": "+180 / 0"
    },
    {
        "player": "Evgeni Malkin",
        "team": "PIT",
        "opponent": "DET",
        "propType": "g",
        "line": 0.5,
        "ppLine": "PP1",
        "avg": 0.34,
        "hit": false,
        "diffAvg": -0.32,
        "diffAbs": 0.2,
        "lastAvg": 0.42,
        "diff": -0.16,
        "avgMin": 18,
        "proj": 0.4,
        "lastAvgMin": 18.32,
        "oppOver": 0,
        "teamOver": 0,
        "gameLine": "-195",
        "+/-": -8,
        "L5_+/-": -2.0,
        "prevMatchup": "2022-12-28 0.0 g",
        "winLossSplits": "0.37 - 0.32",
        "awayHome": "A",
        "playedYesterday": "N",
        "awayHomeSplits": "0.24 - 0.44",
        "savesAboveExp": -1.293,
        "gsaa": -7.11,
        "corsi": "51.8% (63.1) // 55.0% (69.9) // 57.1% (75.4) // 54.1% (74.0)",
        "fenwick": "51.7% (47.2) // 56.3% (52.2) // 57.8% (56.2) // 55.2% (57.0)",
        "shots": "51.0% (34.2) // 57.3% (38.5) // 59.5% (41.8) // 56.7% (42.3)",
        "scoring": "52.4% (33.2) // 58.0% (37.4) // 57.9% (39.8) // 51.8% (37.7)",
        "corsiAgainst": "48.2% (58.7) // 45.0% (57.0) // 42.9% (56.6) // 45.9% (62.7)",
        "fenwickAgainst": "48.3% (44.1) // 43.7% (40.4) // 42.2% (41.0) // 44.8% (46.3)",
        "shotsAgainst": "49.0% (32.8) // 42.7% (28.6) // 40.5% (28.4) // 43.3% (32.3)",
        "scoringAgainst": "47.6% (30.1) // 42.0% (27.0) // 42.1% (29.0) // 48.2% (35.0)",
        "oppCorsi": "47.5% (52.4) // 51.6% (54.5) // 55.0% (53.9) // 58.5% (57.0)",
        "oppFenwick": "48.1% (39.2) // 53.0% (41.0) // 53.8% (39.1) // 55.1% (38.0)",
        "oppShots": "48.7% (28.4) // 53.4% (29.4) // 55.6% (28.1) // 56.4% (28.5)",
        "oppScoring": "46.2% (25.7) // 49.6% (26.6) // 52.6% (23.8) // 55.3% (23.5)",
        "oppCorsiAgainst": "52.5% (57.8) // 48.4% (51.1) // 45.0% (44.1) // 41.5% (40.5)",
        "oppFenwickAgainst": "51.9% (42.2) // 47.0% (36.4) // 46.2% (33.6) // 44.9% (31.0)",
        "oppShotsAgainst": "51.3% (29.9) // 46.6% (25.6) // 44.4% (22.4) // 43.6% (22.0)",
        "oppScoringAgainst": "53.8% (29.9) // 50.4% (27.0) // 47.4% (21.4) // 44.7% (19.0)",
        "savesPerGame": 29.9,
        "savesPerGameLast1": 31.0,
        "savesPerGameLast3": 29.7,
        "savesPerGameLast5": 25.2,
        "savesPer60": 30.0,
        "savesPer60Last1": 31.0,
        "savesPer60Last3": 29.3,
        "savesPer60Last5": 24.8,
        "shotsPerGame": 34.5,
        "shotsPerGameLast5": 41.8,
        "shotsAgainstPerGame": 33.2,
        "shotsAgainstPerGameLast5": 28.4,
        "oppSavesAgainstPer60": 26.0,
        "oppSavesAgainstPer60Last1": 30.4,
        "oppSavesAgainstPer60Last3": 28.5,
        "oppSavesAgainstPer60Last5": 27.8,
        "oppShotsAgainstPerGame": 30.3,
        "oppShotsAgainstPerGameLast5": 22.8,
        "savesProj": 28.6,
        "savesProjLast5": 24.7,
        "savesProjLast3": 29.6,
        "oppSavesAgainstProj": 27.5,
        "oppSavesAgainstProjLast5": 24.1,
        "oppSavesAgainstProjLast3": 29.1,
        "totalOver": 29,
        "totalOverLast5": 20,
        "totalOverLast15": 13,
        "lastTotalOver": 40,
        "last5": "1,0,0,0,0,0,1,0,0,0",
        "overOdds": "+170",
        "underOdds": "0",
        "overUnder": "+170 / 0"
    },
    {
        "player": "Jake Guentzel",
        "team": "PIT",
        "opponent": "DET",
        "propType": "g",
        "line": 0.5,
        "ppLine": "PP1",
        "avg": 0.46,
        "hit": false,
        "diffAvg": -0.08,
        "diffAbs": 0.0,
        "lastAvg": 0.47,
        "diff": -0.06,
        "avgMin": 20,
        "proj": 0.5,
        "lastAvgMin": 20.08,
        "oppOver": 0,
        "teamOver": 0,
        "gameLine": "-195",
        "+/-": "+1",
        "L5_+/-": -3.0,
        "prevMatchup": "2022-12-28 0.0 g",
        "winLossSplits": "0.68 - 0.27",
        "awayHome": "A",
        "playedYesterday": "N",
        "awayHomeSplits": "0.48 - 0.44",
        "savesAboveExp": -1.293,
        "gsaa": -7.11,
        "corsi": "51.8% (63.1) // 55.0% (69.9) // 57.1% (75.4) // 54.1% (74.0)",
        "fenwick": "51.7% (47.2) // 56.3% (52.2) // 57.8% (56.2) // 55.2% (57.0)",
        "shots": "51.0% (34.2) // 57.3% (38.5) // 59.5% (41.8) // 56.7% (42.3)",
        "scoring": "52.4% (33.2) // 58.0% (37.4) // 57.9% (39.8) // 51.8% (37.7)",
        "corsiAgainst": "48.2% (58.7) // 45.0% (57.0) // 42.9% (56.6) // 45.9% (62.7)",
        "fenwickAgainst": "48.3% (44.1) // 43.7% (40.4) // 42.2% (41.0) // 44.8% (46.3)",
        "shotsAgainst": "49.0% (32.8) // 42.7% (28.6) // 40.5% (28.4) // 43.3% (32.3)",
        "scoringAgainst": "47.6% (30.1) // 42.0% (27.0) // 42.1% (29.0) // 48.2% (35.0)",
        "oppCorsi": "47.5% (52.4) // 51.6% (54.5) // 55.0% (53.9) // 58.5% (57.0)",
        "oppFenwick": "48.1% (39.2) // 53.0% (41.0) // 53.8% (39.1) // 55.1% (38.0)",
        "oppShots": "48.7% (28.4) // 53.4% (29.4) // 55.6% (28.1) // 56.4% (28.5)",
        "oppScoring": "46.2% (25.7) // 49.6% (26.6) // 52.6% (23.8) // 55.3% (23.5)",
        "oppCorsiAgainst": "52.5% (57.8) // 48.4% (51.1) // 45.0% (44.1) // 41.5% (40.5)",
        "oppFenwickAgainst": "51.9% (42.2) // 47.0% (36.4) // 46.2% (33.6) // 44.9% (31.0)",
        "oppShotsAgainst": "51.3% (29.9) // 46.6% (25.6) // 44.4% (22.4) // 43.6% (22.0)",
        "oppScoringAgainst": "53.8% (29.9) // 50.4% (27.0) // 47.4% (21.4) // 44.7% (19.0)",
        "savesPerGame": 29.9,
        "savesPerGameLast1": 31.0,
        "savesPerGameLast3": 29.7,
        "savesPerGameLast5": 25.2,
        "savesPer60": 30.0,
        "savesPer60Last1": 31.0,
        "savesPer60Last3": 29.3,
        "savesPer60Last5": 24.8,
        "shotsPerGame": 34.5,
        "shotsPerGameLast5": 41.8,
        "shotsAgainstPerGame": 33.2,
        "shotsAgainstPerGameLast5": 28.4,
        "oppSavesAgainstPer60": 26.0,
        "oppSavesAgainstPer60Last1": 30.4,
        "oppSavesAgainstPer60Last3": 28.5,
        "oppSavesAgainstPer60Last5": 27.8,
        "oppShotsAgainstPerGame": 30.3,
        "oppShotsAgainstPerGameLast5": 22.8,
        "savesProj": 28.6,
        "savesProjLast5": 24.7,
        "savesProjLast3": 29.6,
        "oppSavesAgainstProj": 27.5,
        "oppSavesAgainstProjLast5": 24.1,
        "oppSavesAgainstProjLast3": 29.1,
        "totalOver": 39,
        "totalOverLast5": 40,
        "totalOverLast15": 47,
        "lastTotalOver": 45,
        "last5": "1,0,1,0,0,1,2,0,1,1",
        "overOdds": "+105",
        "underOdds": "0",
        "overUnder": "+105 / 0"
    },
    {
        "player": "Jake Walman",
        "team": "DET",
        "opponent": "PIT",
        "propType": "g",
        "line": 0.5,
        "ppLine": "PP2",
        "avg": 0.15,
        "hit": false,
        "diffAvg": -0.7,
        "diffAbs": 0.8,
        "lastAvg": 0.06,
        "diff": -0.88,
        "avgMin": 19,
        "proj": 0.1,
        "lastAvgMin": 14.02,
        "oppOver": 0,
        "teamOver": 0,
        "gameLine": "+165",
        "+/-": "+13",
        "L5_+/-": -3.0,
        "prevMatchup": "2022-12-28 1.0 g",
        "winLossSplits": "0.19 - 0.11",
        "awayHome": "H",
        "playedYesterday": "N",
        "awayHomeSplits": "0.11 - 0.19",
        "savesAboveExp": 0.063,
        "gsaa": 3.1,
        "corsi": "47.5% (52.4) // 51.6% (54.5) // 55.0% (53.9) // 58.5% (57.0)",
        "fenwick": "48.1% (39.2) // 53.0% (41.0) // 53.8% (39.1) // 55.1% (38.0)",
        "shots": "48.7% (28.4) // 53.4% (29.4) // 55.6% (28.1) // 56.4% (28.5)",
        "scoring": "46.2% (25.7) // 49.6% (26.6) // 52.6% (23.8) // 55.3% (23.5)",
        "corsiAgainst": "52.5% (57.8) // 48.4% (51.1) // 45.0% (44.1) // 41.5% (40.5)",
        "fenwickAgainst": "51.9% (42.2) // 47.0% (36.4) // 46.2% (33.6) // 44.9% (31.0)",
        "shotsAgainst": "51.3% (29.9) // 46.6% (25.6) // 44.4% (22.4) // 43.6% (22.0)",
        "scoringAgainst": "53.8% (29.9) // 50.4% (27.0) // 47.4% (21.4) // 44.7% (19.0)",
        "oppCorsi": "51.8% (63.1) // 55.0% (69.9) // 57.1% (75.4) // 54.1% (74.0)",
        "oppFenwick": "51.7% (47.2) // 56.3% (52.2) // 57.8% (56.2) // 55.2% (57.0)",
        "oppShots": "51.0% (34.2) // 57.3% (38.5) // 59.5% (41.8) // 56.7% (42.3)",
        "oppScoring": "52.4% (33.2) // 58.0% (37.4) // 57.9% (39.8) // 51.8% (37.7)",
        "oppCorsiAgainst": "48.2% (58.7) // 45.0% (57.0) // 42.9% (56.6) // 45.9% (62.7)",
        "oppFenwickAgainst": "48.3% (44.1) // 43.7% (40.4) // 42.2% (41.0) // 44.8% (46.3)",
        "oppShotsAgainst": "49.0% (32.8) // 42.7% (28.6) // 40.5% (28.4) // 43.3% (32.3)",
        "oppScoringAgainst": "47.6% (30.1) // 42.0% (27.0) // 42.1% (29.0) // 48.2% (35.0)",
        "savesPerGame": 27.0,
        "savesPerGameLast1": 19.0,
        "savesPerGameLast3": 19.0,
        "savesPerGameLast5": 19.0,
        "savesPer60": 27.1,
        "savesPer60Last1": 18.1,
        "savesPer60Last3": 18.9,
        "savesPer60Last5": 18.9,
        "shotsPerGame": 28.8,
        "shotsPerGameLast5": 28.6,
        "shotsAgainstPerGame": 30.3,
        "shotsAgainstPerGameLast5": 22.8,
        "oppSavesAgainstPer60": 31.4,
        "oppSavesAgainstPer60Last1": 36.0,
        "oppSavesAgainstPer60Last3": 38.2,
        "oppSavesAgainstPer60Last5": 39.0,
        "oppShotsAgainstPerGame": 33.2,
        "oppShotsAgainstPerGameLast5": 28.4,
        "savesProj": 28.3,
        "savesProjLast5": 24.8,
        "savesProjLast3": 24.4,
        "oppSavesAgainstProj": 30.0,
        "oppSavesAgainstProjLast5": 26.6,
        "oppSavesAgainstProjLast3": 28.2,
        "totalOver": 15,
        "totalOverLast5": 20,
        "totalOverLast15": 20,
        "lastTotalOver": 6,
        "last5": "0,1,0,0,0,0,0,0,1,0",
        "overOdds": "+550",
        "underOdds": "0",
        "overUnder": "+550 / 0"
    },
    {
        "player": "Jason Zucker",
        "team": "PIT",
        "opponent": "DET",
        "propType": "g",
        "line": 0.5,
        "ppLine": "PP2",
        "avg": 0.35,
        "hit": false,
        "diffAvg": -0.3,
        "diffAbs": 0.6,
        "lastAvg": 0.17,
        "diff": -0.66,
        "avgMin": 15,
        "proj": 0.2,
        "lastAvgMin": 14.82,
        "oppOver": 0,
        "teamOver": 0,
        "gameLine": "-195",
        "+/-": 0,
        "L5_+/-": -1.0,
        "prevMatchup": "2022-12-28 2.0 g",
        "winLossSplits": "0.45 - 0.2",
        "awayHome": "A",
        "playedYesterday": "N",
        "awayHomeSplits": "0.3 - 0.39",
        "savesAboveExp": -1.293,
        "gsaa": -7.11,
        "corsi": "51.8% (63.1) // 55.0% (69.9) // 57.1% (75.4) // 54.1% (74.0)",
        "fenwick": "51.7% (47.2) // 56.3% (52.2) // 57.8% (56.2) // 55.2% (57.0)",
        "shots": "51.0% (34.2) // 57.3% (38.5) // 59.5% (41.8) // 56.7% (42.3)",
        "scoring": "52.4% (33.2) // 58.0% (37.4) // 57.9% (39.8) // 51.8% (37.7)",
        "corsiAgainst": "48.2% (58.7) // 45.0% (57.0) // 42.9% (56.6) // 45.9% (62.7)",
        "fenwickAgainst": "48.3% (44.1) // 43.7% (40.4) // 42.2% (41.0) // 44.8% (46.3)",
        "shotsAgainst": "49.0% (32.8) // 42.7% (28.6) // 40.5% (28.4) // 43.3% (32.3)",
        "scoringAgainst": "47.6% (30.1) // 42.0% (27.0) // 42.1% (29.0) // 48.2% (35.0)",
        "oppCorsi": "47.5% (52.4) // 51.6% (54.5) // 55.0% (53.9) // 58.5% (57.0)",
        "oppFenwick": "48.1% (39.2) // 53.0% (41.0) // 53.8% (39.1) // 55.1% (38.0)",
        "oppShots": "48.7% (28.4) // 53.4% (29.4) // 55.6% (28.1) // 56.4% (28.5)",
        "oppScoring": "46.2% (25.7) // 49.6% (26.6) // 52.6% (23.8) // 55.3% (23.5)",
        "oppCorsiAgainst": "52.5% (57.8) // 48.4% (51.1) // 45.0% (44.1) // 41.5% (40.5)",
        "oppFenwickAgainst": "51.9% (42.2) // 47.0% (36.4) // 46.2% (33.6) // 44.9% (31.0)",
        "oppShotsAgainst": "51.3% (29.9) // 46.6% (25.6) // 44.4% (22.4) // 43.6% (22.0)",
        "oppScoringAgainst": "53.8% (29.9) // 50.4% (27.0) // 47.4% (21.4) // 44.7% (19.0)",
        "savesPerGame": 29.9,
        "savesPerGameLast1": 31.0,
        "savesPerGameLast3": 29.7,
        "savesPerGameLast5": 25.2,
        "savesPer60": 30.0,
        "savesPer60Last1": 31.0,
        "savesPer60Last3": 29.3,
        "savesPer60Last5": 24.8,
        "shotsPerGame": 34.5,
        "shotsPerGameLast5": 41.8,
        "shotsAgainstPerGame": 33.2,
        "shotsAgainstPerGameLast5": 28.4,
        "oppSavesAgainstPer60": 26.0,
        "oppSavesAgainstPer60Last1": 30.4,
        "oppSavesAgainstPer60Last3": 28.5,
        "oppSavesAgainstPer60Last5": 27.8,
        "oppShotsAgainstPerGame": 30.3,
        "oppShotsAgainstPerGameLast5": 22.8,
        "savesProj": 28.6,
        "savesProjLast5": 24.7,
        "savesProjLast3": 29.6,
        "oppSavesAgainstProj": 27.5,
        "oppSavesAgainstProjLast5": 24.1,
        "oppSavesAgainstProjLast3": 29.1,
        "totalOver": 30,
        "totalOverLast5": 0,
        "totalOverLast15": 40,
        "lastTotalOver": 15,
        "last5": "0,0,0,0,0,0,0,1,1,1",
        "overOdds": "+180",
        "underOdds": "0",
        "overUnder": "+180 / 0"
    },
    {
        "player": "Kris Letang",
        "team": "PIT",
        "opponent": "DET",
        "propType": "g",
        "line": 0.5,
        "ppLine": "PP1",
        "avg": 0.18,
        "hit": false,
        "diffAvg": -0.64,
        "diffAbs": 0.8,
        "lastAvg": 0.12,
        "diff": -0.76,
        "avgMin": 24,
        "proj": 0.1,
        "lastAvgMin": 25.77,
        "oppOver": 0,
        "teamOver": 0,
        "gameLine": "-195",
        "+/-": -11,
        "L5_+/-": "+1.0",
        "prevMatchup": "2022-12-28 0.0 g",
        "winLossSplits": "0.21 - 0.15",
        "awayHome": "A",
        "playedYesterday": "N",
        "awayHomeSplits": "0.1 - 0.27",
        "savesAboveExp": -1.293,
        "gsaa": -7.11,
        "corsi": "51.8% (63.1) // 55.0% (69.9) // 57.1% (75.4) // 54.1% (74.0)",
        "fenwick": "51.7% (47.2) // 56.3% (52.2) // 57.8% (56.2) // 55.2% (57.0)",
        "shots": "51.0% (34.2) // 57.3% (38.5) // 59.5% (41.8) // 56.7% (42.3)",
        "scoring": "52.4% (33.2) // 58.0% (37.4) // 57.9% (39.8) // 51.8% (37.7)",
        "corsiAgainst": "48.2% (58.7) // 45.0% (57.0) // 42.9% (56.6) // 45.9% (62.7)",
        "fenwickAgainst": "48.3% (44.1) // 43.7% (40.4) // 42.2% (41.0) // 44.8% (46.3)",
        "shotsAgainst": "49.0% (32.8) // 42.7% (28.6) // 40.5% (28.4) // 43.3% (32.3)",
        "scoringAgainst": "47.6% (30.1) // 42.0% (27.0) // 42.1% (29.0) // 48.2% (35.0)",
        "oppCorsi": "47.5% (52.4) // 51.6% (54.5) // 55.0% (53.9) // 58.5% (57.0)",
        "oppFenwick": "48.1% (39.2) // 53.0% (41.0) // 53.8% (39.1) // 55.1% (38.0)",
        "oppShots": "48.7% (28.4) // 53.4% (29.4) // 55.6% (28.1) // 56.4% (28.5)",
        "oppScoring": "46.2% (25.7) // 49.6% (26.6) // 52.6% (23.8) // 55.3% (23.5)",
        "oppCorsiAgainst": "52.5% (57.8) // 48.4% (51.1) // 45.0% (44.1) // 41.5% (40.5)",
        "oppFenwickAgainst": "51.9% (42.2) // 47.0% (36.4) // 46.2% (33.6) // 44.9% (31.0)",
        "oppShotsAgainst": "51.3% (29.9) // 46.6% (25.6) // 44.4% (22.4) // 43.6% (22.0)",
        "oppScoringAgainst": "53.8% (29.9) // 50.4% (27.0) // 47.4% (21.4) // 44.7% (19.0)",
        "savesPerGame": 29.9,
        "savesPerGameLast1": 31.0,
        "savesPerGameLast3": 29.7,
        "savesPerGameLast5": 25.2,
        "savesPer60": 30.0,
        "savesPer60Last1": 31.0,
        "savesPer60Last3": 29.3,
        "savesPer60Last5": 24.8,
        "shotsPerGame": 34.5,
        "shotsPerGameLast5": 41.8,
        "shotsAgainstPerGame": 33.2,
        "shotsAgainstPerGameLast5": 28.4,
        "oppSavesAgainstPer60": 26.0,
        "oppSavesAgainstPer60Last1": 30.4,
        "oppSavesAgainstPer60Last3": 28.5,
        "oppSavesAgainstPer60Last5": 27.8,
        "oppShotsAgainstPerGame": 30.3,
        "oppShotsAgainstPerGameLast5": 22.8,
        "savesProj": 28.6,
        "savesProjLast5": 24.7,
        "savesProjLast3": 29.6,
        "oppSavesAgainstProj": 27.5,
        "oppSavesAgainstProjLast5": 24.1,
        "oppSavesAgainstProjLast3": 29.1,
        "totalOver": 15,
        "totalOverLast5": 0,
        "totalOverLast15": 20,
        "lastTotalOver": 12,
        "last5": "0,0,0,0,0,0,1,1,0,0",
        "overOdds": "+370",
        "underOdds": "0",
        "overUnder": "+370 / 0"
    },
    {
        "player": "Lucas Raymond",
        "team": "DET",
        "opponent": "PIT",
        "propType": "g",
        "line": 0.5,
        "ppLine": "PP1",
        "avg": 0.25,
        "hit": false,
        "diffAvg": -0.5,
        "diffAbs": 0.4,
        "lastAvg": 0.28,
        "diff": -0.44,
        "avgMin": 17,
        "proj": 0.3,
        "lastAvgMin": 18.15,
        "oppOver": 0,
        "teamOver": 0,
        "gameLine": "+165",
        "+/-": -18,
        "L5_+/-": -5.0,
        "prevMatchup": "2022-12-28 0.0 g",
        "winLossSplits": "0.38 - 0.14",
        "awayHome": "H",
        "playedYesterday": "N",
        "awayHomeSplits": "0.1 - 0.39",
        "savesAboveExp": 0.063,
        "gsaa": 3.1,
        "corsi": "47.5% (52.4) // 51.6% (54.5) // 55.0% (53.9) // 58.5% (57.0)",
        "fenwick": "48.1% (39.2) // 53.0% (41.0) // 53.8% (39.1) // 55.1% (38.0)",
        "shots": "48.7% (28.4) // 53.4% (29.4) // 55.6% (28.1) // 56.4% (28.5)",
        "scoring": "46.2% (25.7) // 49.6% (26.6) // 52.6% (23.8) // 55.3% (23.5)",
        "corsiAgainst": "52.5% (57.8) // 48.4% (51.1) // 45.0% (44.1) // 41.5% (40.5)",
        "fenwickAgainst": "51.9% (42.2) // 47.0% (36.4) // 46.2% (33.6) // 44.9% (31.0)",
        "shotsAgainst": "51.3% (29.9) // 46.6% (25.6) // 44.4% (22.4) // 43.6% (22.0)",
        "scoringAgainst": "53.8% (29.9) // 50.4% (27.0) // 47.4% (21.4) // 44.7% (19.0)",
        "oppCorsi": "51.8% (63.1) // 55.0% (69.9) // 57.1% (75.4) // 54.1% (74.0)",
        "oppFenwick": "51.7% (47.2) // 56.3% (52.2) // 57.8% (56.2) // 55.2% (57.0)",
        "oppShots": "51.0% (34.2) // 57.3% (38.5) // 59.5% (41.8) // 56.7% (42.3)",
        "oppScoring": "52.4% (33.2) // 58.0% (37.4) // 57.9% (39.8) // 51.8% (37.7)",
        "oppCorsiAgainst": "48.2% (58.7) // 45.0% (57.0) // 42.9% (56.6) // 45.9% (62.7)",
        "oppFenwickAgainst": "48.3% (44.1) // 43.7% (40.4) // 42.2% (41.0) // 44.8% (46.3)",
        "oppShotsAgainst": "49.0% (32.8) // 42.7% (28.6) // 40.5% (28.4) // 43.3% (32.3)",
        "oppScoringAgainst": "47.6% (30.1) // 42.0% (27.0) // 42.1% (29.0) // 48.2% (35.0)",
        "savesPerGame": 27.0,
        "savesPerGameLast1": 19.0,
        "savesPerGameLast3": 19.0,
        "savesPerGameLast5": 19.0,
        "savesPer60": 27.1,
        "savesPer60Last1": 18.1,
        "savesPer60Last3": 18.9,
        "savesPer60Last5": 18.9,
        "shotsPerGame": 28.8,
        "shotsPerGameLast5": 28.6,
        "shotsAgainstPerGame": 30.3,
        "shotsAgainstPerGameLast5": 22.8,
        "oppSavesAgainstPer60": 31.4,
        "oppSavesAgainstPer60Last1": 36.0,
        "oppSavesAgainstPer60Last3": 38.2,
        "oppSavesAgainstPer60Last5": 39.0,
        "oppShotsAgainstPerGame": 33.2,
        "oppShotsAgainstPerGameLast5": 28.4,
        "savesProj": 28.3,
        "savesProjLast5": 24.8,
        "savesProjLast3": 24.4,
        "oppSavesAgainstProj": 30.0,
        "oppSavesAgainstProjLast5": 26.6,
        "oppSavesAgainstProjLast3": 28.2,
        "totalOver": 23,
        "totalOverLast5": 0,
        "totalOverLast15": 7,
        "lastTotalOver": 20,
        "last5": "0,0,0,0,0,0,0,0,1,0",
        "overOdds": "+250",
        "underOdds": "0",
        "overUnder": "+250 / 0"
    },
    {
        "player": "Moritz Seider",
        "team": "DET",
        "opponent": "PIT",
        "propType": "g",
        "line": 0.5,
        "ppLine": "PP1",
        "avg": 0.07,
        "hit": false,
        "diffAvg": -0.86,
        "diffAbs": 0.8,
        "lastAvg": 0.09,
        "diff": -0.82,
        "avgMin": 23,
        "proj": 0.1,
        "lastAvgMin": 23.03,
        "oppOver": 0,
        "teamOver": 0,
        "gameLine": "+165",
        "+/-": -8,
        "L5_+/-": 0.0,
        "prevMatchup": "2022-12-28 0.0 g",
        "winLossSplits": "0.12 - 0.02",
        "awayHome": "H",
        "playedYesterday": "N",
        "awayHomeSplits": "0.06 - 0.08",
        "savesAboveExp": 0.063,
        "gsaa": 3.1,
        "corsi": "47.5% (52.4) // 51.6% (54.5) // 55.0% (53.9) // 58.5% (57.0)",
        "fenwick": "48.1% (39.2) // 53.0% (41.0) // 53.8% (39.1) // 55.1% (38.0)",
        "shots": "48.7% (28.4) // 53.4% (29.4) // 55.6% (28.1) // 56.4% (28.5)",
        "scoring": "46.2% (25.7) // 49.6% (26.6) // 52.6% (23.8) // 55.3% (23.5)",
        "corsiAgainst": "52.5% (57.8) // 48.4% (51.1) // 45.0% (44.1) // 41.5% (40.5)",
        "fenwickAgainst": "51.9% (42.2) // 47.0% (36.4) // 46.2% (33.6) // 44.9% (31.0)",
        "shotsAgainst": "51.3% (29.9) // 46.6% (25.6) // 44.4% (22.4) // 43.6% (22.0)",
        "scoringAgainst": "53.8% (29.9) // 50.4% (27.0) // 47.4% (21.4) // 44.7% (19.0)",
        "oppCorsi": "51.8% (63.1) // 55.0% (69.9) // 57.1% (75.4) // 54.1% (74.0)",
        "oppFenwick": "51.7% (47.2) // 56.3% (52.2) // 57.8% (56.2) // 55.2% (57.0)",
        "oppShots": "51.0% (34.2) // 57.3% (38.5) // 59.5% (41.8) // 56.7% (42.3)",
        "oppScoring": "52.4% (33.2) // 58.0% (37.4) // 57.9% (39.8) // 51.8% (37.7)",
        "oppCorsiAgainst": "48.2% (58.7) // 45.0% (57.0) // 42.9% (56.6) // 45.9% (62.7)",
        "oppFenwickAgainst": "48.3% (44.1) // 43.7% (40.4) // 42.2% (41.0) // 44.8% (46.3)",
        "oppShotsAgainst": "49.0% (32.8) // 42.7% (28.6) // 40.5% (28.4) // 43.3% (32.3)",
        "oppScoringAgainst": "47.6% (30.1) // 42.0% (27.0) // 42.1% (29.0) // 48.2% (35.0)",
        "savesPerGame": 27.0,
        "savesPerGameLast1": 19.0,
        "savesPerGameLast3": 19.0,
        "savesPerGameLast5": 19.0,
        "savesPer60": 27.1,
        "savesPer60Last1": 18.1,
        "savesPer60Last3": 18.9,
        "savesPer60Last5": 18.9,
        "shotsPerGame": 28.8,
        "shotsPerGameLast5": 28.6,
        "shotsAgainstPerGame": 30.3,
        "shotsAgainstPerGameLast5": 22.8,
        "oppSavesAgainstPer60": 31.4,
        "oppSavesAgainstPer60Last1": 36.0,
        "oppSavesAgainstPer60Last3": 38.2,
        "oppSavesAgainstPer60Last5": 39.0,
        "oppShotsAgainstPerGame": 33.2,
        "oppShotsAgainstPerGameLast5": 28.4,
        "savesProj": 28.3,
        "savesProjLast5": 24.8,
        "savesProjLast3": 24.4,
        "oppSavesAgainstProj": 30.0,
        "oppSavesAgainstProjLast5": 26.6,
        "oppSavesAgainstProjLast3": 28.2,
        "totalOver": 7,
        "totalOverLast5": 0,
        "totalOverLast15": 7,
        "lastTotalOver": 9,
        "last5": "0,0,0,0,0,0,1,0,0,0",
        "overOdds": "+600",
        "underOdds": "0",
        "overUnder": "+600 / 0"
    },
    {
        "player": "Rickard Rakell",
        "team": "PIT",
        "opponent": "DET",
        "propType": "g",
        "line": 0.5,
        "ppLine": "PP1",
        "avg": 0.34,
        "hit": false,
        "diffAvg": -0.32,
        "diffAbs": 0.4,
        "lastAvg": 0.28,
        "diff": -0.44,
        "avgMin": 18,
        "proj": 0.3,
        "lastAvgMin": 17.98,
        "oppOver": 0,
        "teamOver": 0,
        "gameLine": "-195",
        "+/-": "+1",
        "L5_+/-": -2.0,
        "prevMatchup": "2022-12-28 0.0 g",
        "winLossSplits": "0.35 - 0.35",
        "awayHome": "A",
        "playedYesterday": "N",
        "awayHomeSplits": "0.32 - 0.36",
        "savesAboveExp": -1.293,
        "gsaa": -7.11,
        "corsi": "51.8% (63.1) // 55.0% (69.9) // 57.1% (75.4) // 54.1% (74.0)",
        "fenwick": "51.7% (47.2) // 56.3% (52.2) // 57.8% (56.2) // 55.2% (57.0)",
        "shots": "51.0% (34.2) // 57.3% (38.5) // 59.5% (41.8) // 56.7% (42.3)",
        "scoring": "52.4% (33.2) // 58.0% (37.4) // 57.9% (39.8) // 51.8% (37.7)",
        "corsiAgainst": "48.2% (58.7) // 45.0% (57.0) // 42.9% (56.6) // 45.9% (62.7)",
        "fenwickAgainst": "48.3% (44.1) // 43.7% (40.4) // 42.2% (41.0) // 44.8% (46.3)",
        "shotsAgainst": "49.0% (32.8) // 42.7% (28.6) // 40.5% (28.4) // 43.3% (32.3)",
        "scoringAgainst": "47.6% (30.1) // 42.0% (27.0) // 42.1% (29.0) // 48.2% (35.0)",
        "oppCorsi": "47.5% (52.4) // 51.6% (54.5) // 55.0% (53.9) // 58.5% (57.0)",
        "oppFenwick": "48.1% (39.2) // 53.0% (41.0) // 53.8% (39.1) // 55.1% (38.0)",
        "oppShots": "48.7% (28.4) // 53.4% (29.4) // 55.6% (28.1) // 56.4% (28.5)",
        "oppScoring": "46.2% (25.7) // 49.6% (26.6) // 52.6% (23.8) // 55.3% (23.5)",
        "oppCorsiAgainst": "52.5% (57.8) // 48.4% (51.1) // 45.0% (44.1) // 41.5% (40.5)",
        "oppFenwickAgainst": "51.9% (42.2) // 47.0% (36.4) // 46.2% (33.6) // 44.9% (31.0)",
        "oppShotsAgainst": "51.3% (29.9) // 46.6% (25.6) // 44.4% (22.4) // 43.6% (22.0)",
        "oppScoringAgainst": "53.8% (29.9) // 50.4% (27.0) // 47.4% (21.4) // 44.7% (19.0)",
        "savesPerGame": 29.9,
        "savesPerGameLast1": 31.0,
        "savesPerGameLast3": 29.7,
        "savesPerGameLast5": 25.2,
        "savesPer60": 30.0,
        "savesPer60Last1": 31.0,
        "savesPer60Last3": 29.3,
        "savesPer60Last5": 24.8,
        "shotsPerGame": 34.5,
        "shotsPerGameLast5": 41.8,
        "shotsAgainstPerGame": 33.2,
        "shotsAgainstPerGameLast5": 28.4,
        "oppSavesAgainstPer60": 26.0,
        "oppSavesAgainstPer60Last1": 30.4,
        "oppSavesAgainstPer60Last3": 28.5,
        "oppSavesAgainstPer60Last5": 27.8,
        "oppShotsAgainstPerGame": 30.3,
        "oppShotsAgainstPerGameLast5": 22.8,
        "savesProj": 28.6,
        "savesProjLast5": 24.7,
        "savesProjLast3": 29.6,
        "oppSavesAgainstProj": 27.5,
        "oppSavesAgainstProjLast5": 24.1,
        "oppSavesAgainstProjLast3": 29.1,
        "totalOver": 33,
        "totalOverLast5": 20,
        "totalOverLast15": 27,
        "lastTotalOver": 24,
        "last5": "0,0,0,1,0,1,0,1,1,0",
        "overOdds": "+155",
        "underOdds": "0",
        "overUnder": "+155 / 0"
    },
    {
        "player": "Sidney Crosby",
        "team": "PIT",
        "opponent": "DET",
        "propType": "g",
        "line": 0.5,
        "ppLine": "PP1",
        "avg": 0.42,
        "hit": false,
        "diffAvg": -0.16,
        "diffAbs": 0.2,
        "lastAvg": 0.41,
        "diff": -0.18,
        "avgMin": 20,
        "proj": 0.4,
        "lastAvgMin": 19.97,
        "oppOver": 0,
        "teamOver": 0,
        "gameLine": "-195",
        "+/-": "+5",
        "L5_+/-": -2.0,
        "prevMatchup": "2022-12-28 0.0 g",
        "winLossSplits": "0.57 - 0.29",
        "awayHome": "A",
        "playedYesterday": "N",
        "awayHomeSplits": "0.32 - 0.53",
        "savesAboveExp": -1.293,
        "gsaa": -7.11,
        "corsi": "51.8% (63.1) // 55.0% (69.9) // 57.1% (75.4) // 54.1% (74.0)",
        "fenwick": "51.7% (47.2) // 56.3% (52.2) // 57.8% (56.2) // 55.2% (57.0)",
        "shots": "51.0% (34.2) // 57.3% (38.5) // 59.5% (41.8) // 56.7% (42.3)",
        "scoring": "52.4% (33.2) // 58.0% (37.4) // 57.9% (39.8) // 51.8% (37.7)",
        "corsiAgainst": "48.2% (58.7) // 45.0% (57.0) // 42.9% (56.6) // 45.9% (62.7)",
