[
    {
        "player": "Bryan Rust",
        "team": "PIT",
        "opponent": "DET",
        "propType": "pts",
        "line": 0.5,
        "ppLine": "",
        "avg": 0.56,
        "hit": false,
        "diffAvg": 0.12,
        "diffAbs": 0.6,
        "lastAvg": 0.87,
        "diff": 0.74,
        "avgMin": 17,
        "proj": 0.8,
        "lastAvgMin": 18.77,
        "oppOver": 0,
        "teamOver": 0,
        "gameLine": "-180",
        "+/-": -8,
        "L5_+/-": -2.0,
        "prevMatchup": "2022-12-28 2.0 pts",
        "winLossSplits": "0.88 - 0.29",
        "awayHome": "A",
        "playedYesterday": "N",
        "awayHomeSplits": "0.43 - 0.69",
        "savesAboveExp": "-",
        "gsaa": "-",
        "corsi": "51.8% (63.1) // 55.0% (69.9) // 57.1% (75.4) // 54.1% (74.0)",
        "fenwick": "51.7% (47.2) // 56.3% (52.2) // 57.8% (56.2) // 55.2% (57.0)",
        "shots": "51.0% (34.2) // 57.3% (38.5) // 59.5% (41.8) // 56.7% (42.3)",
        "scoring": "52.4% (33.2) // 58.0% (37.4) // 57.9% (39.8) // 51.8% (37.7)",
        "corsiAgainst": "48.2% (58.7) // 45.0% (57.0) // 42.9% (56.6) // 45.9% (62.7)",
        "fenwickAgainst": "48.3% (44.1) // 43.7% (40.4) // 42.2% (41.0) // 44.8% (46.3)",
        "shotsAgainst": "49.0% (32.8) // 42.7% (28.6) // 40.5% (28.4) // 43.3% (32.3)",
        "scoringAgainst": "47.6% (30.1) // 42.0% (27.0) // 42.1% (29.0) // 48.2% (35.0)",
        "oppCorsi": "47.5% (52.4) // 51.6% (54.5) // 55.0% (53.9) // 58.5% (57.0)",
        "oppFenwick": "48.1% (39.2) // 53.0% (41.0) // 53.8% (39.1) // 55.1% (38.0)",
        "oppShots": "48.7% (28.4) // 53.4% (29.4) // 55.6% (28.1) // 56.4% (28.5)",
        "oppScoring": "46.2% (25.7) // 49.6% (26.6) // 52.6% (23.8) // 55.3% (23.5)",
        "oppCorsiAgainst": "52.5% (57.8) // 48.4% (51.1) // 45.0% (44.1) // 41.5% (40.5)",
        "oppFenwickAgainst": "51.9% (42.2) // 47.0% (36.4) // 46.2% (33.6) // 44.9% (31.0)",
        "oppShotsAgainst": "51.3% (29.9) // 46.6% (25.6) // 44.4% (22.4) // 43.6% (22.0)",
        "oppScoringAgainst": "53.8% (29.9) // 50.4% (27.0) // 47.4% (21.4) // 44.7% (19.0)",
        "savesPerGame": 29.9,
        "savesPerGameLast1": 31.0,
        "savesPerGameLast3": 29.7,
        "savesPerGameLast5": 25.2,
        "savesPer60": 30.0,
        "savesPer60Last1": 31.0,
        "savesPer60Last3": 29.3,
        "savesPer60Last5": 24.8,
        "shotsPerGame": 34.5,
        "shotsPerGameLast5": 41.8,
        "shotsAgainstPerGame": 33.2,
        "shotsAgainstPerGameLast5": 28.4,
        "oppSavesAgainstPer60": 26.0,
        "oppSavesAgainstPer60Last1": 30.4,
        "oppSavesAgainstPer60Last3": 28.5,
        "oppSavesAgainstPer60Last5": 27.8,
        "oppShotsAgainstPerGame": 30.3,
        "oppShotsAgainstPerGameLast5": 22.8,
        "savesProj": 28.6,
        "savesProjLast5": 24.7,
        "savesProjLast3": 29.6,
        "oppSavesAgainstProj": 27.5,
        "oppSavesAgainstProjLast5": 24.1,
        "oppSavesAgainstProjLast3": 29.1,
        "totalOver": 38,
        "totalOverLast5": 20,
        "totalOverLast15": 20,
        "lastTotalOver": 55,
        "last5": "0,0,2,0,0,0,1,0,0,0",
        "overOdds": "-140",
        "underOdds": "+100",
        "overUnder": "-140 / +100"
    },
    {
        "player": "David Perron",
        "team": "DET",
        "opponent": "PIT",
        "propType": "pts",
        "line": 0.5,
        "ppLine": "",
        "avg": 0.61,
        "hit": false,
        "diffAvg": 0.22,
        "diffAbs": 0.4,
        "lastAvg": 0.72,
        "diff": 0.44,
        "avgMin": 16,
        "proj": 0.7,
        "lastAvgMin": 16.98,
        "oppOver": 0,
        "teamOver": 0,
        "gameLine": "+155",
        "+/-": -7,
        "L5_+/-": -4.0,
        "prevMatchup": "2022-12-28 1.0 pts",
        "winLossSplits": "0.78 - 0.44",
        "awayHome": "H",
        "playedYesterday": "N",
        "awayHomeSplits": "0.72 - 0.5",
        "savesAboveExp": "-",
        "gsaa": "-",
        "corsi": "47.5% (52.4) // 51.6% (54.5) // 55.0% (53.9) // 58.5% (57.0)",
        "fenwick": "48.1% (39.2) // 53.0% (41.0) // 53.8% (39.1) // 55.1% (38.0)",
        "shots": "48.7% (28.4) // 53.4% (29.4) // 55.6% (28.1) // 56.4% (28.5)",
        "scoring": "46.2% (25.7) // 49.6% (26.6) // 52.6% (23.8) // 55.3% (23.5)",
        "corsiAgainst": "52.5% (57.8) // 48.4% (51.1) // 45.0% (44.1) // 41.5% (40.5)",
        "fenwickAgainst": "51.9% (42.2) // 47.0% (36.4) // 46.2% (33.6) // 44.9% (31.0)",
        "shotsAgainst": "51.3% (29.9) // 46.6% (25.6) // 44.4% (22.4) // 43.6% (22.0)",
        "scoringAgainst": "53.8% (29.9) // 50.4% (27.0) // 47.4% (21.4) // 44.7% (19.0)",
        "oppCorsi": "51.8% (63.1) // 55.0% (69.9) // 57.1% (75.4) // 54.1% (74.0)",
        "oppFenwick": "51.7% (47.2) // 56.3% (52.2) // 57.8% (56.2) // 55.2% (57.0)",
        "oppShots": "51.0% (34.2) // 57.3% (38.5) // 59.5% (41.8) // 56.7% (42.3)",
        "oppScoring": "52.4% (33.2) // 58.0% (37.4) // 57.9% (39.8) // 51.8% (37.7)",
        "oppCorsiAgainst": "48.2% (58.7) // 45.0% (57.0) // 42.9% (56.6) // 45.9% (62.7)",
        "oppFenwickAgainst": "48.3% (44.1) // 43.7% (40.4) // 42.2% (41.0) // 44.8% (46.3)",
        "oppShotsAgainst": "49.0% (32.8) // 42.7% (28.6) // 40.5% (28.4) // 43.3% (32.3)",
        "oppScoringAgainst": "47.6% (30.1) // 42.0% (27.0) // 42.1% (29.0) // 48.2% (35.0)",
        "savesPerGame": 27.0,
        "savesPerGameLast1": 19.0,
        "savesPerGameLast3": 19.0,
        "savesPerGameLast5": 19.0,
        "savesPer60": 27.1,
        "savesPer60Last1": 18.1,
        "savesPer60Last3": 18.9,
        "savesPer60Last5": 18.9,
        "shotsPerGame": 28.8,
        "shotsPerGameLast5": 28.6,
        "shotsAgainstPerGame": 30.3,
        "shotsAgainstPerGameLast5": 22.8,
        "oppSavesAgainstPer60": 31.4,
        "oppSavesAgainstPer60Last1": 36.0,
        "oppSavesAgainstPer60Last3": 38.2,
        "oppSavesAgainstPer60Last5": 39.0,
        "oppShotsAgainstPerGame": 33.2,
        "oppShotsAgainstPerGameLast5": 28.4,
        "savesProj": 28.3,
        "savesProjLast5": 24.8,
        "savesProjLast3": 24.4,
        "oppSavesAgainstProj": 30.0,
        "oppSavesAgainstProjLast5": 26.6,
        "oppSavesAgainstProjLast3": 28.2,
        "totalOver": 46,
        "totalOverLast5": 60,
        "totalOverLast15": 47,
        "lastTotalOver": 57,
        "last5": "0,1,1,1,0,0,0,1,1,1",
        "overOdds": "-120",
        "underOdds": "-120",
        "overUnder": "-120 / -120"
    },
    {
        "player": "Dominik Kubalik",
        "team": "DET",
        "opponent": "PIT",
        "propType": "pts",
        "line": 0.5,
        "ppLine": "",
        "avg": 0.58,
        "hit": false,
        "diffAvg": 0.16,
        "diffAbs": 0.2,
        "lastAvg": 0.41,
        "diff": -0.18,
        "avgMin": 14,
        "proj": 0.4,
        "lastAvgMin": 14.52,
        "oppOver": 0,
        "teamOver": 0,
        "gameLine": "+155",
        "+/-": -12,
        "L5_+/-": -3.0,
        "prevMatchup": "2022-12-28 0.0 pts",
        "winLossSplits": "0.77 - 0.36",
        "awayHome": "H",
        "playedYesterday": "N",
        "awayHomeSplits": "0.53 - 0.63",
        "savesAboveExp": "-",
        "gsaa": "-",
        "corsi": "47.5% (52.4) // 51.6% (54.5) // 55.0% (53.9) // 58.5% (57.0)",
        "fenwick": "48.1% (39.2) // 53.0% (41.0) // 53.8% (39.1) // 55.1% (38.0)",
        "shots": "48.7% (28.4) // 53.4% (29.4) // 55.6% (28.1) // 56.4% (28.5)",
        "scoring": "46.2% (25.7) // 49.6% (26.6) // 52.6% (23.8) // 55.3% (23.5)",
        "corsiAgainst": "52.5% (57.8) // 48.4% (51.1) // 45.0% (44.1) // 41.5% (40.5)",
        "fenwickAgainst": "51.9% (42.2) // 47.0% (36.4) // 46.2% (33.6) // 44.9% (31.0)",
        "shotsAgainst": "51.3% (29.9) // 46.6% (25.6) // 44.4% (22.4) // 43.6% (22.0)",
        "scoringAgainst": "53.8% (29.9) // 50.4% (27.0) // 47.4% (21.4) // 44.7% (19.0)",
        "oppCorsi": "51.8% (63.1) // 55.0% (69.9) // 57.1% (75.4) // 54.1% (74.0)",
        "oppFenwick": "51.7% (47.2) // 56.3% (52.2) // 57.8% (56.2) // 55.2% (57.0)",
        "oppShots": "51.0% (34.2) // 57.3% (38.5) // 59.5% (41.8) // 56.7% (42.3)",
        "oppScoring": "52.4% (33.2) // 58.0% (37.4) // 57.9% (39.8) // 51.8% (37.7)",
        "oppCorsiAgainst": "48.2% (58.7) // 45.0% (57.0) // 42.9% (56.6) // 45.9% (62.7)",
        "oppFenwickAgainst": "48.3% (44.1) // 43.7% (40.4) // 42.2% (41.0) // 44.8% (46.3)",
        "oppShotsAgainst": "49.0% (32.8) // 42.7% (28.6) // 40.5% (28.4) // 43.3% (32.3)",
        "oppScoringAgainst": "47.6% (30.1) // 42.0% (27.0) // 42.1% (29.0) // 48.2% (35.0)",
        "savesPerGame": 27.0,
        "savesPerGameLast1": 19.0,
        "savesPerGameLast3": 19.0,
        "savesPerGameLast5": 19.0,
        "savesPer60": 27.1,
        "savesPer60Last1": 18.1,
        "savesPer60Last3": 18.9,
        "savesPer60Last5": 18.9,
        "shotsPerGame": 28.8,
        "shotsPerGameLast5": 28.6,
        "shotsAgainstPerGame": 30.3,
        "shotsAgainstPerGameLast5": 22.8,
        "oppSavesAgainstPer60": 31.4,
        "oppSavesAgainstPer60Last1": 36.0,
        "oppSavesAgainstPer60Last3": 38.2,
        "oppSavesAgainstPer60Last5": 39.0,
        "oppShotsAgainstPerGame": 33.2,
        "oppShotsAgainstPerGameLast5": 28.4,
        "savesProj": 28.3,
        "savesProjLast5": 24.8,
        "savesProjLast3": 24.4,
        "oppSavesAgainstProj": 30.0,
        "oppSavesAgainstProjLast5": 26.6,
        "oppSavesAgainstProjLast3": 28.2,
        "totalOver": 44,
        "totalOverLast5": 40,
        "totalOverLast15": 27,
        "lastTotalOver": 36,
        "last5": "0,1,1,0,0,0,0,0,1,0",
        "overOdds": "+125",
        "underOdds": "-165",
        "overUnder": "+125 / -165"
    },
    {
        "player": "Dylan Larkin",
        "team": "DET",
        "opponent": "PIT",
        "propType": "pts",
        "line": 0.5,
        "ppLine": "",
        "avg": 0.96,
        "hit": false,
        "diffAvg": 0.92,
        "diffAbs": 0.8,
        "lastAvg": 0.96,
        "diff": 0.92,
        "avgMin": 19,
        "proj": 0.9,
        "lastAvgMin": 19.65,
        "oppOver": 0,
        "teamOver": 0,
        "gameLine": "+155",
        "+/-": -7,
        "L5_+/-": -2.0,
        "prevMatchup": "2022-12-28 1.0 pts",
        "winLossSplits": "1.46 - 0.53",
        "awayHome": "H",
        "playedYesterday": "N",
        "awayHomeSplits": "0.86 - 1.06",
        "savesAboveExp": "-",
        "gsaa": "-",
        "corsi": "47.5% (52.4) // 51.6% (54.5) // 55.0% (53.9) // 58.5% (57.0)",
        "fenwick": "48.1% (39.2) // 53.0% (41.0) // 53.8% (39.1) // 55.1% (38.0)",
        "shots": "48.7% (28.4) // 53.4% (29.4) // 55.6% (28.1) // 56.4% (28.5)",
        "scoring": "46.2% (25.7) // 49.6% (26.6) // 52.6% (23.8) // 55.3% (23.5)",
        "corsiAgainst": "52.5% (57.8) // 48.4% (51.1) // 45.0% (44.1) // 41.5% (40.5)",
        "fenwickAgainst": "51.9% (42.2) // 47.0% (36.4) // 46.2% (33.6) // 44.9% (31.0)",
        "shotsAgainst": "51.3% (29.9) // 46.6% (25.6) // 44.4% (22.4) // 43.6% (22.0)",
        "scoringAgainst": "53.8% (29.9) // 50.4% (27.0) // 47.4% (21.4) // 44.7% (19.0)",
        "oppCorsi": "51.8% (63.1) // 55.0% (69.9) // 57.1% (75.4) // 54.1% (74.0)",
        "oppFenwick": "51.7% (47.2) // 56.3% (52.2) // 57.8% (56.2) // 55.2% (57.0)",
        "oppShots": "51.0% (34.2) // 57.3% (38.5) // 59.5% (41.8) // 56.7% (42.3)",
        "oppScoring": "52.4% (33.2) // 58.0% (37.4) // 57.9% (39.8) // 51.8% (37.7)",
        "oppCorsiAgainst": "48.2% (58.7) // 45.0% (57.0) // 42.9% (56.6) // 45.9% (62.7)",
        "oppFenwickAgainst": "48.3% (44.1) // 43.7% (40.4) // 42.2% (41.0) // 44.8% (46.3)",
        "oppShotsAgainst": "49.0% (32.8) // 42.7% (28.6) // 40.5% (28.4) // 43.3% (32.3)",
        "oppScoringAgainst": "47.6% (30.1) // 42.0% (27.0) // 42.1% (29.0) // 48.2% (35.0)",
        "savesPerGame": 27.0,
        "savesPerGameLast1": 19.0,
        "savesPerGameLast3": 19.0,
        "savesPerGameLast5": 19.0,
        "savesPer60": 27.1,
        "savesPer60Last1": 18.1,
        "savesPer60Last3": 18.9,
        "savesPer60Last5": 18.9,
        "shotsPerGame": 28.8,
        "shotsPerGameLast5": 28.6,
        "shotsAgainstPerGame": 30.3,
        "shotsAgainstPerGameLast5": 22.8,
        "oppSavesAgainstPer60": 31.4,
        "oppSavesAgainstPer60Last1": 36.0,
        "oppSavesAgainstPer60Last3": 38.2,
        "oppSavesAgainstPer60Last5": 39.0,
        "oppShotsAgainstPerGame": 33.2,
        "oppShotsAgainstPerGameLast5": 28.4,
        "savesProj": 28.3,
        "savesProjLast5": 24.8,
        "savesProjLast3": 24.4,
        "oppSavesAgainstProj": 30.0,
        "oppSavesAgainstProjLast5": 26.6,
        "oppSavesAgainstProjLast3": 28.2,
        "totalOver": 68,
        "totalOverLast5": 80,
        "totalOverLast15": 60,
        "lastTotalOver": 63,
        "last5": "0,1,1,1,1,0,3,1,1,0",
        "overOdds": "-215",
        "underOdds": "+160",
        "overUnder": "-215 / +160"
    },
    {
        "player": "Evgeni Malkin",
        "team": "PIT",
        "opponent": "DET",
        "propType": "pts",
        "line": 1.5,
        "ppLine": "",
        "avg": 1.03,
        "hit": false,
        "diffAvg": -0.31,
        "diffAbs": 0.4,
        "lastAvg": 0.88,
        "diff": -0.41,
        "avgMin": 18,
        "proj": 0.9,
        "lastAvgMin": 18.32,
        "oppOver": 0,
        "teamOver": 0,
        "gameLine": "-180",
        "+/-": -8,
        "L5_+/-": -2.0,
        "prevMatchup": "2022-12-28 0.0 pts",
        "winLossSplits": "1.3 - 0.72",
        "awayHome": "A",
        "playedYesterday": "N",
        "awayHomeSplits": "0.78 - 1.28",
        "savesAboveExp": "-",
        "gsaa": "-",
        "corsi": "51.8% (63.1) // 55.0% (69.9) // 57.1% (75.4) // 54.1% (74.0)",
        "fenwick": "51.7% (47.2) // 56.3% (52.2) // 57.8% (56.2) // 55.2% (57.0)",
        "shots": "51.0% (34.2) // 57.3% (38.5) // 59.5% (41.8) // 56.7% (42.3)",
        "scoring": "52.4% (33.2) // 58.0% (37.4) // 57.9% (39.8) // 51.8% (37.7)",
        "corsiAgainst": "48.2% (58.7) // 45.0% (57.0) // 42.9% (56.6) // 45.9% (62.7)",
        "fenwickAgainst": "48.3% (44.1) // 43.7% (40.4) // 42.2% (41.0) // 44.8% (46.3)",
        "shotsAgainst": "49.0% (32.8) // 42.7% (28.6) // 40.5% (28.4) // 43.3% (32.3)",
        "scoringAgainst": "47.6% (30.1) // 42.0% (27.0) // 42.1% (29.0) // 48.2% (35.0)",
        "oppCorsi": "47.5% (52.4) // 51.6% (54.5) // 55.0% (53.9) // 58.5% (57.0)",
        "oppFenwick": "48.1% (39.2) // 53.0% (41.0) // 53.8% (39.1) // 55.1% (38.0)",
        "oppShots": "48.7% (28.4) // 53.4% (29.4) // 55.6% (28.1) // 56.4% (28.5)",
        "oppScoring": "46.2% (25.7) // 49.6% (26.6) // 52.6% (23.8) // 55.3% (23.5)",
        "oppCorsiAgainst": "52.5% (57.8) // 48.4% (51.1) // 45.0% (44.1) // 41.5% (40.5)",
        "oppFenwickAgainst": "51.9% (42.2) // 47.0% (36.4) // 46.2% (33.6) // 44.9% (31.0)",
        "oppShotsAgainst": "51.3% (29.9) // 46.6% (25.6) // 44.4% (22.4) // 43.6% (22.0)",
        "oppScoringAgainst": "53.8% (29.9) // 50.4% (27.0) // 47.4% (21.4) // 44.7% (19.0)",
        "savesPerGame": 29.9,
        "savesPerGameLast1": 31.0,
        "savesPerGameLast3": 29.7,
        "savesPerGameLast5": 25.2,
        "savesPer60": 30.0,
        "savesPer60Last1": 31.0,
        "savesPer60Last3": 29.3,
        "savesPer60Last5": 24.8,
        "shotsPerGame": 34.5,
        "shotsPerGameLast5": 41.8,
        "shotsAgainstPerGame": 33.2,
        "shotsAgainstPerGameLast5": 28.4,
        "oppSavesAgainstPer60": 26.0,
        "oppSavesAgainstPer60Last1": 30.4,
        "oppSavesAgainstPer60Last3": 28.5,
        "oppSavesAgainstPer60Last5": 27.8,
        "oppShotsAgainstPerGame": 30.3,
        "oppShotsAgainstPerGameLast5": 22.8,
        "savesProj": 28.6,
        "savesProjLast5": 24.7,
        "savesProjLast3": 29.6,
        "oppSavesAgainstProj": 27.5,
        "oppSavesAgainstProjLast5": 24.1,
        "oppSavesAgainstProjLast3": 29.1,
        "totalOver": 29,
        "totalOverLast5": 0,
        "totalOverLast15": 20,
        "lastTotalOver": 23,
        "last5": "1,0,1,1,0,0,2,2,1,1",
        "overOdds": "+170",
        "underOdds": "-230",
        "overUnder": "+170 / -230"
    },
    {
        "player": "Jake Guentzel",
        "team": "PIT",
        "opponent": "DET",
        "propType": "pts",
        "line": 1.5,
        "ppLine": "",
        "avg": 0.96,
        "hit": false,
        "diffAvg": -0.36,
        "diffAbs": 0.33,
        "lastAvg": 0.99,
        "diff": -0.34,
        "avgMin": 20,
        "proj": 1.0,
        "lastAvgMin": 20.08,
        "oppOver": 0,
        "teamOver": 0,
        "gameLine": "-180",
        "+/-": "+1",
        "L5_+/-": -3.0,
        "prevMatchup": "2022-12-28 0.0 pts",
        "winLossSplits": "1.28 - 0.67",
        "awayHome": "A",
        "playedYesterday": "N",
        "awayHomeSplits": "0.88 - 1.03",
        "savesAboveExp": "-",
        "gsaa": "-",
        "corsi": "51.8% (63.1) // 55.0% (69.9) // 57.1% (75.4) // 54.1% (74.0)",
        "fenwick": "51.7% (47.2) // 56.3% (52.2) // 57.8% (56.2) // 55.2% (57.0)",
        "shots": "51.0% (34.2) // 57.3% (38.5) // 59.5% (41.8) // 56.7% (42.3)",
        "scoring": "52.4% (33.2) // 58.0% (37.4) // 57.9% (39.8) // 51.8% (37.7)",
        "corsiAgainst": "48.2% (58.7) // 45.0% (57.0) // 42.9% (56.6) // 45.9% (62.7)",
        "fenwickAgainst": "48.3% (44.1) // 43.7% (40.4) // 42.2% (41.0) // 44.8% (46.3)",
        "shotsAgainst": "49.0% (32.8) // 42.7% (28.6) // 40.5% (28.4) // 43.3% (32.3)",
        "scoringAgainst": "47.6% (30.1) // 42.0% (27.0) // 42.1% (29.0) // 48.2% (35.0)",
        "oppCorsi": "47.5% (52.4) // 51.6% (54.5) // 55.0% (53.9) // 58.5% (57.0)",
        "oppFenwick": "48.1% (39.2) // 53.0% (41.0) // 53.8% (39.1) // 55.1% (38.0)",
        "oppShots": "48.7% (28.4) // 53.4% (29.4) // 55.6% (28.1) // 56.4% (28.5)",
        "oppScoring": "46.2% (25.7) // 49.6% (26.6) // 52.6% (23.8) // 55.3% (23.5)",
        "oppCorsiAgainst": "52.5% (57.8) // 48.4% (51.1) // 45.0% (44.1) // 41.5% (40.5)",
        "oppFenwickAgainst": "51.9% (42.2) // 47.0% (36.4) // 46.2% (33.6) // 44.9% (31.0)",
        "oppShotsAgainst": "51.3% (29.9) // 46.6% (25.6) // 44.4% (22.4) // 43.6% (22.0)",
        "oppScoringAgainst": "53.8% (29.9) // 50.4% (27.0) // 47.4% (21.4) // 44.7% (19.0)",
        "savesPerGame": 29.9,
        "savesPerGameLast1": 31.0,
        "savesPerGameLast3": 29.7,
        "savesPerGameLast5": 25.2,
        "savesPer60": 30.0,
        "savesPer60Last1": 31.0,
        "savesPer60Last3": 29.3,
        "savesPer60Last5": 24.8,
        "shotsPerGame": 34.5,
        "shotsPerGameLast5": 41.8,
        "shotsAgainstPerGame": 33.2,
        "shotsAgainstPerGameLast5": 28.4,
        "oppSavesAgainstPer60": 26.0,
        "oppSavesAgainstPer60Last1": 30.4,
        "oppSavesAgainstPer60Last3": 28.5,
        "oppSavesAgainstPer60Last5": 27.8,
        "oppShotsAgainstPerGame": 30.3,
        "oppShotsAgainstPerGameLast5": 22.8,
        "savesProj": 28.6,
        "savesProjLast5": 24.7,
        "savesProjLast3": 29.6,
        "oppSavesAgainstProj": 27.5,
        "oppSavesAgainstProjLast5": 24.1,
        "oppSavesAgainstProjLast3": 29.1,
        "totalOver": 26,
        "totalOverLast5": 20,
        "totalOverLast15": 20,
        "lastTotalOver": 26,
        "last5": "1,1,2,0,0,1,3,0,2,1",
        "overOdds": "+140",
        "underOdds": "-180",
        "overUnder": "+140 / -180"
    },
    {
        "player": "Jason Zucker",
        "team": "PIT",
        "opponent": "DET",
        "propType": "pts",
        "line": 0.5,
        "ppLine": "",
        "avg": 0.64,
        "hit": false,
        "diffAvg": 0.28,
        "diffAbs": 0.2,
        "lastAvg": 0.37,
        "diff": -0.26,
        "avgMin": 15,
        "proj": 0.4,
        "lastAvgMin": 14.82,
        "oppOver": 0,
        "teamOver": 0,
        "gameLine": "-180",
        "+/-": 0,
        "L5_+/-": -1.0,
        "prevMatchup": "2022-12-28 2.0 pts",
        "winLossSplits": "0.81 - 0.42",
        "awayHome": "A",
        "playedYesterday": "N",
        "awayHomeSplits": "0.48 - 0.78",
        "savesAboveExp": "-",
        "gsaa": "-",
        "corsi": "51.8% (63.1) // 55.0% (69.9) // 57.1% (75.4) // 54.1% (74.0)",
        "fenwick": "51.7% (47.2) // 56.3% (52.2) // 57.8% (56.2) // 55.2% (57.0)",
        "shots": "51.0% (34.2) // 57.3% (38.5) // 59.5% (41.8) // 56.7% (42.3)",
        "scoring": "52.4% (33.2) // 58.0% (37.4) // 57.9% (39.8) // 51.8% (37.7)",
        "corsiAgainst": "48.2% (58.7) // 45.0% (57.0) // 42.9% (56.6) // 45.9% (62.7)",
        "fenwickAgainst": "48.3% (44.1) // 43.7% (40.4) // 42.2% (41.0) // 44.8% (46.3)",
        "shotsAgainst": "49.0% (32.8) // 42.7% (28.6) // 40.5% (28.4) // 43.3% (32.3)",
        "scoringAgainst": "47.6% (30.1) // 42.0% (27.0) // 42.1% (29.0) // 48.2% (35.0)",
        "oppCorsi": "47.5% (52.4) // 51.6% (54.5) // 55.0% (53.9) // 58.5% (57.0)",
        "oppFenwick": "48.1% (39.2) // 53.0% (41.0) // 53.8% (39.1) // 55.1% (38.0)",
        "oppShots": "48.7% (28.4) // 53.4% (29.4) // 55.6% (28.1) // 56.4% (28.5)",
        "oppScoring": "46.2% (25.7) // 49.6% (26.6) // 52.6% (23.8) // 55.3% (23.5)",
        "oppCorsiAgainst": "52.5% (57.8) // 48.4% (51.1) // 45.0% (44.1) // 41.5% (40.5)",
        "oppFenwickAgainst": "51.9% (42.2) // 47.0% (36.4) // 46.2% (33.6) // 44.9% (31.0)",
        "oppShotsAgainst": "51.3% (29.9) // 46.6% (25.6) // 44.4% (22.4) // 43.6% (22.0)",
        "oppScoringAgainst": "53.8% (29.9) // 50.4% (27.0) // 47.4% (21.4) // 44.7% (19.0)",
        "savesPerGame": 29.9,
        "savesPerGameLast1": 31.0,
        "savesPerGameLast3": 29.7,
        "savesPerGameLast5": 25.2,
        "savesPer60": 30.0,
        "savesPer60Last1": 31.0,
        "savesPer60Last3": 29.3,
        "savesPer60Last5": 24.8,
        "shotsPerGame": 34.5,
        "shotsPerGameLast5": 41.8,
        "shotsAgainstPerGame": 33.2,
        "shotsAgainstPerGameLast5": 28.4,
        "oppSavesAgainstPer60": 26.0,
        "oppSavesAgainstPer60Last1": 30.4,
        "oppSavesAgainstPer60Last3": 28.5,
        "oppSavesAgainstPer60Last5": 27.8,
        "oppShotsAgainstPerGame": 30.3,
        "oppShotsAgainstPerGameLast5": 22.8,
        "savesProj": 28.6,
        "savesProjLast5": 24.7,
        "savesProjLast3": 29.6,
        "oppSavesAgainstProj": 27.5,
        "oppSavesAgainstProjLast5": 24.1,
        "oppSavesAgainstProjLast3": 29.1,
        "totalOver": 46,
        "totalOverLast5": 40,
        "totalOverLast15": 53,
        "lastTotalOver": 37,
        "last5": "1,0,1,0,0,0,0,1,1,1",
        "overOdds": "-115",
        "underOdds": "-125",
        "overUnder": "-115 / -125"
    },
    {
        "player": "Kris Letang",
        "team": "PIT",
        "opponent": "DET",
        "propType": "pts",
        "line": 0.5,
        "ppLine": "",
        "avg": 0.62,
        "hit": false,
        "diffAvg": 0.24,
        "diffAbs": 0.4,
        "lastAvg": 0.8,
        "diff": 0.6,
        "avgMin": 24,
        "proj": 0.7,
        "lastAvgMin": 25.77,
        "oppOver": 0,
        "teamOver": 0,
        "gameLine": "-180",
        "+/-": -11,
        "L5_+/-": "+1.0",
        "prevMatchup": "2022-12-28 0.0 pts",
        "winLossSplits": "0.81 - 0.45",
        "awayHome": "A",
        "playedYesterday": "N",
        "awayHomeSplits": "0.41 - 0.85",
        "savesAboveExp": "-",
        "gsaa": "-",
        "corsi": "51.8% (63.1) // 55.0% (69.9) // 57.1% (75.4) // 54.1% (74.0)",
        "fenwick": "51.7% (47.2) // 56.3% (52.2) // 57.8% (56.2) // 55.2% (57.0)",
        "shots": "51.0% (34.2) // 57.3% (38.5) // 59.5% (41.8) // 56.7% (42.3)",
        "scoring": "52.4% (33.2) // 58.0% (37.4) // 57.9% (39.8) // 51.8% (37.7)",
        "corsiAgainst": "48.2% (58.7) // 45.0% (57.0) // 42.9% (56.6) // 45.9% (62.7)",
        "fenwickAgainst": "48.3% (44.1) // 43.7% (40.4) // 42.2% (41.0) // 44.8% (46.3)",
        "shotsAgainst": "49.0% (32.8) // 42.7% (28.6) // 40.5% (28.4) // 43.3% (32.3)",
        "scoringAgainst": "47.6% (30.1) // 42.0% (27.0) // 42.1% (29.0) // 48.2% (35.0)",
        "oppCorsi": "47.5% (52.4) // 51.6% (54.5) // 55.0% (53.9) // 58.5% (57.0)",
        "oppFenwick": "48.1% (39.2) // 53.0% (41.0) // 53.8% (39.1) // 55.1% (38.0)",
        "oppShots": "48.7% (28.4) // 53.4% (29.4) // 55.6% (28.1) // 56.4% (28.5)",
        "oppScoring": "46.2% (25.7) // 49.6% (26.6) // 52.6% (23.8) // 55.3% (23.5)",
        "oppCorsiAgainst": "52.5% (57.8) // 48.4% (51.1) // 45.0% (44.1) // 41.5% (40.5)",
        "oppFenwickAgainst": "51.9% (42.2) // 47.0% (36.4) // 46.2% (33.6) // 44.9% (31.0)",
        "oppShotsAgainst": "51.3% (29.9) // 46.6% (25.6) // 44.4% (22.4) // 43.6% (22.0)",
        "oppScoringAgainst": "53.8% (29.9) // 50.4% (27.0) // 47.4% (21.4) // 44.7% (19.0)",
        "savesPerGame": 29.9,
        "savesPerGameLast1": 31.0,
        "savesPerGameLast3": 29.7,
        "savesPerGameLast5": 25.2,
        "savesPer60": 30.0,
        "savesPer60Last1": 31.0,
        "savesPer60Last3": 29.3,
        "savesPer60Last5": 24.8,
        "shotsPerGame": 34.5,
        "shotsPerGameLast5": 41.8,
        "shotsAgainstPerGame": 33.2,
        "shotsAgainstPerGameLast5": 28.4,
        "oppSavesAgainstPer60": 26.0,
        "oppSavesAgainstPer60Last1": 30.4,
        "oppSavesAgainstPer60Last3": 28.5,
        "oppSavesAgainstPer60Last5": 27.8,
        "oppShotsAgainstPerGame": 30.3,
        "oppShotsAgainstPerGameLast5": 22.8,
        "savesProj": 28.6,
        "savesProjLast5": 24.7,
        "savesProjLast3": 29.6,
        "oppSavesAgainstProj": 27.5,
        "oppSavesAgainstProjLast5": 24.1,
        "oppSavesAgainstProjLast3": 29.1,
        "totalOver": 42,
        "totalOverLast5": 0,
        "totalOverLast15": 33,
        "lastTotalOver": 58,
        "last5": "0,0,0,0,0,0,3,1,1,0",
        "overOdds": "-175",
        "underOdds": "+135",
        "overUnder": "-175 / +135"
    },
    {
        "player": "Lucas Raymond",
        "team": "DET",
        "opponent": "PIT",
        "propType": "pts",
        "line": 0.5,
        "ppLine": "",
        "avg": 0.61,
        "hit": false,
        "diffAvg": 0.22,
        "diffAbs": 0.4,
        "lastAvg": 0.7,
        "diff": 0.4,
        "avgMin": 17,
        "proj": 0.7,
        "lastAvgMin": 18.15,
        "oppOver": 0,
        "teamOver": 0,
        "gameLine": "+155",
        "+/-": -18,
        "L5_+/-": -5.0,
        "prevMatchup": "2022-12-28 2.0 pts",
        "winLossSplits": "0.98 - 0.35",
        "awayHome": "H",
        "playedYesterday": "N",
        "awayHomeSplits": "0.42 - 0.79",
        "savesAboveExp": "-",
        "gsaa": "-",
        "corsi": "47.5% (52.4) // 51.6% (54.5) // 55.0% (53.9) // 58.5% (57.0)",
        "fenwick": "48.1% (39.2) // 53.0% (41.0) // 53.8% (39.1) // 55.1% (38.0)",
        "shots": "48.7% (28.4) // 53.4% (29.4) // 55.6% (28.1) // 56.4% (28.5)",
        "scoring": "46.2% (25.7) // 49.6% (26.6) // 52.6% (23.8) // 55.3% (23.5)",
        "corsiAgainst": "52.5% (57.8) // 48.4% (51.1) // 45.0% (44.1) // 41.5% (40.5)",
        "fenwickAgainst": "51.9% (42.2) // 47.0% (36.4) // 46.2% (33.6) // 44.9% (31.0)",
        "shotsAgainst": "51.3% (29.9) // 46.6% (25.6) // 44.4% (22.4) // 43.6% (22.0)",
        "scoringAgainst": "53.8% (29.9) // 50.4% (27.0) // 47.4% (21.4) // 44.7% (19.0)",
        "oppCorsi": "51.8% (63.1) // 55.0% (69.9) // 57.1% (75.4) // 54.1% (74.0)",
        "oppFenwick": "51.7% (47.2) // 56.3% (52.2) // 57.8% (56.2) // 55.2% (57.0)",
        "oppShots": "51.0% (34.2) // 57.3% (38.5) // 59.5% (41.8) // 56.7% (42.3)",
        "oppScoring": "52.4% (33.2) // 58.0% (37.4) // 57.9% (39.8) // 51.8% (37.7)",
        "oppCorsiAgainst": "48.2% (58.7) // 45.0% (57.0) // 42.9% (56.6) // 45.9% (62.7)",
        "oppFenwickAgainst": "48.3% (44.1) // 43.7% (40.4) // 42.2% (41.0) // 44.8% (46.3)",
        "oppShotsAgainst": "49.0% (32.8) // 42.7% (28.6) // 40.5% (28.4) // 43.3% (32.3)",
        "oppScoringAgainst": "47.6% (30.1) // 42.0% (27.0) // 42.1% (29.0) // 48.2% (35.0)",
        "savesPerGame": 27.0,
        "savesPerGameLast1": 19.0,
        "savesPerGameLast3": 19.0,
        "savesPerGameLast5": 19.0,
        "savesPer60": 27.1,
        "savesPer60Last1": 18.1,
        "savesPer60Last3": 18.9,
        "savesPer60Last5": 18.9,
        "shotsPerGame": 28.8,
        "shotsPerGameLast5": 28.6,
        "shotsAgainstPerGame": 30.3,
        "shotsAgainstPerGameLast5": 22.8,
        "oppSavesAgainstPer60": 31.4,
        "oppSavesAgainstPer60Last1": 36.0,
        "oppSavesAgainstPer60Last3": 38.2,
        "oppSavesAgainstPer60Last5": 39.0,
        "oppShotsAgainstPerGame": 33.2,
        "oppShotsAgainstPerGameLast5": 28.4,
        "savesProj": 28.3,
        "savesProjLast5": 24.8,
        "savesProjLast3": 24.4,
        "oppSavesAgainstProj": 30.0,
        "oppSavesAgainstProjLast5": 26.6,
        "oppSavesAgainstProjLast3": 28.2,
        "totalOver": 44,
        "totalOverLast5": 40,
        "totalOverLast15": 33,
        "lastTotalOver": 50,
        "last5": "0,1,0,1,0,1,2,0,1,0",
        "overOdds": "-120",
        "underOdds": "-120",
        "overUnder": "-120 / -120"
    },
    {
        "player": "Moritz Seider",
        "team": "DET",
        "opponent": "PIT",
        "propType": "pts",
        "line": 0.5,
        "ppLine": "",
        "avg": 0.49,
        "hit": false,
        "diffAvg": -0.02,
        "diffAbs": 0.2,
        "lastAvg": 0.61,
        "diff": 0.22,
        "avgMin": 23,
        "proj": 0.6,
        "lastAvgMin": 23.03,
        "oppOver": 0,
        "teamOver": 0,
        "gameLine": "+155",
        "+/-": -8,
        "L5_+/-": 0.0,
        "prevMatchup": "2022-12-28 0.0 pts",
        "winLossSplits": "0.75 - 0.27",
        "awayHome": "H",
        "playedYesterday": "N",
        "awayHomeSplits": "0.44 - 0.53",
        "savesAboveExp": "-",
        "gsaa": "-",
        "corsi": "47.5% (52.4) // 51.6% (54.5) // 55.0% (53.9) // 58.5% (57.0)",
        "fenwick": "48.1% (39.2) // 53.0% (41.0) // 53.8% (39.1) // 55.1% (38.0)",
        "shots": "48.7% (28.4) // 53.4% (29.4) // 55.6% (28.1) // 56.4% (28.5)",
        "scoring": "46.2% (25.7) // 49.6% (26.6) // 52.6% (23.8) // 55.3% (23.5)",
        "corsiAgainst": "52.5% (57.8) // 48.4% (51.1) // 45.0% (44.1) // 41.5% (40.5)",
        "fenwickAgainst": "51.9% (42.2) // 47.0% (36.4) // 46.2% (33.6) // 44.9% (31.0)",
        "shotsAgainst": "51.3% (29.9) // 46.6% (25.6) // 44.4% (22.4) // 43.6% (22.0)",
        "scoringAgainst": "53.8% (29.9) // 50.4% (27.0) // 47.4% (21.4) // 44.7% (19.0)",
        "oppCorsi": "51.8% (63.1) // 55.0% (69.9) // 57.1% (75.4) // 54.1% (74.0)",
        "oppFenwick": "51.7% (47.2) // 56.3% (52.2) // 57.8% (56.2) // 55.2% (57.0)",
        "oppShots": "51.0% (34.2) // 57.3% (38.5) // 59.5% (41.8) // 56.7% (42.3)",
        "oppScoring": "52.4% (33.2) // 58.0% (37.4) // 57.9% (39.8) // 51.8% (37.7)",
        "oppCorsiAgainst": "48.2% (58.7) // 45.0% (57.0) // 42.9% (56.6) // 45.9% (62.7)",
        "oppFenwickAgainst": "48.3% (44.1) // 43.7% (40.4) // 42.2% (41.0) // 44.8% (46.3)",
        "oppShotsAgainst": "49.0% (32.8) // 42.7% (28.6) // 40.5% (28.4) // 43.3% (32.3)",
        "oppScoringAgainst": "47.6% (30.1) // 42.0% (27.0) // 42.1% (29.0) // 48.2% (35.0)",
        "savesPerGame": 27.0,
        "savesPerGameLast1": 19.0,
        "savesPerGameLast3": 19.0,
        "savesPerGameLast5": 19.0,
        "savesPer60": 27.1,
        "savesPer60Last1": 18.1,
        "savesPer60Last3": 18.9,
        "savesPer60Last5": 18.9,
        "shotsPerGame": 28.8,
        "shotsPerGameLast5": 28.6,
        "shotsAgainstPerGame": 30.3,
        "shotsAgainstPerGameLast5": 22.8,
        "oppSavesAgainstPer60": 31.4,
        "oppSavesAgainstPer60Last1": 36.0,
        "oppSavesAgainstPer60Last3": 38.2,
        "oppSavesAgainstPer60Last5": 39.0,
        "oppShotsAgainstPerGame": 33.2,
        "oppShotsAgainstPerGameLast5": 28.4,
        "savesProj": 28.3,
        "savesProjLast5": 24.8,
        "savesProjLast3": 24.4,
        "oppSavesAgainstProj": 30.0,
        "oppSavesAgainstProjLast5": 26.6,
        "oppSavesAgainstProjLast3": 28.2,
        "totalOver": 33,
        "totalOverLast5": 0,
        "totalOverLast15": 27,
        "lastTotalOver": 50,
        "last5": "0,0,0,0,0,0,2,0,1,0",
        "overOdds": "+100",
        "underOdds": "-140",
        "overUnder": "+100 / -140"
    },
    {
        "player": "Rickard Rakell",
        "team": "PIT",
        "opponent": "DET",
        "propType": "pts",
        "line": 0.5,
        "ppLine": "",
        "avg": 0.7,
        "hit": false,
        "diffAvg": 0.4,
        "diffAbs": 0.2,
        "lastAvg": 0.57,
        "diff": 0.14,
        "avgMin": 18,
        "proj": 0.6,
        "lastAvgMin": 17.98,
        "oppOver": 0,
        "teamOver": 0,
        "gameLine": "-180",
        "+/-": "+1",
        "L5_+/-": -2.0,
        "prevMatchup": "2022-12-28 0.0 pts",
        "winLossSplits": "0.8 - 0.58",
        "awayHome": "A",
        "playedYesterday": "N",
        "awayHomeSplits": "0.68 - 0.72",
        "savesAboveExp": "-",
        "gsaa": "-",
        "corsi": "51.8% (63.1) // 55.0% (69.9) // 57.1% (75.4) // 54.1% (74.0)",
        "fenwick": "51.7% (47.2) // 56.3% (52.2) // 57.8% (56.2) // 55.2% (57.0)",
        "shots": "51.0% (34.2) // 57.3% (38.5) // 59.5% (41.8) // 56.7% (42.3)",
        "scoring": "52.4% (33.2) // 58.0% (37.4) // 57.9% (39.8) // 51.8% (37.7)",
        "corsiAgainst": "48.2% (58.7) // 45.0% (57.0) // 42.9% (56.6) // 45.9% (62.7)",
        "fenwickAgainst": "48.3% (44.1) // 43.7% (40.4) // 42.2% (41.0) // 44.8% (46.3)",
        "shotsAgainst": "49.0% (32.8) // 42.7% (28.6) // 40.5% (28.4) // 43.3% (32.3)",
        "scoringAgainst": "47.6% (30.1) // 42.0% (27.0) // 42.1% (29.0) // 48.2% (35.0)",
        "oppCorsi": "47.5% (52.4) // 51.6% (54.5) // 55.0% (53.9) // 58.5% (57.0)",
        "oppFenwick": "48.1% (39.2) // 53.0% (41.0) // 53.8% (39.1) // 55.1% (38.0)",
        "oppShots": "48.7% (28.4) // 53.4% (29.4) // 55.6% (28.1) // 56.4% (28.5)",
        "oppScoring": "46.2% (25.7) // 49.6% (26.6) // 52.6% (23.8) // 55.3% (23.5)",
        "oppCorsiAgainst": "52.5% (57.8) // 48.4% (51.1) // 45.0% (44.1) // 41.5% (40.5)",
        "oppFenwickAgainst": "51.9% (42.2) // 47.0% (36.4) // 46.2% (33.6) // 44.9% (31.0)",
        "oppShotsAgainst": "51.3% (29.9) // 46.6% (25.6) // 44.4% (22.4) // 43.6% (22.0)",
        "oppScoringAgainst": "53.8% (29.9) // 50.4% (27.0) // 47.4% (21.4) // 44.7% (19.0)",
        "savesPerGame": 29.9,
        "savesPerGameLast1": 31.0,
        "savesPerGameLast3": 29.7,
        "savesPerGameLast5": 25.2,
        "savesPer60": 30.0,
        "savesPer60Last1": 31.0,
        "savesPer60Last3": 29.3,
        "savesPer60Last5": 24.8,
        "shotsPerGame": 34.5,
        "shotsPerGameLast5": 41.8,
        "shotsAgainstPerGame": 33.2,
        "shotsAgainstPerGameLast5": 28.4,
        "oppSavesAgainstPer60": 26.0,
        "oppSavesAgainstPer60Last1": 30.4,
        "oppSavesAgainstPer60Last3": 28.5,
        "oppSavesAgainstPer60Last5": 27.8,
        "oppShotsAgainstPerGame": 30.3,
        "oppShotsAgainstPerGameLast5": 22.8,
        "savesProj": 28.6,
        "savesProjLast5": 24.7,
        "savesProjLast3": 29.6,
        "oppSavesAgainstProj": 27.5,
        "oppSavesAgainstProjLast5": 24.1,
        "oppSavesAgainstProjLast3": 29.1,
        "totalOver": 55,
        "totalOverLast5": 40,
        "totalOverLast15": 60,
        "lastTotalOver": 38,
        "last5": "1,0,0,1,0,2,1,1,1,0",
        "overOdds": "-160",
        "underOdds": "+120",
        "overUnder": "-160 / +120"
    },
    {
        "player": "Sidney Crosby",
        "team": "PIT",
        "opponent": "DET",
        "propType": "pts",
        "line": 1.5,
        "ppLine": "",
        "avg": 1.16,
        "hit": false,
        "diffAvg": -0.23,
        "diffAbs": 0.27,
        "lastAvg": 1.12,
        "diff": -0.25,
        "avgMin": 20,
        "proj": 1.1,
        "lastAvgMin": 19.97,
        "oppOver": 0,
        "teamOver": 0,
        "gameLine": "-180",
        "+/-": "+5",
        "L5_+/-": -2.0,
        "prevMatchup": "2022-12-28 0.0 pts",
        "winLossSplits": "1.65 - 0.73",
        "awayHome": "A",
        "playedYesterday": "N",
        "awayHomeSplits": "1.08 - 1.25",
        "savesAboveExp": "-",
        "gsaa": "-",
        "corsi": "51.8% (63.1) // 55.0% (69.9) // 57.1% (75.4) // 54.1% (74.0)",
        "fenwick": "51.7% (47.2) // 56.3% (52.2) // 57.8% (56.2) // 55.2% (57.0)",
        "shots": "51.0% (34.2) // 57.3% (38.5) // 59.5% (41.8) // 56.7% (42.3)",
        "scoring": "52.4% (33.2) // 58.0% (37.4) // 57.9% (39.8) // 51.8% (37.7)",
        "corsiAgainst": "48.2% (58.7) // 45.0% (57.0) // 42.9% (56.6) // 45.9% (62.7)",
        "fenwickAgainst": "48.3% (44.1) // 43.7% (40.4) // 42.2% (41.0) // 44.8% (46.3)",
        "shotsAgainst": "49.0% (32.8) // 42.7% (28.6) // 40.5% (28.4) // 43.3% (32.3)",
        "scoringAgainst": "47.6% (30.1) // 42.0% (27.0) // 42.1% (29.0) // 48.2% (35.0)",
        "oppCorsi": "47.5% (52.4) // 51.6% (54.5) // 55.0% (53.9) // 58.5% (57.0)",
        "oppFenwick": "48.1% (39.2) // 53.0% (41.0) // 53.8% (39.1) // 55.1% (38.0)",
        "oppShots": "48.7% (28.4) // 53.4% (29.4) // 55.6% (28.1) // 56.4% (28.5)",
        "oppScoring": "46.2% (25.7) // 49.6% (26.6) // 52.6% (23.8) // 55.3% (23.5)",
        "oppCorsiAgainst": "52.5% (57.8) // 48.4% (51.1) // 45.0% (44.1) // 41.5% (40.5)",
        "oppFenwickAgainst": "51.9% (42.2) // 47.0% (36.4) // 46.2% (33.6) // 44.9% (31.0)",
        "oppShotsAgainst": "51.3% (29.9) // 46.6% (25.6) // 44.4% (22.4) // 43.6% (22.0)",
        "oppScoringAgainst": "53.8% (29.9) // 50.4% (27.0) // 47.4% (21.4) // 44.7% (19.0)",
        "savesPerGame": 29.9,
        "savesPerGameLast1": 31.0,
        "savesPerGameLast3": 29.7,
        "savesPerGameLast5": 25.2,
        "savesPer60": 30.0,
        "savesPer60Last1": 31.0,
        "savesPer60Last3": 29.3,
        "savesPer60Last5": 24.8,
        "shotsPerGame": 34.5,
        "shotsPerGameLast5": 41.8,
        "shotsAgainstPerGame": 33.2,
        "shotsAgainstPerGameLast5": 28.4,
        "oppSavesAgainstPer60": 26.0,
        "oppSavesAgainstPer60Last1": 30.4,
        "oppSavesAgainstPer60Last3": 28.5,
        "oppSavesAgainstPer60Last5": 27.8,
        "oppShotsAgainstPerGame": 30.3,
        "oppShotsAgainstPerGameLast5": 22.8,
        "savesProj": 28.6,
        "savesProjLast5": 24.7,
        "savesProjLast3": 29.6,
        "oppSavesAgainstProj": 27.5,
        "oppSavesAgainstProjLast5": 24.1,
        "oppSavesAgainstProjLast3": 29.1,
        "totalOver": 32,
        "totalOverLast5": 0,
        "totalOverLast15": 20,
        "lastTotalOver": 40,
        "last5": "0,1,1,0,0,2,1,2,1,1",
        "overOdds": "+120",
        "underOdds": "-160",
        "overUnder": "+120 / -160"
    },
    {
        "player": "Andrew Copp",
        "team": "DET",
        "opponent": "PIT",
        "propType": "pts",
        "line": 0.5,
        "ppLine": "",
        "avg": 0.54,
        "hit": false,
        "diffAvg": 0.08,
        "diffAbs": 0.0,
        "lastAvg": 0.58,
        "diff": 0.16,
        "avgMin": 18,
        "proj": 0.5,
        "lastAvgMin": 19.17,
        "oppOver": 0,
        "teamOver": 0,
        "gameLine": "+155",
        "+/-": "+2",
        "L5_+/-": -6.0,
        "prevMatchup": "2022-12-28 1.0 pts",
        "winLossSplits": "0.79 - 0.36",
        "awayHome": "H",
        "playedYesterday": "N",
        "awayHomeSplits": "0.56 - 0.53",
        "savesAboveExp": "-",
        "gsaa": "-",
        "corsi": "47.5% (52.4) // 51.6% (54.5) // 55.0% (53.9) // 58.5% (57.0)",
        "fenwick": "48.1% (39.2) // 53.0% (41.0) // 53.8% (39.1) // 55.1% (38.0)",
        "shots": "48.7% (28.4) // 53.4% (29.4) // 55.6% (28.1) // 56.4% (28.5)",
        "scoring": "46.2% (25.7) // 49.6% (26.6) // 52.6% (23.8) // 55.3% (23.5)",
        "corsiAgainst": "52.5% (57.8) // 48.4% (51.1) // 45.0% (44.1) // 41.5% (40.5)",
