[
    {
        "player": "David Perron",
        "team": "DET",
        "opponent": "PHI",
        "propType": "sog",
        "line": 2.5,
        "ppLine": "PP1",
        "avg": 2.35,
        "hit": false,
        "diffAvg": -0.06,
        "diffAbs": 0.16,
        "lastAvg": 2.24,
        "diff": -0.1,
        "avgMin": 16,
        "proj": 2.1,
        "lastAvgMin": 16.98,
        "oppOver": 0,
        "teamOver": 0,
        "gameLine": "+110",
        "+/-": -6,
        "L5_+/-": -4.0,
        "prevMatchup": "2023-03-05 4.0 sog, 2023-01-21 0.0 sog",
        "winLossSplits": "2.52 - 1.99",
        "awayHome": "A",
        "playedYesterday": "N",
        "awayHomeSplits": "2.34 - 2.36",
        "savesAboveExp": 0.493,
        "gsaa": 4.27,
        "corsi": "47.4% (52.3) // 49.9% (53.1) // 54.3% (52.9) // 53.7% (51.6)",
        "fenwick": "48.1% (39.2) // 51.1% (40.1) // 54.0% (39.4) // 53.6% (38.3)",
        "shots": "48.6% (28.4) // 51.6% (28.8) // 55.3% (27.9) // 53.7% (25.9)",
        "scoring": "46.2% (25.7) // 47.6% (26.0) // 53.3% (24.0) // 52.5% (23.7)",
        "corsiAgainst": "52.6% (58.0) // 50.1% (53.3) // 45.7% (44.6) // 46.3% (44.4)",
        "fenwickAgainst": "51.9% (42.4) // 48.9% (38.3) // 46.0% (33.6) // 46.4% (33.1)",
        "shotsAgainst": "51.4% (30.0) // 48.4% (27.0) // 44.7% (22.5) // 46.3% (22.4)",
        "scoringAgainst": "53.8% (30.0) // 52.4% (28.6) // 46.7% (21.1) // 47.5% (21.4)",
        "oppCorsi": "46.5% (53.7) // 46.0% (52.2) // 41.0% (46.9) // 43.1% (49.4)",
        "oppFenwick": "47.5% (40.0) // 47.4% (40.2) // 42.2% (36.7) // 43.1% (37.4)",
        "oppShots": "48.2% (29.0) // 47.6% (29.0) // 44.7% (27.6) // 46.0% (27.8)",
        "oppScoring": "44.7% (25.5) // 46.2% (26.2) // 44.1% (25.4) // 43.1% (25.4)",
        "oppCorsiAgainst": "53.5% (61.7) // 54.0% (61.4) // 59.0% (67.5) // 56.9% (65.3)",
        "oppFenwickAgainst": "52.5% (44.3) // 52.6% (44.6) // 57.8% (50.1) // 56.9% (49.4)",
        "oppShotsAgainst": "51.8% (31.2) // 52.4% (32.0) // 55.3% (34.2) // 54.0% (32.6)",
        "oppScoringAgainst": "55.3% (31.5) // 53.8% (30.6) // 55.9% (32.3) // 56.9% (33.6)",
        "savesPerGame": 27.1,
        "savesPerGameLast1": 18.0,
        "savesPerGameLast3": 19.3,
        "savesPerGameLast5": 18.0,
        "savesPer60": 27.2,
        "savesPer60Last1": 17.1,
        "savesPer60Last3": 19.5,
        "savesPer60Last5": 17.9,
        "shotsPerGame": 28.7,
        "shotsPerGameLast5": 28.6,
        "shotsAgainstPerGame": 30.4,
        "shotsAgainstPerGameLast5": 21.6,
        "oppSavesAgainstPer60": 26.7,
        "oppSavesAgainstPer60Last1": 29.9,
        "oppSavesAgainstPer60Last3": 25.6,
        "oppSavesAgainstPer60Last5": 24.6,
        "oppShotsAgainstPerGame": 31.5,
        "oppShotsAgainstPerGameLast5": 34.6,
        "savesProj": 25.9,
        "savesProjLast5": 15.5,
        "savesProjLast3": 17.9,
        "oppSavesAgainstProj": 25.7,
        "oppSavesAgainstProjLast5": 15.8,
        "oppSavesAgainstProjLast3": 17.9,
        "totalOver": 35,
        "totalOverLast5": 0,
        "totalOverLast15": 27,
        "lastTotalOver": 49,
        "last5": "0,2,0,1,1,1,4,4,4,3",
        "overOdds": "+105",
        "underOdds": "-145",
        "overUnder": "+105 / -145"
    },
    {
        "player": "Dominik Kubalik",
        "team": "DET",
        "opponent": "PHI",
        "propType": "sog",
        "line": 2.5,
        "ppLine": "PP2",
        "avg": 2.21,
        "hit": false,
        "diffAvg": -0.12,
        "diffAbs": 0.2,
        "lastAvg": 2.06,
        "diff": -0.18,
        "avgMin": 14,
        "proj": 2.0,
        "lastAvgMin": 14.52,
        "oppOver": 0,
        "teamOver": 0,
        "gameLine": "+110",
        "+/-": -11,
        "L5_+/-": -2.0,
        "prevMatchup": "2023-03-05 2.0 sog, 2023-01-21 2.0 sog",
        "winLossSplits": "2.12 - 1.96",
        "awayHome": "A",
        "playedYesterday": "N",
        "awayHomeSplits": "2.2 - 2.23",
        "savesAboveExp": 0.493,
        "gsaa": 4.27,
        "corsi": "47.4% (52.3) // 49.9% (53.1) // 54.3% (52.9) // 53.7% (51.6)",
        "fenwick": "48.1% (39.2) // 51.1% (40.1) // 54.0% (39.4) // 53.6% (38.3)",
        "shots": "48.6% (28.4) // 51.6% (28.8) // 55.3% (27.9) // 53.7% (25.9)",
        "scoring": "46.2% (25.7) // 47.6% (26.0) // 53.3% (24.0) // 52.5% (23.7)",
        "corsiAgainst": "52.6% (58.0) // 50.1% (53.3) // 45.7% (44.6) // 46.3% (44.4)",
        "fenwickAgainst": "51.9% (42.4) // 48.9% (38.3) // 46.0% (33.6) // 46.4% (33.1)",
        "shotsAgainst": "51.4% (30.0) // 48.4% (27.0) // 44.7% (22.5) // 46.3% (22.4)",
        "scoringAgainst": "53.8% (30.0) // 52.4% (28.6) // 46.7% (21.1) // 47.5% (21.4)",
        "oppCorsi": "46.5% (53.7) // 46.0% (52.2) // 41.0% (46.9) // 43.1% (49.4)",
        "oppFenwick": "47.5% (40.0) // 47.4% (40.2) // 42.2% (36.7) // 43.1% (37.4)",
        "oppShots": "48.2% (29.0) // 47.6% (29.0) // 44.7% (27.6) // 46.0% (27.8)",
        "oppScoring": "44.7% (25.5) // 46.2% (26.2) // 44.1% (25.4) // 43.1% (25.4)",
        "oppCorsiAgainst": "53.5% (61.7) // 54.0% (61.4) // 59.0% (67.5) // 56.9% (65.3)",
        "oppFenwickAgainst": "52.5% (44.3) // 52.6% (44.6) // 57.8% (50.1) // 56.9% (49.4)",
        "oppShotsAgainst": "51.8% (31.2) // 52.4% (32.0) // 55.3% (34.2) // 54.0% (32.6)",
        "oppScoringAgainst": "55.3% (31.5) // 53.8% (30.6) // 55.9% (32.3) // 56.9% (33.6)",
        "savesPerGame": 27.1,
        "savesPerGameLast1": 18.0,
        "savesPerGameLast3": 19.3,
        "savesPerGameLast5": 18.0,
        "savesPer60": 27.2,
        "savesPer60Last1": 17.1,
        "savesPer60Last3": 19.5,
        "savesPer60Last5": 17.9,
        "shotsPerGame": 28.7,
        "shotsPerGameLast5": 28.6,
        "shotsAgainstPerGame": 30.4,
        "shotsAgainstPerGameLast5": 21.6,
        "oppSavesAgainstPer60": 26.7,
        "oppSavesAgainstPer60Last1": 29.9,
        "oppSavesAgainstPer60Last3": 25.6,
        "oppSavesAgainstPer60Last5": 24.6,
        "oppShotsAgainstPerGame": 31.5,
        "oppShotsAgainstPerGameLast5": 34.6,
        "savesProj": 25.9,
        "savesProjLast5": 15.5,
        "savesProjLast3": 17.9,
        "oppSavesAgainstProj": 25.7,
        "oppSavesAgainstProjLast5": 15.8,
        "oppSavesAgainstProjLast3": 17.9,
        "totalOver": 40,
        "totalOverLast5": 60,
        "totalOverLast15": 33,
        "lastTotalOver": 30,
        "last5": "0,2,3,4,3,3,1,2,2,1",
        "overOdds": "+140",
        "underOdds": "-180",
        "overUnder": "+140 / -180"
    },
    {
        "player": "Dylan Larkin",
        "team": "DET",
        "opponent": "PHI",
        "propType": "sog",
        "line": 2.5,
        "ppLine": "PP1",
        "avg": 3.07,
        "hit": false,
        "diffAvg": 0.23,
        "diffAbs": 0.12,
        "lastAvg": 2.94,
        "diff": 0.18,
        "avgMin": 19,
        "proj": 2.8,
        "lastAvgMin": 19.65,
        "oppOver": 0,
        "teamOver": 0,
        "gameLine": "+110",
        "+/-": -5,
        "L5_+/-": -1.0,
        "prevMatchup": "2023-03-05 3.0 sog, 2023-01-21 1.0 sog",
        "winLossSplits": "3.28 - 2.63",
        "awayHome": "A",
        "playedYesterday": "N",
        "awayHomeSplits": "2.94 - 3.19",
        "savesAboveExp": 0.493,
        "gsaa": 4.27,
        "corsi": "47.4% (52.3) // 49.9% (53.1) // 54.3% (52.9) // 53.7% (51.6)",
        "fenwick": "48.1% (39.2) // 51.1% (40.1) // 54.0% (39.4) // 53.6% (38.3)",
        "shots": "48.6% (28.4) // 51.6% (28.8) // 55.3% (27.9) // 53.7% (25.9)",
        "scoring": "46.2% (25.7) // 47.6% (26.0) // 53.3% (24.0) // 52.5% (23.7)",
        "corsiAgainst": "52.6% (58.0) // 50.1% (53.3) // 45.7% (44.6) // 46.3% (44.4)",
        "fenwickAgainst": "51.9% (42.4) // 48.9% (38.3) // 46.0% (33.6) // 46.4% (33.1)",
        "shotsAgainst": "51.4% (30.0) // 48.4% (27.0) // 44.7% (22.5) // 46.3% (22.4)",
        "scoringAgainst": "53.8% (30.0) // 52.4% (28.6) // 46.7% (21.1) // 47.5% (21.4)",
        "oppCorsi": "46.5% (53.7) // 46.0% (52.2) // 41.0% (46.9) // 43.1% (49.4)",
        "oppFenwick": "47.5% (40.0) // 47.4% (40.2) // 42.2% (36.7) // 43.1% (37.4)",
        "oppShots": "48.2% (29.0) // 47.6% (29.0) // 44.7% (27.6) // 46.0% (27.8)",
        "oppScoring": "44.7% (25.5) // 46.2% (26.2) // 44.1% (25.4) // 43.1% (25.4)",
        "oppCorsiAgainst": "53.5% (61.7) // 54.0% (61.4) // 59.0% (67.5) // 56.9% (65.3)",
        "oppFenwickAgainst": "52.5% (44.3) // 52.6% (44.6) // 57.8% (50.1) // 56.9% (49.4)",
        "oppShotsAgainst": "51.8% (31.2) // 52.4% (32.0) // 55.3% (34.2) // 54.0% (32.6)",
        "oppScoringAgainst": "55.3% (31.5) // 53.8% (30.6) // 55.9% (32.3) // 56.9% (33.6)",
        "savesPerGame": 27.1,
        "savesPerGameLast1": 18.0,
        "savesPerGameLast3": 19.3,
        "savesPerGameLast5": 18.0,
        "savesPer60": 27.2,
        "savesPer60Last1": 17.1,
        "savesPer60Last3": 19.5,
        "savesPer60Last5": 17.9,
        "shotsPerGame": 28.7,
        "shotsPerGameLast5": 28.6,
        "shotsAgainstPerGame": 30.4,
        "shotsAgainstPerGameLast5": 21.6,
        "oppSavesAgainstPer60": 26.7,
        "oppSavesAgainstPer60Last1": 29.9,
        "oppSavesAgainstPer60Last3": 25.6,
        "oppSavesAgainstPer60Last5": 24.6,
        "oppShotsAgainstPerGame": 31.5,
        "oppShotsAgainstPerGameLast5": 34.6,
        "savesProj": 25.9,
        "savesProjLast5": 15.5,
        "savesProjLast3": 17.9,
        "oppSavesAgainstProj": 25.7,
        "oppSavesAgainstProjLast5": 15.8,
        "oppSavesAgainstProjLast3": 17.9,
        "totalOver": 60,
        "totalOverLast5": 40,
        "totalOverLast15": 53,
        "lastTotalOver": 55,
        "last5": "2,2,1,3,5,3,3,5,3,2",
        "overOdds": "-165",
        "underOdds": "+125",
        "overUnder": "-165 / +125"
    },
    {
        "player": "Jake Walman",
        "team": "DET",
        "opponent": "PHI",
        "propType": "sog",
        "line": 2.5,
        "ppLine": "PP2",
        "avg": 2.35,
        "hit": false,
        "diffAvg": -0.06,
        "diffAbs": 0.08,
        "lastAvg": 1.71,
        "diff": -0.32,
        "avgMin": 19,
        "proj": 2.3,
        "lastAvgMin": 14.02,
        "oppOver": 0,
        "teamOver": 0,
        "gameLine": "+110",
        "+/-": "+14",
        "L5_+/-": -3.0,
        "prevMatchup": "2023-03-05 2.0 sog, 2023-01-21 4.0 sog",
        "winLossSplits": "2.11 - 2.36",
        "awayHome": "A",
        "playedYesterday": "N",
        "awayHomeSplits": "2.08 - 2.62",
        "savesAboveExp": 0.493,
        "gsaa": 4.27,
        "corsi": "47.4% (52.3) // 49.9% (53.1) // 54.3% (52.9) // 53.7% (51.6)",
        "fenwick": "48.1% (39.2) // 51.1% (40.1) // 54.0% (39.4) // 53.6% (38.3)",
        "shots": "48.6% (28.4) // 51.6% (28.8) // 55.3% (27.9) // 53.7% (25.9)",
        "scoring": "46.2% (25.7) // 47.6% (26.0) // 53.3% (24.0) // 52.5% (23.7)",
        "corsiAgainst": "52.6% (58.0) // 50.1% (53.3) // 45.7% (44.6) // 46.3% (44.4)",
        "fenwickAgainst": "51.9% (42.4) // 48.9% (38.3) // 46.0% (33.6) // 46.4% (33.1)",
        "shotsAgainst": "51.4% (30.0) // 48.4% (27.0) // 44.7% (22.5) // 46.3% (22.4)",
        "scoringAgainst": "53.8% (30.0) // 52.4% (28.6) // 46.7% (21.1) // 47.5% (21.4)",
        "oppCorsi": "46.5% (53.7) // 46.0% (52.2) // 41.0% (46.9) // 43.1% (49.4)",
        "oppFenwick": "47.5% (40.0) // 47.4% (40.2) // 42.2% (36.7) // 43.1% (37.4)",
        "oppShots": "48.2% (29.0) // 47.6% (29.0) // 44.7% (27.6) // 46.0% (27.8)",
        "oppScoring": "44.7% (25.5) // 46.2% (26.2) // 44.1% (25.4) // 43.1% (25.4)",
        "oppCorsiAgainst": "53.5% (61.7) // 54.0% (61.4) // 59.0% (67.5) // 56.9% (65.3)",
        "oppFenwickAgainst": "52.5% (44.3) // 52.6% (44.6) // 57.8% (50.1) // 56.9% (49.4)",
        "oppShotsAgainst": "51.8% (31.2) // 52.4% (32.0) // 55.3% (34.2) // 54.0% (32.6)",
        "oppScoringAgainst": "55.3% (31.5) // 53.8% (30.6) // 55.9% (32.3) // 56.9% (33.6)",
        "savesPerGame": 27.1,
        "savesPerGameLast1": 18.0,
        "savesPerGameLast3": 19.3,
        "savesPerGameLast5": 18.0,
        "savesPer60": 27.2,
        "savesPer60Last1": 17.1,
        "savesPer60Last3": 19.5,
        "savesPer60Last5": 17.9,
        "shotsPerGame": 28.7,
        "shotsPerGameLast5": 28.6,
        "shotsAgainstPerGame": 30.4,
        "shotsAgainstPerGameLast5": 21.6,
        "oppSavesAgainstPer60": 26.7,
        "oppSavesAgainstPer60Last1": 29.9,
        "oppSavesAgainstPer60Last3": 25.6,
        "oppSavesAgainstPer60Last5": 24.6,
        "oppShotsAgainstPerGame": 31.5,
        "oppShotsAgainstPerGameLast5": 34.6,
        "savesProj": 25.9,
        "savesProjLast5": 15.5,
        "savesProjLast3": 17.9,
        "oppSavesAgainstProj": 25.7,
        "oppSavesAgainstProjLast5": 15.8,
        "oppSavesAgainstProjLast3": 17.9,
        "totalOver": 42,
        "totalOverLast5": 60,
        "totalOverLast15": 33,
        "lastTotalOver": 46,
        "last5": "4,3,4,2,0,1,2,4,2,2",
        "overOdds": "-105",
        "underOdds": "-135",
        "overUnder": "-105 / -135"
    },
    {
        "player": "Lucas Raymond",
        "team": "DET",
        "opponent": "PHI",
        "propType": "sog",
        "line": 2.5,
        "ppLine": "PP1",
        "avg": 1.84,
        "hit": false,
        "diffAvg": -0.26,
        "diffAbs": 0.16,
        "lastAvg": 2.24,
        "diff": -0.1,
        "avgMin": 17,
        "proj": 2.1,
        "lastAvgMin": 18.15,
        "oppOver": 0,
        "teamOver": 0,
        "gameLine": "+110",
        "+/-": -16,
        "L5_+/-": -4.0,
        "prevMatchup": "2023-03-05 2.0 sog, 2023-01-21 6.0 sog",
        "winLossSplits": "1.76 - 1.79",
        "awayHome": "A",
        "playedYesterday": "N",
        "awayHomeSplits": "1.3 - 2.33",
        "savesAboveExp": 0.493,
        "gsaa": 4.27,
        "corsi": "47.4% (52.3) // 49.9% (53.1) // 54.3% (52.9) // 53.7% (51.6)",
        "fenwick": "48.1% (39.2) // 51.1% (40.1) // 54.0% (39.4) // 53.6% (38.3)",
        "shots": "48.6% (28.4) // 51.6% (28.8) // 55.3% (27.9) // 53.7% (25.9)",
        "scoring": "46.2% (25.7) // 47.6% (26.0) // 53.3% (24.0) // 52.5% (23.7)",
        "corsiAgainst": "52.6% (58.0) // 50.1% (53.3) // 45.7% (44.6) // 46.3% (44.4)",
        "fenwickAgainst": "51.9% (42.4) // 48.9% (38.3) // 46.0% (33.6) // 46.4% (33.1)",
        "shotsAgainst": "51.4% (30.0) // 48.4% (27.0) // 44.7% (22.5) // 46.3% (22.4)",
        "scoringAgainst": "53.8% (30.0) // 52.4% (28.6) // 46.7% (21.1) // 47.5% (21.4)",
        "oppCorsi": "46.5% (53.7) // 46.0% (52.2) // 41.0% (46.9) // 43.1% (49.4)",
        "oppFenwick": "47.5% (40.0) // 47.4% (40.2) // 42.2% (36.7) // 43.1% (37.4)",
        "oppShots": "48.2% (29.0) // 47.6% (29.0) // 44.7% (27.6) // 46.0% (27.8)",
        "oppScoring": "44.7% (25.5) // 46.2% (26.2) // 44.1% (25.4) // 43.1% (25.4)",
        "oppCorsiAgainst": "53.5% (61.7) // 54.0% (61.4) // 59.0% (67.5) // 56.9% (65.3)",
        "oppFenwickAgainst": "52.5% (44.3) // 52.6% (44.6) // 57.8% (50.1) // 56.9% (49.4)",
        "oppShotsAgainst": "51.8% (31.2) // 52.4% (32.0) // 55.3% (34.2) // 54.0% (32.6)",
        "oppScoringAgainst": "55.3% (31.5) // 53.8% (30.6) // 55.9% (32.3) // 56.9% (33.6)",
        "savesPerGame": 27.1,
        "savesPerGameLast1": 18.0,
        "savesPerGameLast3": 19.3,
        "savesPerGameLast5": 18.0,
        "savesPer60": 27.2,
        "savesPer60Last1": 17.1,
        "savesPer60Last3": 19.5,
        "savesPer60Last5": 17.9,
        "shotsPerGame": 28.7,
        "shotsPerGameLast5": 28.6,
        "shotsAgainstPerGame": 30.4,
        "shotsAgainstPerGameLast5": 21.6,
        "oppSavesAgainstPer60": 26.7,
        "oppSavesAgainstPer60Last1": 29.9,
        "oppSavesAgainstPer60Last3": 25.6,
        "oppSavesAgainstPer60Last5": 24.6,
        "oppShotsAgainstPerGame": 31.5,
        "oppShotsAgainstPerGameLast5": 34.6,
        "savesProj": 25.9,
        "savesProjLast5": 15.5,
        "savesProjLast3": 17.9,
        "oppSavesAgainstProj": 25.7,
        "oppSavesAgainstProjLast5": 15.8,
        "oppSavesAgainstProjLast3": 17.9,
        "totalOver": 29,
        "totalOverLast5": 40,
        "totalOverLast15": 40,
        "lastTotalOver": 36,
        "last5": "3,2,0,2,3,0,3,5,2,0",
        "overOdds": "+140",
        "underOdds": "-180",
        "overUnder": "+140 / -180"
    },
    {
        "player": "Moritz Seider",
        "team": "DET",
        "opponent": "PHI",
        "propType": "sog",
        "line": 1.5,
        "ppLine": "PP1",
        "avg": 1.7,
        "hit": false,
        "diffAvg": 0.13,
        "diffAbs": 0.53,
        "lastAvg": 2.28,
        "diff": 0.52,
        "avgMin": 23,
        "proj": 2.3,
        "lastAvgMin": 23.03,
        "oppOver": 0,
        "teamOver": 0,
        "gameLine": "+110",
        "+/-": -8,
        "L5_+/-": 0.0,
        "prevMatchup": "2023-03-05 3.0 sog, 2023-01-21 1.0 sog",
        "winLossSplits": "1.7 - 1.74",
        "awayHome": "A",
        "playedYesterday": "N",
        "awayHomeSplits": "1.34 - 2.06",
        "savesAboveExp": 0.493,
        "gsaa": 4.27,
        "corsi": "47.4% (52.3) // 49.9% (53.1) // 54.3% (52.9) // 53.7% (51.6)",
        "fenwick": "48.1% (39.2) // 51.1% (40.1) // 54.0% (39.4) // 53.6% (38.3)",
        "shots": "48.6% (28.4) // 51.6% (28.8) // 55.3% (27.9) // 53.7% (25.9)",
        "scoring": "46.2% (25.7) // 47.6% (26.0) // 53.3% (24.0) // 52.5% (23.7)",
        "corsiAgainst": "52.6% (58.0) // 50.1% (53.3) // 45.7% (44.6) // 46.3% (44.4)",
        "fenwickAgainst": "51.9% (42.4) // 48.9% (38.3) // 46.0% (33.6) // 46.4% (33.1)",
        "shotsAgainst": "51.4% (30.0) // 48.4% (27.0) // 44.7% (22.5) // 46.3% (22.4)",
        "scoringAgainst": "53.8% (30.0) // 52.4% (28.6) // 46.7% (21.1) // 47.5% (21.4)",
        "oppCorsi": "46.5% (53.7) // 46.0% (52.2) // 41.0% (46.9) // 43.1% (49.4)",
        "oppFenwick": "47.5% (40.0) // 47.4% (40.2) // 42.2% (36.7) // 43.1% (37.4)",
        "oppShots": "48.2% (29.0) // 47.6% (29.0) // 44.7% (27.6) // 46.0% (27.8)",
        "oppScoring": "44.7% (25.5) // 46.2% (26.2) // 44.1% (25.4) // 43.1% (25.4)",
        "oppCorsiAgainst": "53.5% (61.7) // 54.0% (61.4) // 59.0% (67.5) // 56.9% (65.3)",
        "oppFenwickAgainst": "52.5% (44.3) // 52.6% (44.6) // 57.8% (50.1) // 56.9% (49.4)",
        "oppShotsAgainst": "51.8% (31.2) // 52.4% (32.0) // 55.3% (34.2) // 54.0% (32.6)",
        "oppScoringAgainst": "55.3% (31.5) // 53.8% (30.6) // 55.9% (32.3) // 56.9% (33.6)",
        "savesPerGame": 27.1,
        "savesPerGameLast1": 18.0,
        "savesPerGameLast3": 19.3,
        "savesPerGameLast5": 18.0,
        "savesPer60": 27.2,
        "savesPer60Last1": 17.1,
        "savesPer60Last3": 19.5,
        "savesPer60Last5": 17.9,
        "shotsPerGame": 28.7,
        "shotsPerGameLast5": 28.6,
        "shotsAgainstPerGame": 30.4,
        "shotsAgainstPerGameLast5": 21.6,
        "oppSavesAgainstPer60": 26.7,
        "oppSavesAgainstPer60Last1": 29.9,
        "oppSavesAgainstPer60Last3": 25.6,
        "oppSavesAgainstPer60Last5": 24.6,
        "oppShotsAgainstPerGame": 31.5,
        "oppShotsAgainstPerGameLast5": 34.6,
        "savesProj": 25.9,
        "savesProjLast5": 15.5,
        "savesProjLast3": 17.9,
        "oppSavesAgainstProj": 25.7,
        "oppSavesAgainstProjLast5": 15.8,
        "oppSavesAgainstProjLast3": 17.9,
        "totalOver": 56,
        "totalOverLast5": 100,
        "totalOverLast15": 80,
        "lastTotalOver": 65,
        "last5": "2,2,2,2,4,2,3,0,3,2",
        "overOdds": "-200",
        "underOdds": "+150",
        "overUnder": "-200 / +150"
    },
    {
        "player": "Owen Tippett",
        "team": "PHI",
        "opponent": "DET",
        "propType": "sog",
        "line": 3.5,
        "ppLine": "PP1",
        "avg": 2.94,
        "hit": false,
        "diffAvg": -0.16,
        "diffAbs": 0.29,
        "lastAvg": 2.0,
        "diff": -0.43,
        "avgMin": 17,
        "proj": 2.5,
        "lastAvgMin": 13.42,
        "oppOver": 0,
        "teamOver": 0,
        "gameLine": "-130",
        "+/-": -13,
        "L5_+/-": "+2.0",
        "prevMatchup": "2023-03-05 3.0 sog, 2023-01-21 1.0 sog",
        "winLossSplits": "2.85 - 2.86",
        "awayHome": "H",
        "playedYesterday": "N",
        "awayHomeSplits": "3.0 - 2.88",
        "savesAboveExp": -1.293,
        "gsaa": -7.14,
        "corsi": "46.5% (53.7) // 46.0% (52.2) // 41.0% (46.9) // 43.1% (49.4)",
        "fenwick": "47.5% (40.0) // 47.4% (40.2) // 42.2% (36.7) // 43.1% (37.4)",
        "shots": "48.2% (29.0) // 47.6% (29.0) // 44.7% (27.6) // 46.0% (27.8)",
        "scoring": "44.7% (25.5) // 46.2% (26.2) // 44.1% (25.4) // 43.1% (25.4)",
        "corsiAgainst": "53.5% (61.7) // 54.0% (61.4) // 59.0% (67.5) // 56.9% (65.3)",
        "fenwickAgainst": "52.5% (44.3) // 52.6% (44.6) // 57.8% (50.1) // 56.9% (49.4)",
        "shotsAgainst": "51.8% (31.2) // 52.4% (32.0) // 55.3% (34.2) // 54.0% (32.6)",
        "scoringAgainst": "55.3% (31.5) // 53.8% (30.6) // 55.9% (32.3) // 56.9% (33.6)",
        "oppCorsi": "47.4% (52.3) // 49.9% (53.1) // 54.3% (52.9) // 53.7% (51.6)",
        "oppFenwick": "48.1% (39.2) // 51.1% (40.1) // 54.0% (39.4) // 53.6% (38.3)",
        "oppShots": "48.6% (28.4) // 51.6% (28.8) // 55.3% (27.9) // 53.7% (25.9)",
        "oppScoring": "46.2% (25.7) // 47.6% (26.0) // 53.3% (24.0) // 52.5% (23.7)",
        "oppCorsiAgainst": "52.6% (58.0) // 50.1% (53.3) // 45.7% (44.6) // 46.3% (44.4)",
        "oppFenwickAgainst": "51.9% (42.4) // 48.9% (38.3) // 46.0% (33.6) // 46.4% (33.1)",
        "oppShotsAgainst": "51.4% (30.0) // 48.4% (27.0) // 44.7% (22.5) // 46.3% (22.4)",
        "oppScoringAgainst": "53.8% (30.0) // 52.4% (28.6) // 46.7% (21.1) // 47.5% (21.4)",
        "savesPerGame": 28.2,
        "savesPerGameLast1": 20.0,
        "savesPerGameLast3": 30.0,
        "savesPerGameLast5": 30.8,
        "savesPer60": 28.0,
        "savesPer60Last1": 21.7,
        "savesPer60Last3": 30.9,
        "savesPer60Last5": 31.2,
        "shotsPerGame": 29.3,
        "shotsPerGameLast5": 28.6,
        "shotsAgainstPerGame": 31.5,
        "shotsAgainstPerGameLast5": 34.6,
        "oppSavesAgainstPer60": 25.9,
        "oppSavesAgainstPer60Last1": 26.2,
        "oppSavesAgainstPer60Last3": 25.4,
        "oppSavesAgainstPer60Last5": 27.6,
        "oppShotsAgainstPerGame": 30.4,
        "oppShotsAgainstPerGameLast5": 21.6,
        "savesProj": 26.6,
        "savesProjLast5": 30.7,
        "savesProjLast3": 27.7,
        "oppSavesAgainstProj": 25.4,
        "oppSavesAgainstProjLast5": 28.0,
        "oppSavesAgainstProjLast3": 24.0,
        "totalOver": 27,
        "totalOverLast5": 20,
        "totalOverLast15": 40,
        "lastTotalOver": 21,
        "last5": "3,2,3,7,3,8,3,9,3,4",
        "overOdds": "+110",
        "underOdds": "-150",
        "overUnder": "+110 / -150"
    },
    {
        "player": "Tony Deangelo",
        "team": "PHI",
        "opponent": "DET",
        "propType": "sog",
        "line": 2.5,
        "ppLine": "PP1",
        "avg": 2.42,
        "hit": false,
        "diffAvg": -0.03,
        "diffAbs": 0.12,
        "lastAvg": 1.94,
        "diff": -0.22,
        "avgMin": 22,
        "proj": 2.2,
        "lastAvgMin": 19.8,
        "oppOver": 0,
        "teamOver": 0,
        "gameLine": "-130",
        "+/-": -23,
        "L5_+/-": -1.0,
        "prevMatchup": "2023-03-05 2.0 sog, 2023-01-21 3.0 sog",
        "winLossSplits": "2.7 - 2.24",
        "awayHome": "H",
        "playedYesterday": "N",
        "awayHomeSplits": "2.41 - 2.43",
        "savesAboveExp": -1.293,
        "gsaa": -7.14,
        "corsi": "46.5% (53.7) // 46.0% (52.2) // 41.0% (46.9) // 43.1% (49.4)",
        "fenwick": "47.5% (40.0) // 47.4% (40.2) // 42.2% (36.7) // 43.1% (37.4)",
        "shots": "48.2% (29.0) // 47.6% (29.0) // 44.7% (27.6) // 46.0% (27.8)",
        "scoring": "44.7% (25.5) // 46.2% (26.2) // 44.1% (25.4) // 43.1% (25.4)",
        "corsiAgainst": "53.5% (61.7) // 54.0% (61.4) // 59.0% (67.5) // 56.9% (65.3)",
        "fenwickAgainst": "52.5% (44.3) // 52.6% (44.6) // 57.8% (50.1) // 56.9% (49.4)",
        "shotsAgainst": "51.8% (31.2) // 52.4% (32.0) // 55.3% (34.2) // 54.0% (32.6)",
        "scoringAgainst": "55.3% (31.5) // 53.8% (30.6) // 55.9% (32.3) // 56.9% (33.6)",
        "oppCorsi": "47.4% (52.3) // 49.9% (53.1) // 54.3% (52.9) // 53.7% (51.6)",
        "oppFenwick": "48.1% (39.2) // 51.1% (40.1) // 54.0% (39.4) // 53.6% (38.3)",
        "oppShots": "48.6% (28.4) // 51.6% (28.8) // 55.3% (27.9) // 53.7% (25.9)",
        "oppScoring": "46.2% (25.7) // 47.6% (26.0) // 53.3% (24.0) // 52.5% (23.7)",
        "oppCorsiAgainst": "52.6% (58.0) // 50.1% (53.3) // 45.7% (44.6) // 46.3% (44.4)",
        "oppFenwickAgainst": "51.9% (42.4) // 48.9% (38.3) // 46.0% (33.6) // 46.4% (33.1)",
        "oppShotsAgainst": "51.4% (30.0) // 48.4% (27.0) // 44.7% (22.5) // 46.3% (22.4)",
        "oppScoringAgainst": "53.8% (30.0) // 52.4% (28.6) // 46.7% (21.1) // 47.5% (21.4)",
        "savesPerGame": 28.2,
        "savesPerGameLast1": 20.0,
        "savesPerGameLast3": 30.0,
        "savesPerGameLast5": 30.8,
        "savesPer60": 28.0,
        "savesPer60Last1": 21.7,
        "savesPer60Last3": 30.9,
        "savesPer60Last5": 31.2,
        "shotsPerGame": 29.3,
        "shotsPerGameLast5": 28.6,
        "shotsAgainstPerGame": 31.5,
        "shotsAgainstPerGameLast5": 34.6,
        "oppSavesAgainstPer60": 25.9,
        "oppSavesAgainstPer60Last1": 26.2,
        "oppSavesAgainstPer60Last3": 25.4,
        "oppSavesAgainstPer60Last5": 27.6,
        "oppShotsAgainstPerGame": 30.4,
        "oppShotsAgainstPerGameLast5": 21.6,
        "savesProj": 26.6,
        "savesProjLast5": 30.7,
        "savesProjLast3": 27.7,
        "oppSavesAgainstProj": 25.4,
        "oppSavesAgainstProjLast5": 28.0,
        "oppSavesAgainstProjLast3": 24.0,
        "totalOver": 44,
        "totalOverLast5": 20,
        "totalOverLast15": 27,
        "lastTotalOver": 51,
        "last5": "3,2,2,2,2,2,2,1,2,3",
        "overOdds": "+120",
        "underOdds": "-160",
        "overUnder": "+120 / -160"
    },
    {
        "player": "Tyson Foerster",
        "team": "PHI",
        "opponent": "DET",
        "propType": "sog",
        "line": 1.5,
        "ppLine": "PP1",
        "avg": 1.71,
        "hit": false,
        "diffAvg": 0.14,
        "diffAbs": 1.0,
        "lastAvg": 0,
        "diff": 0,
        "avgMin": 16,
        "proj": 0.0,
        "lastAvgMin": 0,
        "oppOver": 0,
        "teamOver": 0,
        "gameLine": "-130",
        "+/-": "+1",
        "L5_+/-": "+1.0",
        "prevMatchup": "",
        "winLossSplits": "1.25 - 1.96",
        "awayHome": "H",
        "playedYesterday": "N",
        "awayHomeSplits": "1.0 - 2.0",
        "savesAboveExp": -1.293,
        "gsaa": -7.14,
        "corsi": "46.5% (53.7) // 46.0% (52.2) // 41.0% (46.9) // 43.1% (49.4)",
        "fenwick": "47.5% (40.0) // 47.4% (40.2) // 42.2% (36.7) // 43.1% (37.4)",
        "shots": "48.2% (29.0) // 47.6% (29.0) // 44.7% (27.6) // 46.0% (27.8)",
        "scoring": "44.7% (25.5) // 46.2% (26.2) // 44.1% (25.4) // 43.1% (25.4)",
        "corsiAgainst": "53.5% (61.7) // 54.0% (61.4) // 59.0% (67.5) // 56.9% (65.3)",
        "fenwickAgainst": "52.5% (44.3) // 52.6% (44.6) // 57.8% (50.1) // 56.9% (49.4)",
        "shotsAgainst": "51.8% (31.2) // 52.4% (32.0) // 55.3% (34.2) // 54.0% (32.6)",
        "scoringAgainst": "55.3% (31.5) // 53.8% (30.6) // 55.9% (32.3) // 56.9% (33.6)",
        "oppCorsi": "47.4% (52.3) // 49.9% (53.1) // 54.3% (52.9) // 53.7% (51.6)",
        "oppFenwick": "48.1% (39.2) // 51.1% (40.1) // 54.0% (39.4) // 53.6% (38.3)",
        "oppShots": "48.6% (28.4) // 51.6% (28.8) // 55.3% (27.9) // 53.7% (25.9)",
        "oppScoring": "46.2% (25.7) // 47.6% (26.0) // 53.3% (24.0) // 52.5% (23.7)",
        "oppCorsiAgainst": "52.6% (58.0) // 50.1% (53.3) // 45.7% (44.6) // 46.3% (44.4)",
        "oppFenwickAgainst": "51.9% (42.4) // 48.9% (38.3) // 46.0% (33.6) // 46.4% (33.1)",
        "oppShotsAgainst": "51.4% (30.0) // 48.4% (27.0) // 44.7% (22.5) // 46.3% (22.4)",
        "oppScoringAgainst": "53.8% (30.0) // 52.4% (28.6) // 46.7% (21.1) // 47.5% (21.4)",
        "savesPerGame": 28.2,
        "savesPerGameLast1": 20.0,
        "savesPerGameLast3": 30.0,
        "savesPerGameLast5": 30.8,
        "savesPer60": 28.0,
        "savesPer60Last1": 21.7,
        "savesPer60Last3": 30.9,
        "savesPer60Last5": 31.2,
        "shotsPerGame": 29.3,
        "shotsPerGameLast5": 28.6,
        "shotsAgainstPerGame": 31.5,
        "shotsAgainstPerGameLast5": 34.6,
        "oppSavesAgainstPer60": 25.9,
        "oppSavesAgainstPer60Last1": 26.2,
        "oppSavesAgainstPer60Last3": 25.4,
        "oppSavesAgainstPer60Last5": 27.6,
        "oppShotsAgainstPerGame": 30.4,
        "oppShotsAgainstPerGameLast5": 21.6,
        "savesProj": 26.6,
        "savesProjLast5": 30.7,
        "savesProjLast3": 27.7,
        "oppSavesAgainstProj": 25.4,
        "oppSavesAgainstProjLast5": 28.0,
        "oppSavesAgainstProjLast3": 24.0,
        "totalOver": 57,
        "totalOverLast5": 60,
        "totalOverLast15": 57,
        "lastTotalOver": 0,
        "last5": "2,1,3,1,3,0,2",
        "overOdds": "-175",
        "underOdds": "+135",
        "overUnder": "-175 / +135"
    },
    {
        "player": "Brad Marchand",
        "team": "BOS",
        "opponent": "TB",
        "propType": "sog",
        "line": 2.5,
        "ppLine": "PP1",
        "avg": 2.54,
        "hit": false,
        "diffAvg": 0.02,
        "diffAbs": 0.16,
        "lastAvg": 3.14,
        "diff": 0.26,
        "avgMin": 18,
        "proj": 2.9,
        "lastAvgMin": 19.25,
        "oppOver": 0,
        "teamOver": 0,
        "gameLine": "-170",
        "+/-": "+26",
        "L5_+/-": "+1.0",
        "prevMatchup": "2023-01-26 4.0 sog, 2022-11-29 3.0 sog, 2022-11-21 5.0 sog",
        "winLossSplits": "2.16 - 3.38",
        "awayHome": "H",
        "playedYesterday": "N",
        "awayHomeSplits": "2.85 - 2.2",
        "savesAboveExp": 0.522,
        "gsaa": 15.06,
        "corsi": "51.2% (57.8) // 51.9% (57.5) // 45.6% (51.8) // 43.9% (48.3)",
        "fenwick": "51.6% (43.6) // 50.3% (42.6) // 45.2% (40.0) // 42.5% (37.0)",
        "shots": "52.4% (32.4) // 50.7% (30.8) // 46.4% (28.6) // 45.2% (27.0)",
        "scoring": "52.9% (32.1) // 55.2% (34.0) // 49.2% (30.8) // 50.5% (32.0)",
        "corsiAgainst": "48.8% (55.0) // 48.1% (53.4) // 54.4% (61.8) // 56.1% (61.7)",
        "fenwickAgainst": "48.4% (41.0) // 49.7% (42.1) // 54.8% (48.4) // 57.5% (50.0)",
        "shotsAgainst": "47.6% (29.4) // 49.3% (29.9) // 53.6% (33.0) // 54.8% (32.7)",
        "scoringAgainst": "47.1% (28.7) // 44.8% (27.6) // 50.8% (31.8) // 49.5% (31.3)",
        "oppCorsi": "51.6% (59.7) // 55.2% (63.1) // 52.9% (61.0) // 51.9% (60.0)",
        "oppFenwick": "51.7% (44.9) // 53.7% (45.4) // 49.8% (42.1) // 47.8% (40.7)",
        "oppShots": "50.7% (31.7) // 54.6% (32.5) // 50.2% (29.7) // 47.8% (28.7)",
        "oppScoring": "53.3% (34.1) // 54.2% (32.2) // 48.9% (29.9) // 47.9% (30.3)",
        "oppCorsiAgainst": "48.4% (56.0) // 44.8% (51.3) // 47.1% (54.3) // 48.1% (55.7)",
        "oppFenwickAgainst": "48.3% (42.0) // 46.3% (39.2) // 50.2% (42.5) // 52.2% (44.3)",
        "oppShotsAgainst": "49.3% (30.8) // 45.4% (27.0) // 49.8% (29.5) // 52.2% (31.3)",
        "oppScoringAgainst": "46.7% (29.9) // 45.8% (27.1) // 51.1% (31.3) // 52.1% (33.0)",
        "savesPerGame": 27.6,
        "savesPerGameLast1": 29.0,
        "savesPerGameLast3": 31.7,
        "savesPerGameLast5": 32.0,
        "savesPer60": 27.8,
        "savesPer60Last1": 29.0,
        "savesPer60Last3": 31.6,
        "savesPer60Last5": 31.9,
        "shotsPerGame": 32.8,
        "shotsPerGameLast5": 28.6,
        "shotsAgainstPerGame": 29.7,
        "shotsAgainstPerGameLast5": 33.0,
        "oppSavesAgainstPer60": 28.7,
        "oppSavesAgainstPer60Last1": 26.9,
        "oppSavesAgainstPer60Last3": 27.1,
        "oppSavesAgainstPer60Last5": 27.3,
        "oppShotsAgainstPerGame": 31.1,
        "oppShotsAgainstPerGameLast5": 30.0,
        "savesProj": 28.3,
        "savesProjLast5": 31.1,
        "savesProjLast3": 30.0,
        "oppSavesAgainstProj": 27.9,
        "oppSavesAgainstProjLast5": 31.3,
        "oppSavesAgainstProjLast3": 30.8,
        "totalOver": 43,
        "totalOverLast5": 0,
        "totalOverLast15": 20,
        "lastTotalOver": 61,
        "last5": "1,2,0,1,1,6,4,0,3,2",
        "overOdds": "+110",
        "underOdds": "-150",
        "overUnder": "+110 / -150"
    },
    {
        "player": "Brandon Hagel",
        "team": "TB",
        "opponent": "BOS",
        "propType": "sog",
        "line": 2.5,
        "ppLine": "PP2",
        "avg": 2.16,
        "hit": false,
        "diffAvg": -0.14,
        "diffAbs": 0.44,
        "lastAvg": 1.25,
        "diff": -0.5,
        "avgMin": 18,
        "proj": 1.4,
        "lastAvgMin": 16.35,
        "oppOver": 0,
        "teamOver": 0,
        "gameLine": "+145",
        "+/-": "+18",
        "L5_+/-": "+8.0",
        "prevMatchup": "2023-01-26 4.0 sog, 2022-11-29 1.0 sog, 2022-11-21 2.0 sog",
        "winLossSplits": "2.3 - 1.69",
        "awayHome": "A",
        "playedYesterday": "N",
        "awayHomeSplits": "2.0 - 2.32",
        "savesAboveExp": 0.892,
        "gsaa": 41.96,
        "corsi": "51.6% (59.7) // 55.2% (63.1) // 52.9% (61.0) // 51.9% (60.0)",
        "fenwick": "51.7% (44.9) // 53.7% (45.4) // 49.8% (42.1) // 47.8% (40.7)",
        "shots": "50.7% (31.7) // 54.6% (32.5) // 50.2% (29.7) // 47.8% (28.7)",
        "scoring": "53.3% (34.1) // 54.2% (32.2) // 48.9% (29.9) // 47.9% (30.3)",
        "corsiAgainst": "48.4% (56.0) // 44.8% (51.3) // 47.1% (54.3) // 48.1% (55.7)",
        "fenwickAgainst": "48.3% (42.0) // 46.3% (39.2) // 50.2% (42.5) // 52.2% (44.3)",
        "shotsAgainst": "49.3% (30.8) // 45.4% (27.0) // 49.8% (29.5) // 52.2% (31.3)",
        "scoringAgainst": "46.7% (29.9) // 45.8% (27.1) // 51.1% (31.3) // 52.1% (33.0)",
        "oppCorsi": "51.2% (57.8) // 51.9% (57.5) // 45.6% (51.8) // 43.9% (48.3)",
        "oppFenwick": "51.6% (43.6) // 50.3% (42.6) // 45.2% (40.0) // 42.5% (37.0)",
        "oppShots": "52.4% (32.4) // 50.7% (30.8) // 46.4% (28.6) // 45.2% (27.0)",
        "oppScoring": "52.9% (32.1) // 55.2% (34.0) // 49.2% (30.8) // 50.5% (32.0)",
        "oppCorsiAgainst": "48.8% (55.0) // 48.1% (53.4) // 54.4% (61.8) // 56.1% (61.7)",
        "oppFenwickAgainst": "48.4% (41.0) // 49.7% (42.1) // 54.8% (48.4) // 57.5% (50.0)",
        "oppShotsAgainst": "47.6% (29.4) // 49.3% (29.9) // 53.6% (33.0) // 54.8% (32.7)",
        "oppScoringAgainst": "47.1% (28.7) // 44.8% (27.6) // 50.8% (31.8) // 49.5% (31.3)",
        "savesPerGame": 28.0,
        "savesPerGameLast1": 28.0,
        "savesPerGameLast3": 26.3,
        "savesPerGameLast5": 25.8,
        "savesPer60": 28.1,
        "savesPer60Last1": 27.9,
        "savesPer60Last3": 26.0,
        "savesPer60Last5": 26.0,
        "shotsPerGame": 32.1,
        "shotsPerGameLast5": 30.2,
        "shotsAgainstPerGame": 31.1,
        "shotsAgainstPerGameLast5": 30.0,
        "oppSavesAgainstPer60": 28.9,
        "oppSavesAgainstPer60Last1": 17.0,
        "oppSavesAgainstPer60Last3": 23.3,
        "oppSavesAgainstPer60Last5": 24.7,
        "oppShotsAgainstPerGame": 29.7,
        "oppShotsAgainstPerGameLast5": 33.0,
        "savesProj": 29.3,
        "savesProjLast5": 22.8,
        "savesProjLast3": 21.2,
        "oppSavesAgainstProj": 28.6,
        "oppSavesAgainstProjLast5": 22.0,
        "oppSavesAgainstProjLast3": 21.0,
        "totalOver": 37,
        "totalOverLast5": 60,
        "totalOverLast15": 33,
        "lastTotalOver": 28,
        "last5": "3,4,1,7,2,2,2,3,1,1",
        "overOdds": "+140",
        "underOdds": "-180",
        "overUnder": "+140 / -180"
    },
    {
        "player": "Brayden Point",
        "team": "TB",
        "opponent": "BOS",
        "propType": "sog",
        "line": 2.5,
        "ppLine": "PP1",
        "avg": 2.88,
        "hit": false,
        "diffAvg": 0.15,
        "diffAbs": 0.08,
        "lastAvg": 2.35,
        "diff": -0.06,
        "avgMin": 19,
        "proj": 2.3,
        "lastAvgMin": 19.45,
        "oppOver": 0,
        "teamOver": 0,
        "gameLine": "+145",
        "+/-": 0,
        "L5_+/-": "+2.0",
        "prevMatchup": "2023-01-26 2.0 sog, 2022-11-29 3.0 sog, 2022-11-21 2.0 sog",
        "winLossSplits": "2.71 - 2.98",
        "awayHome": "A",
        "playedYesterday": "N",
        "awayHomeSplits": "2.69 - 3.05",
        "savesAboveExp": 0.892,
        "gsaa": 41.96,
        "corsi": "51.6% (59.7) // 55.2% (63.1) // 52.9% (61.0) // 51.9% (60.0)",
        "fenwick": "51.7% (44.9) // 53.7% (45.4) // 49.8% (42.1) // 47.8% (40.7)",
        "shots": "50.7% (31.7) // 54.6% (32.5) // 50.2% (29.7) // 47.8% (28.7)",
        "scoring": "53.3% (34.1) // 54.2% (32.2) // 48.9% (29.9) // 47.9% (30.3)",
        "corsiAgainst": "48.4% (56.0) // 44.8% (51.3) // 47.1% (54.3) // 48.1% (55.7)",
        "fenwickAgainst": "48.3% (42.0) // 46.3% (39.2) // 50.2% (42.5) // 52.2% (44.3)",
        "shotsAgainst": "49.3% (30.8) // 45.4% (27.0) // 49.8% (29.5) // 52.2% (31.3)",
        "scoringAgainst": "46.7% (29.9) // 45.8% (27.1) // 51.1% (31.3) // 52.1% (33.0)",
        "oppCorsi": "51.2% (57.8) // 51.9% (57.5) // 45.6% (51.8) // 43.9% (48.3)",
        "oppFenwick": "51.6% (43.6) // 50.3% (42.6) // 45.2% (40.0) // 42.5% (37.0)",
        "oppShots": "52.4% (32.4) // 50.7% (30.8) // 46.4% (28.6) // 45.2% (27.0)",
        "oppScoring": "52.9% (32.1) // 55.2% (34.0) // 49.2% (30.8) // 50.5% (32.0)",
        "oppCorsiAgainst": "48.8% (55.0) // 48.1% (53.4) // 54.4% (61.8) // 56.1% (61.7)",
        "oppFenwickAgainst": "48.4% (41.0) // 49.7% (42.1) // 54.8% (48.4) // 57.5% (50.0)",
        "oppShotsAgainst": "47.6% (29.4) // 49.3% (29.9) // 53.6% (33.0) // 54.8% (32.7)",
        "oppScoringAgainst": "47.1% (28.7) // 44.8% (27.6) // 50.8% (31.8) // 49.5% (31.3)",
        "savesPerGame": 28.0,
        "savesPerGameLast1": 28.0,
        "savesPerGameLast3": 26.3,
        "savesPerGameLast5": 25.8,
        "savesPer60": 28.1,
        "savesPer60Last1": 27.9,
        "savesPer60Last3": 26.0,
        "savesPer60Last5": 26.0,
        "shotsPerGame": 32.1,
        "shotsPerGameLast5": 30.2,
        "shotsAgainstPerGame": 31.1,
        "shotsAgainstPerGameLast5": 30.0,
        "oppSavesAgainstPer60": 28.9,
        "oppSavesAgainstPer60Last1": 17.0,
        "oppSavesAgainstPer60Last3": 23.3,
        "oppSavesAgainstPer60Last5": 24.7,
        "oppShotsAgainstPerGame": 29.7,
        "oppShotsAgainstPerGameLast5": 33.0,
        "savesProj": 29.3,
        "savesProjLast5": 22.8,
        "savesProjLast3": 21.2,
        "oppSavesAgainstProj": 28.6,
        "oppSavesAgainstProjLast5": 22.0,
        "oppSavesAgainstProjLast3": 21.0,
        "totalOver": 52,
        "totalOverLast5": 20,
        "totalOverLast15": 33,
        "lastTotalOver": 43,
        "last5": "2,4,2,0,0,1,0,6,5,0",
        "overOdds": "-110",
        "underOdds": "-130",
        "overUnder": "-110 / -130"
    },
    {
        "player": "David Pastrnak",
        "team": "BOS",
        "opponent": "TB",
        "propType": "sog",
        "line": 4.5,
        "ppLine": "PP1",
        "avg": 4.76,
        "hit": false,
        "diffAvg": 0.06,
        "diffAbs": 0.11,
        "lastAvg": 3.95,
        "diff": -0.12,
        "avgMin": 19,
        "proj": 4.0,
        "lastAvgMin": 18.6,
        "oppOver": 0,
        "teamOver": 0,
        "gameLine": "-170",
        "+/-": "+32",
        "L5_+/-": "+3.0",
        "prevMatchup": "2023-01-26 6.0 sog, 2022-11-29 3.0 sog, 2022-11-21 5.0 sog",
        "winLossSplits": "4.72 - 4.29",
        "awayHome": "H",
        "playedYesterday": "N",
        "awayHomeSplits": "4.61 - 4.91",
        "savesAboveExp": 0.522,
        "gsaa": 15.06,
