[
    {
        "player": "Joel Eriksson Ek",
        "team": "MIN",
        "opponent": "PHI",
        "propType": "g",
        "line": 0.5,
        "ppLine": "PP1",
        "avg": 0.32,
        "hit": false,
        "diffAvg": -0.36,
        "diffAbs": 0.4,
        "lastAvg": 0.31,
        "diff": -0.38,
        "avgMin": 19,
        "proj": 0.3,
        "lastAvgMin": 18.57,
        "oppOver": 0,
        "teamOver": 0,
        "gameLine": "-155",
        "+/-": -2,
        "L5_+/-": "+5.0",
        "prevMatchup": "2023-01-26 0.0 g",
        "winLossSplits": "0.3 - 0.36",
        "awayHome": "A",
        "playedYesterday": "N",
        "awayHomeSplits": "0.37 - 0.28",
        "savesAboveExp": 0.493,
        "gsaa": 5.7,
        "corsi": "50.4% (57.9) // 49.0% (57.5) // 48.5% (57.6) // 48.5% (59.4)",
        "fenwick": "51.4% (43.7) // 50.9% (45.2) // 49.0% (46.5) // 49.0% (47.4)",
        "shots": "50.6% (30.9) // 48.9% (32.2) // 46.1% (33.1) // 45.0% (32.4)",
        "scoring": "51.1% (28.6) // 50.8% (29.4) // 49.6% (27.9) // 50.0% (28.9)",
        "corsiAgainst": "49.6% (57.0) // 51.0% (60.0) // 51.5% (61.2) // 51.5% (62.9)",
        "fenwickAgainst": "48.6% (41.4) // 49.1% (43.7) // 51.0% (48.5) // 51.0% (49.3)",
        "shotsAgainst": "49.4% (30.1) // 51.1% (33.7) // 53.9% (38.7) // 55.0% (39.6)",
        "scoringAgainst": "48.9% (27.3) // 49.2% (28.4) // 50.4% (28.4) // 50.0% (28.9)",
        "oppCorsi": "46.4% (53.6) // 45.0% (51.6) // 41.9% (48.9) // 36.4% (42.6)",
        "oppFenwick": "47.4% (40.0) // 46.4% (39.9) // 43.0% (38.4) // 38.8% (34.6)",
        "oppShots": "48.1% (29.0) // 45.7% (28.2) // 42.2% (27.2) // 40.5% (26.3)",
        "oppScoring": "44.6% (25.5) // 44.9% (26.1) // 44.6% (27.7) // 41.5% (25.3)",
        "oppCorsiAgainst": "53.6% (61.9) // 55.0% (63.0) // 58.1% (67.9) // 63.6% (74.5)",
        "oppFenwickAgainst": "52.6% (44.4) // 53.6% (46.1) // 57.0% (50.9) // 61.2% (54.5)",
        "oppShotsAgainst": "51.9% (31.3) // 54.3% (33.4) // 57.8% (37.2) // 59.5% (38.6)",
        "oppScoringAgainst": "55.4% (31.7) // 55.1% (31.9) // 55.4% (34.4) // 58.5% (35.6)",
        "savesPerGame": 28.1,
        "savesPerGameLast1": 47.0,
        "savesPerGameLast3": 37.7,
        "savesPerGameLast5": 32.4,
        "savesPer60": 28.3,
        "savesPer60Last1": 50.9,
        "savesPer60Last3": 38.2,
        "savesPer60Last5": 33.1,
        "shotsPerGame": 31.5,
        "shotsPerGameLast5": 33.8,
        "shotsAgainstPerGame": 30.7,
        "shotsAgainstPerGameLast5": 36.2,
        "oppSavesAgainstPer60": 26.6,
        "oppSavesAgainstPer60Last1": 17.9,
        "oppSavesAgainstPer60Last3": 21.3,
        "oppSavesAgainstPer60Last5": 24.8,
        "oppShotsAgainstPerGame": 31.6,
        "oppShotsAgainstPerGameLast5": 36.2,
        "savesProj": 26.9,
        "savesProjLast5": 28.8,
        "savesProjLast3": 29.1,
        "oppSavesAgainstProj": 26.8,
        "oppSavesAgainstProjLast5": 28.7,
        "oppSavesAgainstProjLast3": 27.0,
        "totalOver": 30,
        "totalOverLast5": 20,
        "lastTotalOver": 27,
        "last5": "0,0,0,1,0,0,0,0,1,0",
        "overOdds": "+165",
        "underOdds": "0",
        "overUnder": "+165 / 0"
    },
    {
        "player": "Kevin Hayes",
        "team": "PHI",
        "opponent": "MIN",
        "propType": "g",
        "line": 0.5,
        "ppLine": "PP2",
        "avg": 0.25,
        "hit": false,
        "diffAvg": -0.5,
        "diffAbs": 0.6,
        "lastAvg": 0.21,
        "diff": -0.58,
        "avgMin": 17,
        "proj": 0.2,
        "lastAvgMin": 17.92,
        "oppOver": 0,
        "teamOver": 0,
        "gameLine": "+135",
        "+/-": -16,
        "L5_+/-": 0.0,
        "prevMatchup": "2023-01-26 0.0 g",
        "winLossSplits": "0.34 - 0.17",
        "awayHome": "H",
        "playedYesterday": "N",
        "awayHomeSplits": "0.11 - 0.38",
        "savesAboveExp": 0.594,
        "gsaa": 26.53,
        "corsi": "46.4% (53.6) // 45.0% (51.6) // 41.9% (48.9) // 36.4% (42.6)",
        "fenwick": "47.4% (40.0) // 46.4% (39.9) // 43.0% (38.4) // 38.8% (34.6)",
        "shots": "48.1% (29.0) // 45.7% (28.2) // 42.2% (27.2) // 40.5% (26.3)",
        "scoring": "44.6% (25.5) // 44.9% (26.1) // 44.6% (27.7) // 41.5% (25.3)",
        "corsiAgainst": "53.6% (61.9) // 55.0% (63.0) // 58.1% (67.9) // 63.6% (74.5)",
        "fenwickAgainst": "52.6% (44.4) // 53.6% (46.1) // 57.0% (50.9) // 61.2% (54.5)",
        "shotsAgainst": "51.9% (31.3) // 54.3% (33.4) // 57.8% (37.2) // 59.5% (38.6)",
        "scoringAgainst": "55.4% (31.7) // 55.1% (31.9) // 55.4% (34.4) // 58.5% (35.6)",
        "oppCorsi": "50.4% (57.9) // 49.0% (57.5) // 48.5% (57.6) // 48.5% (59.4)",
        "oppFenwick": "51.4% (43.7) // 50.9% (45.2) // 49.0% (46.5) // 49.0% (47.4)",
        "oppShots": "50.6% (30.9) // 48.9% (32.2) // 46.1% (33.1) // 45.0% (32.4)",
        "oppScoring": "51.1% (28.6) // 50.8% (29.4) // 49.6% (27.9) // 50.0% (28.9)",
        "oppCorsiAgainst": "49.6% (57.0) // 51.0% (60.0) // 51.5% (61.2) // 51.5% (62.9)",
        "oppFenwickAgainst": "48.6% (41.4) // 49.1% (43.7) // 51.0% (48.5) // 51.0% (49.3)",
        "oppShotsAgainst": "49.4% (30.1) // 51.1% (33.7) // 53.9% (38.7) // 55.0% (39.6)",
        "oppScoringAgainst": "48.9% (27.3) // 49.2% (28.4) // 50.4% (28.4) // 50.0% (28.9)",
        "savesPerGame": 28.3,
        "savesPerGameLast1": 41.0,
        "savesPerGameLast3": 35.3,
        "savesPerGameLast5": 32.2,
        "savesPer60": 28.0,
        "savesPer60Last1": 41.0,
        "savesPer60Last3": 35.4,
        "savesPer60Last5": 31.9,
        "shotsPerGame": 29.3,
        "shotsPerGameLast5": 28.2,
        "shotsAgainstPerGame": 31.6,
        "shotsAgainstPerGameLast5": 36.2,
        "oppSavesAgainstPer60": 28.9,
        "oppSavesAgainstPer60Last1": 26.8,
        "oppSavesAgainstPer60Last3": 31.0,
        "oppSavesAgainstPer60Last5": 30.4,
        "oppShotsAgainstPerGame": 30.7,
        "oppShotsAgainstPerGameLast5": 36.2,
        "savesProj": 28.3,
        "savesProjLast5": 33.4,
        "savesProjLast3": 37.9,
        "oppSavesAgainstProj": 28.4,
        "oppSavesAgainstProjLast5": 31.9,
        "oppSavesAgainstProjLast3": 35.1,
        "totalOver": 19,
        "totalOverLast5": 0,
        "lastTotalOver": 19,
        "last5": "0,0,0,0,0,0,0,0,0,0",
        "overOdds": "+240",
        "underOdds": "0",
        "overUnder": "+240 / 0"
    },
    {
        "player": "Mats Zuccarello",
        "team": "MIN",
        "opponent": "PHI",
        "propType": "g",
        "line": 0.5,
        "ppLine": "PP1",
        "avg": 0.32,
        "hit": false,
        "diffAvg": -0.36,
        "diffAbs": 0.4,
        "lastAvg": 0.32,
        "diff": -0.36,
        "avgMin": 20,
        "proj": 0.3,
        "lastAvgMin": 18.58,
        "oppOver": 0,
        "teamOver": 0,
        "gameLine": "-155",
        "+/-": "+2",
        "L5_+/-": "+2.0",
        "prevMatchup": "2023-01-26 1.0 g",
        "winLossSplits": "0.39 - 0.23",
        "awayHome": "A",
        "playedYesterday": "N",
        "awayHomeSplits": "0.24 - 0.4",
        "savesAboveExp": 0.493,
        "gsaa": 5.7,
        "corsi": "50.4% (57.9) // 49.0% (57.5) // 48.5% (57.6) // 48.5% (59.4)",
        "fenwick": "51.4% (43.7) // 50.9% (45.2) // 49.0% (46.5) // 49.0% (47.4)",
        "shots": "50.6% (30.9) // 48.9% (32.2) // 46.1% (33.1) // 45.0% (32.4)",
        "scoring": "51.1% (28.6) // 50.8% (29.4) // 49.6% (27.9) // 50.0% (28.9)",
        "corsiAgainst": "49.6% (57.0) // 51.0% (60.0) // 51.5% (61.2) // 51.5% (62.9)",
        "fenwickAgainst": "48.6% (41.4) // 49.1% (43.7) // 51.0% (48.5) // 51.0% (49.3)",
        "shotsAgainst": "49.4% (30.1) // 51.1% (33.7) // 53.9% (38.7) // 55.0% (39.6)",
        "scoringAgainst": "48.9% (27.3) // 49.2% (28.4) // 50.4% (28.4) // 50.0% (28.9)",
        "oppCorsi": "46.4% (53.6) // 45.0% (51.6) // 41.9% (48.9) // 36.4% (42.6)",
        "oppFenwick": "47.4% (40.0) // 46.4% (39.9) // 43.0% (38.4) // 38.8% (34.6)",
        "oppShots": "48.1% (29.0) // 45.7% (28.2) // 42.2% (27.2) // 40.5% (26.3)",
        "oppScoring": "44.6% (25.5) // 44.9% (26.1) // 44.6% (27.7) // 41.5% (25.3)",
        "oppCorsiAgainst": "53.6% (61.9) // 55.0% (63.0) // 58.1% (67.9) // 63.6% (74.5)",
        "oppFenwickAgainst": "52.6% (44.4) // 53.6% (46.1) // 57.0% (50.9) // 61.2% (54.5)",
        "oppShotsAgainst": "51.9% (31.3) // 54.3% (33.4) // 57.8% (37.2) // 59.5% (38.6)",
        "oppScoringAgainst": "55.4% (31.7) // 55.1% (31.9) // 55.4% (34.4) // 58.5% (35.6)",
        "savesPerGame": 28.1,
        "savesPerGameLast1": 47.0,
        "savesPerGameLast3": 37.7,
        "savesPerGameLast5": 32.4,
        "savesPer60": 28.3,
        "savesPer60Last1": 50.9,
        "savesPer60Last3": 38.2,
        "savesPer60Last5": 33.1,
        "shotsPerGame": 31.5,
        "shotsPerGameLast5": 33.8,
        "shotsAgainstPerGame": 30.7,
        "shotsAgainstPerGameLast5": 36.2,
        "oppSavesAgainstPer60": 26.6,
        "oppSavesAgainstPer60Last1": 17.9,
        "oppSavesAgainstPer60Last3": 21.3,
        "oppSavesAgainstPer60Last5": 24.8,
        "oppShotsAgainstPerGame": 31.6,
        "oppShotsAgainstPerGameLast5": 36.2,
        "savesProj": 26.9,
        "savesProjLast5": 28.8,
        "savesProjLast3": 29.1,
        "oppSavesAgainstProj": 26.8,
        "oppSavesAgainstProjLast5": 28.7,
        "oppSavesAgainstProjLast3": 27.0,
        "totalOver": 28,
        "totalOverLast5": 20,
        "lastTotalOver": 26,
        "last5": "0,0,0,0,1,1,0,0,0,0",
        "overOdds": "+165",
        "underOdds": "0",
        "overUnder": "+165 / 0"
    },
    {
        "player": "Matthew Boldy",
        "team": "MIN",
        "opponent": "PHI",
        "propType": "g",
        "line": 0.5,
        "ppLine": "PP1",
        "avg": 0.32,
        "hit": false,
        "diffAvg": -0.36,
        "diffAbs": 0.4,
        "lastAvg": 0.28,
        "diff": -0.44,
        "avgMin": 18,
        "proj": 0.3,
        "lastAvgMin": 15.38,
        "oppOver": 0,
        "teamOver": 0,
        "gameLine": "-155",
        "+/-": -1,
        "L5_+/-": "+8.0",
        "prevMatchup": "2023-01-26 2.0 g",
        "winLossSplits": "0.39 - 0.23",
        "awayHome": "A",
        "playedYesterday": "N",
        "awayHomeSplits": "0.31 - 0.33",
        "savesAboveExp": 0.493,
        "gsaa": 5.7,
        "corsi": "50.4% (57.9) // 49.0% (57.5) // 48.5% (57.6) // 48.5% (59.4)",
        "fenwick": "51.4% (43.7) // 50.9% (45.2) // 49.0% (46.5) // 49.0% (47.4)",
        "shots": "50.6% (30.9) // 48.9% (32.2) // 46.1% (33.1) // 45.0% (32.4)",
        "scoring": "51.1% (28.6) // 50.8% (29.4) // 49.6% (27.9) // 50.0% (28.9)",
        "corsiAgainst": "49.6% (57.0) // 51.0% (60.0) // 51.5% (61.2) // 51.5% (62.9)",
        "fenwickAgainst": "48.6% (41.4) // 49.1% (43.7) // 51.0% (48.5) // 51.0% (49.3)",
        "shotsAgainst": "49.4% (30.1) // 51.1% (33.7) // 53.9% (38.7) // 55.0% (39.6)",
        "scoringAgainst": "48.9% (27.3) // 49.2% (28.4) // 50.4% (28.4) // 50.0% (28.9)",
        "oppCorsi": "46.4% (53.6) // 45.0% (51.6) // 41.9% (48.9) // 36.4% (42.6)",
        "oppFenwick": "47.4% (40.0) // 46.4% (39.9) // 43.0% (38.4) // 38.8% (34.6)",
        "oppShots": "48.1% (29.0) // 45.7% (28.2) // 42.2% (27.2) // 40.5% (26.3)",
        "oppScoring": "44.6% (25.5) // 44.9% (26.1) // 44.6% (27.7) // 41.5% (25.3)",
        "oppCorsiAgainst": "53.6% (61.9) // 55.0% (63.0) // 58.1% (67.9) // 63.6% (74.5)",
        "oppFenwickAgainst": "52.6% (44.4) // 53.6% (46.1) // 57.0% (50.9) // 61.2% (54.5)",
        "oppShotsAgainst": "51.9% (31.3) // 54.3% (33.4) // 57.8% (37.2) // 59.5% (38.6)",
        "oppScoringAgainst": "55.4% (31.7) // 55.1% (31.9) // 55.4% (34.4) // 58.5% (35.6)",
        "savesPerGame": 28.1,
        "savesPerGameLast1": 47.0,
        "savesPerGameLast3": 37.7,
        "savesPerGameLast5": 32.4,
        "savesPer60": 28.3,
        "savesPer60Last1": 50.9,
        "savesPer60Last3": 38.2,
        "savesPer60Last5": 33.1,
        "shotsPerGame": 31.5,
        "shotsPerGameLast5": 33.8,
        "shotsAgainstPerGame": 30.7,
        "shotsAgainstPerGameLast5": 36.2,
        "oppSavesAgainstPer60": 26.6,
        "oppSavesAgainstPer60Last1": 17.9,
        "oppSavesAgainstPer60Last3": 21.3,
        "oppSavesAgainstPer60Last5": 24.8,
        "oppShotsAgainstPerGame": 31.6,
        "oppShotsAgainstPerGameLast5": 36.2,
        "savesProj": 26.9,
        "savesProjLast5": 28.8,
        "savesProjLast3": 29.1,
        "oppSavesAgainstProj": 26.8,
        "oppSavesAgainstProjLast5": 28.7,
        "oppSavesAgainstProjLast3": 27.0,
        "totalOver": 25,
        "totalOverLast5": 60,
        "lastTotalOver": 25,
        "last5": "1,3,0,0,1,1,0,0,1,0",
        "overOdds": "+190",
        "underOdds": "0",
        "overUnder": "+190 / 0"
    },
    {
        "player": "Morgan Frost",
        "team": "PHI",
        "opponent": "MIN",
        "propType": "g",
        "line": 0.5,
        "ppLine": "PP2",
        "avg": 0.2,
        "hit": false,
        "diffAvg": -0.6,
        "diffAbs": 0.8,
        "lastAvg": 0.09,
        "diff": -0.82,
        "avgMin": 16,
        "proj": 0.1,
        "lastAvgMin": 13.92,
        "oppOver": 0,
        "teamOver": 0,
        "gameLine": "+135",
        "+/-": -13,
        "L5_+/-": -3.0,
        "prevMatchup": "2023-01-26 0.0 g",
        "winLossSplits": "0.23 - 0.16",
        "awayHome": "H",
        "playedYesterday": "N",
        "awayHomeSplits": "0.18 - 0.23",
        "savesAboveExp": 0.594,
        "gsaa": 26.53,
        "corsi": "46.4% (53.6) // 45.0% (51.6) // 41.9% (48.9) // 36.4% (42.6)",
        "fenwick": "47.4% (40.0) // 46.4% (39.9) // 43.0% (38.4) // 38.8% (34.6)",
        "shots": "48.1% (29.0) // 45.7% (28.2) // 42.2% (27.2) // 40.5% (26.3)",
        "scoring": "44.6% (25.5) // 44.9% (26.1) // 44.6% (27.7) // 41.5% (25.3)",
        "corsiAgainst": "53.6% (61.9) // 55.0% (63.0) // 58.1% (67.9) // 63.6% (74.5)",
        "fenwickAgainst": "52.6% (44.4) // 53.6% (46.1) // 57.0% (50.9) // 61.2% (54.5)",
        "shotsAgainst": "51.9% (31.3) // 54.3% (33.4) // 57.8% (37.2) // 59.5% (38.6)",
        "scoringAgainst": "55.4% (31.7) // 55.1% (31.9) // 55.4% (34.4) // 58.5% (35.6)",
        "oppCorsi": "50.4% (57.9) // 49.0% (57.5) // 48.5% (57.6) // 48.5% (59.4)",
        "oppFenwick": "51.4% (43.7) // 50.9% (45.2) // 49.0% (46.5) // 49.0% (47.4)",
        "oppShots": "50.6% (30.9) // 48.9% (32.2) // 46.1% (33.1) // 45.0% (32.4)",
        "oppScoring": "51.1% (28.6) // 50.8% (29.4) // 49.6% (27.9) // 50.0% (28.9)",
        "oppCorsiAgainst": "49.6% (57.0) // 51.0% (60.0) // 51.5% (61.2) // 51.5% (62.9)",
        "oppFenwickAgainst": "48.6% (41.4) // 49.1% (43.7) // 51.0% (48.5) // 51.0% (49.3)",
        "oppShotsAgainst": "49.4% (30.1) // 51.1% (33.7) // 53.9% (38.7) // 55.0% (39.6)",
        "oppScoringAgainst": "48.9% (27.3) // 49.2% (28.4) // 50.4% (28.4) // 50.0% (28.9)",
        "savesPerGame": 28.3,
        "savesPerGameLast1": 41.0,
        "savesPerGameLast3": 35.3,
        "savesPerGameLast5": 32.2,
        "savesPer60": 28.0,
        "savesPer60Last1": 41.0,
        "savesPer60Last3": 35.4,
        "savesPer60Last5": 31.9,
        "shotsPerGame": 29.3,
        "shotsPerGameLast5": 28.2,
        "shotsAgainstPerGame": 31.6,
        "shotsAgainstPerGameLast5": 36.2,
        "oppSavesAgainstPer60": 28.9,
        "oppSavesAgainstPer60Last1": 26.8,
        "oppSavesAgainstPer60Last3": 31.0,
        "oppSavesAgainstPer60Last5": 30.4,
        "oppShotsAgainstPerGame": 30.7,
        "oppShotsAgainstPerGameLast5": 36.2,
        "savesProj": 28.3,
        "savesProjLast5": 33.4,
        "savesProjLast3": 37.9,
        "oppSavesAgainstProj": 28.4,
        "oppSavesAgainstProjLast5": 31.9,
        "oppSavesAgainstProjLast3": 35.1,
        "totalOver": 19,
        "totalOverLast5": 40,
        "lastTotalOver": 9,
        "last5": "1,0,0,1,0,0,1,0,0,0",
        "overOdds": "+300",
        "underOdds": "0",
        "overUnder": "+300 / 0"
    },
    {
        "player": "Owen Tippett",
        "team": "PHI",
        "opponent": "MIN",
        "propType": "g",
        "line": 0.5,
        "ppLine": "PP1",
        "avg": 0.32,
        "hit": false,
        "diffAvg": -0.36,
        "diffAbs": 0.6,
        "lastAvg": 0.16,
        "diff": -0.68,
        "avgMin": 16,
        "proj": 0.2,
        "lastAvgMin": 13.42,
        "oppOver": 0,
        "teamOver": 0,
        "gameLine": "+135",
        "+/-": -12,
        "L5_+/-": 0.0,
        "prevMatchup": "2023-01-26 0.0 g",
        "winLossSplits": "0.51 - 0.2",
        "awayHome": "H",
        "playedYesterday": "N",
        "awayHomeSplits": "0.28 - 0.36",
        "savesAboveExp": 0.594,
        "gsaa": 26.53,
        "corsi": "46.4% (53.6) // 45.0% (51.6) // 41.9% (48.9) // 36.4% (42.6)",
        "fenwick": "47.4% (40.0) // 46.4% (39.9) // 43.0% (38.4) // 38.8% (34.6)",
        "shots": "48.1% (29.0) // 45.7% (28.2) // 42.2% (27.2) // 40.5% (26.3)",
        "scoring": "44.6% (25.5) // 44.9% (26.1) // 44.6% (27.7) // 41.5% (25.3)",
        "corsiAgainst": "53.6% (61.9) // 55.0% (63.0) // 58.1% (67.9) // 63.6% (74.5)",
        "fenwickAgainst": "52.6% (44.4) // 53.6% (46.1) // 57.0% (50.9) // 61.2% (54.5)",
        "shotsAgainst": "51.9% (31.3) // 54.3% (33.4) // 57.8% (37.2) // 59.5% (38.6)",
        "scoringAgainst": "55.4% (31.7) // 55.1% (31.9) // 55.4% (34.4) // 58.5% (35.6)",
        "oppCorsi": "50.4% (57.9) // 49.0% (57.5) // 48.5% (57.6) // 48.5% (59.4)",
        "oppFenwick": "51.4% (43.7) // 50.9% (45.2) // 49.0% (46.5) // 49.0% (47.4)",
        "oppShots": "50.6% (30.9) // 48.9% (32.2) // 46.1% (33.1) // 45.0% (32.4)",
        "oppScoring": "51.1% (28.6) // 50.8% (29.4) // 49.6% (27.9) // 50.0% (28.9)",
        "oppCorsiAgainst": "49.6% (57.0) // 51.0% (60.0) // 51.5% (61.2) // 51.5% (62.9)",
        "oppFenwickAgainst": "48.6% (41.4) // 49.1% (43.7) // 51.0% (48.5) // 51.0% (49.3)",
        "oppShotsAgainst": "49.4% (30.1) // 51.1% (33.7) // 53.9% (38.7) // 55.0% (39.6)",
        "oppScoringAgainst": "48.9% (27.3) // 49.2% (28.4) // 50.4% (28.4) // 50.0% (28.9)",
        "savesPerGame": 28.3,
        "savesPerGameLast1": 41.0,
        "savesPerGameLast3": 35.3,
        "savesPerGameLast5": 32.2,
        "savesPer60": 28.0,
        "savesPer60Last1": 41.0,
        "savesPer60Last3": 35.4,
        "savesPer60Last5": 31.9,
        "shotsPerGame": 29.3,
        "shotsPerGameLast5": 28.2,
        "shotsAgainstPerGame": 31.6,
        "shotsAgainstPerGameLast5": 36.2,
        "oppSavesAgainstPer60": 28.9,
        "oppSavesAgainstPer60Last1": 26.8,
        "oppSavesAgainstPer60Last3": 31.0,
        "oppSavesAgainstPer60Last5": 30.4,
        "oppShotsAgainstPerGame": 30.7,
        "oppShotsAgainstPerGameLast5": 36.2,
        "savesProj": 28.3,
        "savesProjLast5": 33.4,
        "savesProjLast3": 37.9,
        "oppSavesAgainstProj": 28.4,
        "oppSavesAgainstProjLast5": 31.9,
        "oppSavesAgainstProjLast3": 35.1,
        "totalOver": 26,
        "totalOverLast5": 20,
        "lastTotalOver": 16,
        "last5": "0,0,3,0,0,0,0,0,1,0",
        "overOdds": "+160",
        "underOdds": "0",
        "overUnder": "+160 / 0"
    },
    {
        "player": "Ryan Hartman",
        "team": "MIN",
        "opponent": "PHI",
        "propType": "g",
        "line": 0.5,
        "ppLine": "PP1",
        "avg": 0.24,
        "hit": false,
        "diffAvg": -0.52,
        "diffAbs": 0.4,
        "lastAvg": 0.39,
        "diff": -0.22,
        "avgMin": 16,
        "proj": 0.3,
        "lastAvgMin": 18.17,
        "oppOver": 0,
        "teamOver": 0,
        "gameLine": "-155",
        "+/-": "+4",
        "L5_+/-": "+4.0",
        "prevMatchup": "",
        "winLossSplits": "0.43 - 0.05",
        "awayHome": "A",
        "playedYesterday": "N",
        "awayHomeSplits": "0.3 - 0.18",
        "savesAboveExp": 0.493,
        "gsaa": 5.7,
        "corsi": "50.4% (57.9) // 49.0% (57.5) // 48.5% (57.6) // 48.5% (59.4)",
        "fenwick": "51.4% (43.7) // 50.9% (45.2) // 49.0% (46.5) // 49.0% (47.4)",
        "shots": "50.6% (30.9) // 48.9% (32.2) // 46.1% (33.1) // 45.0% (32.4)",
        "scoring": "51.1% (28.6) // 50.8% (29.4) // 49.6% (27.9) // 50.0% (28.9)",
        "corsiAgainst": "49.6% (57.0) // 51.0% (60.0) // 51.5% (61.2) // 51.5% (62.9)",
        "fenwickAgainst": "48.6% (41.4) // 49.1% (43.7) // 51.0% (48.5) // 51.0% (49.3)",
        "shotsAgainst": "49.4% (30.1) // 51.1% (33.7) // 53.9% (38.7) // 55.0% (39.6)",
        "scoringAgainst": "48.9% (27.3) // 49.2% (28.4) // 50.4% (28.4) // 50.0% (28.9)",
        "oppCorsi": "46.4% (53.6) // 45.0% (51.6) // 41.9% (48.9) // 36.4% (42.6)",
        "oppFenwick": "47.4% (40.0) // 46.4% (39.9) // 43.0% (38.4) // 38.8% (34.6)",
        "oppShots": "48.1% (29.0) // 45.7% (28.2) // 42.2% (27.2) // 40.5% (26.3)",
        "oppScoring": "44.6% (25.5) // 44.9% (26.1) // 44.6% (27.7) // 41.5% (25.3)",
        "oppCorsiAgainst": "53.6% (61.9) // 55.0% (63.0) // 58.1% (67.9) // 63.6% (74.5)",
        "oppFenwickAgainst": "52.6% (44.4) // 53.6% (46.1) // 57.0% (50.9) // 61.2% (54.5)",
        "oppShotsAgainst": "51.9% (31.3) // 54.3% (33.4) // 57.8% (37.2) // 59.5% (38.6)",
        "oppScoringAgainst": "55.4% (31.7) // 55.1% (31.9) // 55.4% (34.4) // 58.5% (35.6)",
        "savesPerGame": 28.1,
        "savesPerGameLast1": 47.0,
        "savesPerGameLast3": 37.7,
        "savesPerGameLast5": 32.4,
        "savesPer60": 28.3,
        "savesPer60Last1": 50.9,
        "savesPer60Last3": 38.2,
        "savesPer60Last5": 33.1,
        "shotsPerGame": 31.5,
        "shotsPerGameLast5": 33.8,
        "shotsAgainstPerGame": 30.7,
        "shotsAgainstPerGameLast5": 36.2,
        "oppSavesAgainstPer60": 26.6,
        "oppSavesAgainstPer60Last1": 17.9,
        "oppSavesAgainstPer60Last3": 21.3,
        "oppSavesAgainstPer60Last5": 24.8,
        "oppShotsAgainstPerGame": 31.6,
        "oppShotsAgainstPerGameLast5": 36.2,
        "savesProj": 26.9,
        "savesProjLast5": 28.8,
        "savesProjLast3": 29.1,
        "oppSavesAgainstProj": 26.8,
        "oppSavesAgainstProjLast5": 28.7,
        "oppSavesAgainstProjLast3": 27.0,
        "totalOver": 18,
        "totalOverLast5": 20,
        "lastTotalOver": 37,
        "last5": "0,0,0,2,0,0,1,0,0,0",
        "overOdds": "+205",
        "underOdds": "0",
        "overUnder": "+205 / 0"
    },
    {
        "player": "Tony Deangelo",
        "team": "PHI",
        "opponent": "MIN",
        "propType": "g",
        "line": 0.5,
        "ppLine": "PP1",
        "avg": 0.16,
        "hit": false,
        "diffAvg": -0.68,
        "diffAbs": 0.8,
        "lastAvg": 0.13,
        "diff": -0.74,
        "avgMin": 22,
        "proj": 0.1,
        "lastAvgMin": 19.8,
        "oppOver": 0,
        "teamOver": 0,
        "gameLine": "+135",
        "+/-": -23,
        "L5_+/-": -1.0,
        "prevMatchup": "2023-01-26 1.0 g",
        "winLossSplits": "0.27 - 0.1",
        "awayHome": "H",
        "playedYesterday": "N",
        "awayHomeSplits": "0.24 - 0.09",
        "savesAboveExp": 0.594,
        "gsaa": 26.53,
        "corsi": "46.4% (53.6) // 45.0% (51.6) // 41.9% (48.9) // 36.4% (42.6)",
        "fenwick": "47.4% (40.0) // 46.4% (39.9) // 43.0% (38.4) // 38.8% (34.6)",
        "shots": "48.1% (29.0) // 45.7% (28.2) // 42.2% (27.2) // 40.5% (26.3)",
        "scoring": "44.6% (25.5) // 44.9% (26.1) // 44.6% (27.7) // 41.5% (25.3)",
        "corsiAgainst": "53.6% (61.9) // 55.0% (63.0) // 58.1% (67.9) // 63.6% (74.5)",
        "fenwickAgainst": "52.6% (44.4) // 53.6% (46.1) // 57.0% (50.9) // 61.2% (54.5)",
        "shotsAgainst": "51.9% (31.3) // 54.3% (33.4) // 57.8% (37.2) // 59.5% (38.6)",
        "scoringAgainst": "55.4% (31.7) // 55.1% (31.9) // 55.4% (34.4) // 58.5% (35.6)",
        "oppCorsi": "50.4% (57.9) // 49.0% (57.5) // 48.5% (57.6) // 48.5% (59.4)",
        "oppFenwick": "51.4% (43.7) // 50.9% (45.2) // 49.0% (46.5) // 49.0% (47.4)",
        "oppShots": "50.6% (30.9) // 48.9% (32.2) // 46.1% (33.1) // 45.0% (32.4)",
        "oppScoring": "51.1% (28.6) // 50.8% (29.4) // 49.6% (27.9) // 50.0% (28.9)",
        "oppCorsiAgainst": "49.6% (57.0) // 51.0% (60.0) // 51.5% (61.2) // 51.5% (62.9)",
        "oppFenwickAgainst": "48.6% (41.4) // 49.1% (43.7) // 51.0% (48.5) // 51.0% (49.3)",
        "oppShotsAgainst": "49.4% (30.1) // 51.1% (33.7) // 53.9% (38.7) // 55.0% (39.6)",
        "oppScoringAgainst": "48.9% (27.3) // 49.2% (28.4) // 50.4% (28.4) // 50.0% (28.9)",
        "savesPerGame": 28.3,
        "savesPerGameLast1": 41.0,
        "savesPerGameLast3": 35.3,
        "savesPerGameLast5": 32.2,
        "savesPer60": 28.0,
        "savesPer60Last1": 41.0,
        "savesPer60Last3": 35.4,
        "savesPer60Last5": 31.9,
        "shotsPerGame": 29.3,
        "shotsPerGameLast5": 28.2,
        "shotsAgainstPerGame": 31.6,
        "shotsAgainstPerGameLast5": 36.2,
        "oppSavesAgainstPer60": 28.9,
        "oppSavesAgainstPer60Last1": 26.8,
        "oppSavesAgainstPer60Last3": 31.0,
        "oppSavesAgainstPer60Last5": 30.4,
        "oppShotsAgainstPerGame": 30.7,
        "oppShotsAgainstPerGameLast5": 36.2,
        "savesProj": 28.3,
        "savesProjLast5": 33.4,
        "savesProjLast3": 37.9,
        "oppSavesAgainstProj": 28.4,
        "oppSavesAgainstProjLast5": 31.9,
        "oppSavesAgainstProjLast3": 35.1,
        "totalOver": 16,
        "totalOverLast5": 0,
        "lastTotalOver": 14,
        "last5": "0,0,0,0,0,0,0,0,0,0",
        "overOdds": "+400",
        "underOdds": "0",
        "overUnder": "+400 / 0"
    },
    {
        "player": "Frederick Gaudreau",
        "team": "MIN",
        "opponent": "PHI",
        "propType": "g",
        "line": 0.5,
        "ppLine": "PP2",
        "avg": 0.18,
        "hit": false,
        "diffAvg": -0.64,
        "diffAbs": 0.6,
        "lastAvg": 0.17,
        "diff": -0.66,
        "avgMin": 15,
        "proj": 0.2,
        "lastAvgMin": 16.3,
        "oppOver": 0,
        "teamOver": 0,
        "gameLine": "-155",
        "+/-": "+10",
        "L5_+/-": "+2.0",
        "prevMatchup": "2023-01-26 0.0 g",
        "winLossSplits": "0.26 - 0.05",
        "awayHome": "A",
        "playedYesterday": "N",
        "awayHomeSplits": "0.17 - 0.19",
        "savesAboveExp": 0.493,
        "gsaa": 5.7,
        "corsi": "50.4% (57.9) // 49.0% (57.5) // 48.5% (57.6) // 48.5% (59.4)",
        "fenwick": "51.4% (43.7) // 50.9% (45.2) // 49.0% (46.5) // 49.0% (47.4)",
        "shots": "50.6% (30.9) // 48.9% (32.2) // 46.1% (33.1) // 45.0% (32.4)",
        "scoring": "51.1% (28.6) // 50.8% (29.4) // 49.6% (27.9) // 50.0% (28.9)",
        "corsiAgainst": "49.6% (57.0) // 51.0% (60.0) // 51.5% (61.2) // 51.5% (62.9)",
        "fenwickAgainst": "48.6% (41.4) // 49.1% (43.7) // 51.0% (48.5) // 51.0% (49.3)",
        "shotsAgainst": "49.4% (30.1) // 51.1% (33.7) // 53.9% (38.7) // 55.0% (39.6)",
        "scoringAgainst": "48.9% (27.3) // 49.2% (28.4) // 50.4% (28.4) // 50.0% (28.9)",
        "oppCorsi": "46.4% (53.6) // 45.0% (51.6) // 41.9% (48.9) // 36.4% (42.6)",
        "oppFenwick": "47.4% (40.0) // 46.4% (39.9) // 43.0% (38.4) // 38.8% (34.6)",
        "oppShots": "48.1% (29.0) // 45.7% (28.2) // 42.2% (27.2) // 40.5% (26.3)",
        "oppScoring": "44.6% (25.5) // 44.9% (26.1) // 44.6% (27.7) // 41.5% (25.3)",
        "oppCorsiAgainst": "53.6% (61.9) // 55.0% (63.0) // 58.1% (67.9) // 63.6% (74.5)",
        "oppFenwickAgainst": "52.6% (44.4) // 53.6% (46.1) // 57.0% (50.9) // 61.2% (54.5)",
        "oppShotsAgainst": "51.9% (31.3) // 54.3% (33.4) // 57.8% (37.2) // 59.5% (38.6)",
        "oppScoringAgainst": "55.4% (31.7) // 55.1% (31.9) // 55.4% (34.4) // 58.5% (35.6)",
        "savesPerGame": 28.1,
        "savesPerGameLast1": 47.0,
        "savesPerGameLast3": 37.7,
        "savesPerGameLast5": 32.4,
        "savesPer60": 28.3,
        "savesPer60Last1": 50.9,
        "savesPer60Last3": 38.2,
        "savesPer60Last5": 33.1,
        "shotsPerGame": 31.5,
        "shotsPerGameLast5": 33.8,
        "shotsAgainstPerGame": 30.7,
        "shotsAgainstPerGameLast5": 36.2,
        "oppSavesAgainstPer60": 26.6,
        "oppSavesAgainstPer60Last1": 17.9,
        "oppSavesAgainstPer60Last3": 21.3,
        "oppSavesAgainstPer60Last5": 24.8,
        "oppShotsAgainstPerGame": 31.6,
        "oppShotsAgainstPerGameLast5": 36.2,
        "savesProj": 26.9,
        "savesProjLast5": 28.8,
        "savesProjLast3": 29.1,
        "oppSavesAgainstProj": 26.8,
        "oppSavesAgainstProjLast5": 28.7,
        "oppSavesAgainstProjLast3": 27.0,
        "totalOver": 17,
        "totalOverLast5": 0,
        "lastTotalOver": 17,
        "last5": "0,0,0,0,0,1,1,0,0,0",
        "overOdds": "+300",
        "underOdds": "0",
        "overUnder": "+300 / 0"
    },
    {
        "player": "Joel Farabee",
        "team": "PHI",
        "opponent": "MIN",
        "propType": "g",
        "line": 0.5,
        "ppLine": "PP2",
        "avg": 0.17,
        "hit": false,
        "diffAvg": -0.66,
        "diffAbs": 0.6,
        "lastAvg": 0.27,
        "diff": -0.46,
        "avgMin": 16,
        "proj": 0.2,
        "lastAvgMin": 17.58,
        "oppOver": 0,
        "teamOver": 0,
        "gameLine": "+135",
        "+/-": 0,
        "L5_+/-": "+1.0",
        "prevMatchup": "2023-01-26 0.0 g",
        "winLossSplits": "0.25 - 0.1",
        "awayHome": "H",
        "playedYesterday": "N",
        "awayHomeSplits": "0.17 - 0.17",
        "savesAboveExp": 0.594,
        "gsaa": 26.53,
        "corsi": "46.4% (53.6) // 45.0% (51.6) // 41.9% (48.9) // 36.4% (42.6)",
        "fenwick": "47.4% (40.0) // 46.4% (39.9) // 43.0% (38.4) // 38.8% (34.6)",
        "shots": "48.1% (29.0) // 45.7% (28.2) // 42.2% (27.2) // 40.5% (26.3)",
        "scoring": "44.6% (25.5) // 44.9% (26.1) // 44.6% (27.7) // 41.5% (25.3)",
        "corsiAgainst": "53.6% (61.9) // 55.0% (63.0) // 58.1% (67.9) // 63.6% (74.5)",
        "fenwickAgainst": "52.6% (44.4) // 53.6% (46.1) // 57.0% (50.9) // 61.2% (54.5)",
        "shotsAgainst": "51.9% (31.3) // 54.3% (33.4) // 57.8% (37.2) // 59.5% (38.6)",
        "scoringAgainst": "55.4% (31.7) // 55.1% (31.9) // 55.4% (34.4) // 58.5% (35.6)",
        "oppCorsi": "50.4% (57.9) // 49.0% (57.5) // 48.5% (57.6) // 48.5% (59.4)",
        "oppFenwick": "51.4% (43.7) // 50.9% (45.2) // 49.0% (46.5) // 49.0% (47.4)",
        "oppShots": "50.6% (30.9) // 48.9% (32.2) // 46.1% (33.1) // 45.0% (32.4)",
        "oppScoring": "51.1% (28.6) // 50.8% (29.4) // 49.6% (27.9) // 50.0% (28.9)",
        "oppCorsiAgainst": "49.6% (57.0) // 51.0% (60.0) // 51.5% (61.2) // 51.5% (62.9)",
        "oppFenwickAgainst": "48.6% (41.4) // 49.1% (43.7) // 51.0% (48.5) // 51.0% (49.3)",
        "oppShotsAgainst": "49.4% (30.1) // 51.1% (33.7) // 53.9% (38.7) // 55.0% (39.6)",
        "oppScoringAgainst": "48.9% (27.3) // 49.2% (28.4) // 50.4% (28.4) // 50.0% (28.9)",
        "savesPerGame": 28.3,
        "savesPerGameLast1": 41.0,
        "savesPerGameLast3": 35.3,
        "savesPerGameLast5": 32.2,
        "savesPer60": 28.0,
        "savesPer60Last1": 41.0,
        "savesPer60Last3": 35.4,
        "savesPer60Last5": 31.9,
        "shotsPerGame": 29.3,
        "shotsPerGameLast5": 28.2,
        "shotsAgainstPerGame": 31.6,
        "shotsAgainstPerGameLast5": 36.2,
        "oppSavesAgainstPer60": 28.9,
        "oppSavesAgainstPer60Last1": 26.8,
        "oppSavesAgainstPer60Last3": 31.0,
        "oppSavesAgainstPer60Last5": 30.4,
        "oppShotsAgainstPerGame": 30.7,
        "oppShotsAgainstPerGameLast5": 36.2,
        "savesProj": 28.3,
        "savesProjLast5": 33.4,
        "savesProjLast3": 37.9,
        "oppSavesAgainstProj": 28.4,
        "oppSavesAgainstProjLast5": 31.9,
        "oppSavesAgainstProjLast3": 35.1,
        "totalOver": 17,
        "totalOverLast5": 60,
        "lastTotalOver": 28,
        "last5": "1,1,1,0,0,0,0,0,0,0",
        "overOdds": "+300",
        "underOdds": "0",
        "overUnder": "+300 / 0"
    },
    {
        "player": "Marcus Johansson",
        "team": "MIN",
        "opponent": "PHI",
        "propType": "g",
        "line": 0.5,
        "ppLine": "PP2",
        "avg": 0.21,
        "hit": false,
        "diffAvg": -0.58,
        "diffAbs": 0.8,
        "lastAvg": 0.12,
        "diff": -0.76,
        "avgMin": 16,
        "proj": 0.1,
        "lastAvgMin": 16.12,
        "oppOver": 0,
        "teamOver": 0,
        "gameLine": "-155",
        "+/-": "+4",
        "L5_+/-": "+4.0",
        "prevMatchup": "2023-01-14 0.0 g, 2023-01-11 1.0 g, 2022-12-07 0.0 g, 2022-11-23 1.0 g",
        "winLossSplits": "0.25 - 0.19",
        "awayHome": "A",
        "playedYesterday": "N",
        "awayHomeSplits": "0.19 - 0.24",
        "savesAboveExp": 0.493,
        "gsaa": 5.7,
        "corsi": "50.4% (57.9) // 49.0% (57.5) // 48.5% (57.6) // 48.5% (59.4)",
        "fenwick": "51.4% (43.7) // 50.9% (45.2) // 49.0% (46.5) // 49.0% (47.4)",
        "shots": "50.6% (30.9) // 48.9% (32.2) // 46.1% (33.1) // 45.0% (32.4)",
        "scoring": "51.1% (28.6) // 50.8% (29.4) // 49.6% (27.9) // 50.0% (28.9)",
        "corsiAgainst": "49.6% (57.0) // 51.0% (60.0) // 51.5% (61.2) // 51.5% (62.9)",
        "fenwickAgainst": "48.6% (41.4) // 49.1% (43.7) // 51.0% (48.5) // 51.0% (49.3)",
        "shotsAgainst": "49.4% (30.1) // 51.1% (33.7) // 53.9% (38.7) // 55.0% (39.6)",
        "scoringAgainst": "48.9% (27.3) // 49.2% (28.4) // 50.4% (28.4) // 50.0% (28.9)",
        "oppCorsi": "46.4% (53.6) // 45.0% (51.6) // 41.9% (48.9) // 36.4% (42.6)",
        "oppFenwick": "47.4% (40.0) // 46.4% (39.9) // 43.0% (38.4) // 38.8% (34.6)",
        "oppShots": "48.1% (29.0) // 45.7% (28.2) // 42.2% (27.2) // 40.5% (26.3)",
        "oppScoring": "44.6% (25.5) // 44.9% (26.1) // 44.6% (27.7) // 41.5% (25.3)",
        "oppCorsiAgainst": "53.6% (61.9) // 55.0% (63.0) // 58.1% (67.9) // 63.6% (74.5)",
        "oppFenwickAgainst": "52.6% (44.4) // 53.6% (46.1) // 57.0% (50.9) // 61.2% (54.5)",
        "oppShotsAgainst": "51.9% (31.3) // 54.3% (33.4) // 57.8% (37.2) // 59.5% (38.6)",
        "oppScoringAgainst": "55.4% (31.7) // 55.1% (31.9) // 55.4% (34.4) // 58.5% (35.6)",
        "savesPerGame": 28.1,
        "savesPerGameLast1": 47.0,
        "savesPerGameLast3": 37.7,
        "savesPerGameLast5": 32.4,
        "savesPer60": 28.3,
        "savesPer60Last1": 50.9,
        "savesPer60Last3": 38.2,
        "savesPer60Last5": 33.1,
        "shotsPerGame": 31.5,
        "shotsPerGameLast5": 33.8,
        "shotsAgainstPerGame": 30.7,
        "shotsAgainstPerGameLast5": 36.2,
        "oppSavesAgainstPer60": 26.6,
        "oppSavesAgainstPer60Last1": 17.9,
        "oppSavesAgainstPer60Last3": 21.3,
        "oppSavesAgainstPer60Last5": 24.8,
        "oppShotsAgainstPerGame": 31.6,
        "oppShotsAgainstPerGameLast5": 36.2,
        "savesProj": 26.9,
        "savesProjLast5": 28.8,
        "savesProjLast3": 29.1,
        "oppSavesAgainstProj": 26.8,
        "oppSavesAgainstProjLast5": 28.7,
        "oppSavesAgainstProjLast3": 27.0,
        "totalOver": 21,
        "totalOverLast5": 20,
        "lastTotalOver": 15,
        "last5": "0,0,1,0,0,1,0,0,0,0",
        "overOdds": "+300",
        "underOdds": "0",
        "overUnder": "+300 / 0"
    },
    {
        "player": "Noah Cates",
        "team": "PHI",
        "opponent": "MIN",
        "propType": "g",
        "line": 0.5,
        "ppLine": "PP1",
        "avg": 0.16,
        "hit": false,
        "diffAvg": -0.68,
        "diffAbs": 0.2,
        "lastAvg": 0.31,
        "diff": -0.38,
        "avgMin": 17,
        "proj": 0.4,
        "lastAvgMin": 13.23,
        "oppOver": 0,
        "teamOver": 0,
        "gameLine": "+135",
        "+/-": "+8",
        "L5_+/-": "+3.0",
        "prevMatchup": "2023-01-26 1.0 g",
        "winLossSplits": "0.26 - 0.08",
        "awayHome": "H",
        "playedYesterday": "N",
        "awayHomeSplits": "0.23 - 0.09",
        "savesAboveExp": 0.594,
        "gsaa": 26.53,
        "corsi": "46.4% (53.6) // 45.0% (51.6) // 41.9% (48.9) // 36.4% (42.6)",
        "fenwick": "47.4% (40.0) // 46.4% (39.9) // 43.0% (38.4) // 38.8% (34.6)",
        "shots": "48.1% (29.0) // 45.7% (28.2) // 42.2% (27.2) // 40.5% (26.3)",
        "scoring": "44.6% (25.5) // 44.9% (26.1) // 44.6% (27.7) // 41.5% (25.3)",
        "corsiAgainst": "53.6% (61.9) // 55.0% (63.0) // 58.1% (67.9) // 63.6% (74.5)",
        "fenwickAgainst": "52.6% (44.4) // 53.6% (46.1) // 57.0% (50.9) // 61.2% (54.5)",
        "shotsAgainst": "51.9% (31.3) // 54.3% (33.4) // 57.8% (37.2) // 59.5% (38.6)",
        "scoringAgainst": "55.4% (31.7) // 55.1% (31.9) // 55.4% (34.4) // 58.5% (35.6)",
        "oppCorsi": "50.4% (57.9) // 49.0% (57.5) // 48.5% (57.6) // 48.5% (59.4)",
        "oppFenwick": "51.4% (43.7) // 50.9% (45.2) // 49.0% (46.5) // 49.0% (47.4)",
        "oppShots": "50.6% (30.9) // 48.9% (32.2) // 46.1% (33.1) // 45.0% (32.4)",
        "oppScoring": "51.1% (28.6) // 50.8% (29.4) // 49.6% (27.9) // 50.0% (28.9)",
        "oppCorsiAgainst": "49.6% (57.0) // 51.0% (60.0) // 51.5% (61.2) // 51.5% (62.9)",
        "oppFenwickAgainst": "48.6% (41.4) // 49.1% (43.7) // 51.0% (48.5) // 51.0% (49.3)",
        "oppShotsAgainst": "49.4% (30.1) // 51.1% (33.7) // 53.9% (38.7) // 55.0% (39.6)",
        "oppScoringAgainst": "48.9% (27.3) // 49.2% (28.4) // 50.4% (28.4) // 50.0% (28.9)",
        "savesPerGame": 28.3,
        "savesPerGameLast1": 41.0,
        "savesPerGameLast3": 35.3,
        "savesPerGameLast5": 32.2,
        "savesPer60": 28.0,
        "savesPer60Last1": 41.0,
        "savesPer60Last3": 35.4,
        "savesPer60Last5": 31.9,
        "shotsPerGame": 29.3,
        "shotsPerGameLast5": 28.2,
        "shotsAgainstPerGame": 31.6,
        "shotsAgainstPerGameLast5": 36.2,
        "oppSavesAgainstPer60": 28.9,
        "oppSavesAgainstPer60Last1": 26.8,
        "oppSavesAgainstPer60Last3": 31.0,
        "oppSavesAgainstPer60Last5": 30.4,
        "oppShotsAgainstPerGame": 30.7,
        "oppShotsAgainstPerGameLast5": 36.2,
        "savesProj": 28.3,
        "savesProjLast5": 33.4,
        "savesProjLast3": 37.9,
        "oppSavesAgainstProj": 28.4,
        "oppSavesAgainstProjLast5": 31.9,
        "oppSavesAgainstProjLast3": 35.1,
        "totalOver": 16,
        "totalOverLast5": 20,
        "lastTotalOver": 25,
        "last5": "0,1,0,0,0,0,0,1,0,0",
        "overOdds": "+350",
        "underOdds": "0",
        "overUnder": "+350 / 0"
    },
    {
        "player": "Scott Laughton",
        "team": "PHI",
        "opponent": "MIN",
        "propType": "g",
        "line": 0.5,
        "ppLine": "",
        "avg": 0.24,
        "hit": false,
        "diffAvg": -0.52,
        "diffAbs": 0.6,
        "lastAvg": 0.16,
        "diff": -0.68,
        "avgMin": 18,
        "proj": 0.2,
        "lastAvgMin": 16.42,
        "oppOver": 0,
        "teamOver": 0,
        "gameLine": "+135",
        "+/-": -7,
        "L5_+/-": "+2.0",
        "prevMatchup": "2023-01-26 0.0 g",
        "winLossSplits": "0.44 - 0.12",
        "awayHome": "H",
        "playedYesterday": "N",
        "awayHomeSplits": "0.27 - 0.21",
        "savesAboveExp": 0.594,
        "gsaa": 26.53,
        "corsi": "46.4% (53.6) // 45.0% (51.6) // 41.9% (48.9) // 36.4% (42.6)",
        "fenwick": "47.4% (40.0) // 46.4% (39.9) // 43.0% (38.4) // 38.8% (34.6)",
        "shots": "48.1% (29.0) // 45.7% (28.2) // 42.2% (27.2) // 40.5% (26.3)",
        "scoring": "44.6% (25.5) // 44.9% (26.1) // 44.6% (27.7) // 41.5% (25.3)",
        "corsiAgainst": "53.6% (61.9) // 55.0% (63.0) // 58.1% (67.9) // 63.6% (74.5)",
        "fenwickAgainst": "52.6% (44.4) // 53.6% (46.1) // 57.0% (50.9) // 61.2% (54.5)",
        "shotsAgainst": "51.9% (31.3) // 54.3% (33.4) // 57.8% (37.2) // 59.5% (38.6)",
        "scoringAgainst": "55.4% (31.7) // 55.1% (31.9) // 55.4% (34.4) // 58.5% (35.6)",
