[
    {
        "player": "Anders Lee",
        "team": "NYI",
        "opponent": "CBJ",
        "propType": "sog",
        "line": 2.5,
        "ppLine": "PP1",
        "avg": 2.65,
        "hit": false,
        "diffAvg": 0.06,
        "diffAbs": 0.16,
        "lastAvg": 2.09,
        "diff": -0.16,
        "avgMin": 17,
        "proj": 2.1,
        "lastAvgMin": 16.62,
        "oppOver": 0,
        "teamOver": 0,
        "gameLine": "-240",
        "+/-": "+2",
        "L5_+/-": -3.0,
        "prevMatchup": "2022-12-29 2.0 sog, 2022-11-25 2.0 sog, 2022-11-12 2.0 sog",
        "winLossSplits": "2.87 - 2.25",
        "awayHome": "A",
        "playedYesterday": "N",
        "awayHomeSplits": "2.78 - 2.53",
        "savesAboveExp": "-",
        "gsaa": "-",
        "corsi": "49.0% (57.7) // 50.8% (57.0) // 49.5% (55.5) // 47.3% (52.5)",
        "fenwick": "48.9% (42.1) // 52.3% (42.4) // 49.2% (40.0) // 50.9% (41.0)",
        "shots": "49.3% (30.2) // 52.4% (30.5) // 51.2% (30.7) // 52.1% (31.0)",
        "scoring": "49.6% (30.2) // 51.6% (28.8) // 49.6% (28.2) // 45.0% (24.5)",
        "corsiAgainst": "51.0% (60.1) // 49.2% (55.2) // 50.5% (56.5) // 52.7% (58.5)",
        "fenwickAgainst": "51.1% (44.0) // 47.7% (38.6) // 50.8% (41.2) // 49.1% (39.5)",
        "shotsAgainst": "50.7% (31.0) // 47.6% (27.8) // 48.8% (29.2) // 47.9% (28.5)",
        "scoringAgainst": "50.4% (30.7) // 48.4% (27.0) // 50.4% (28.8) // 55.0% (30.0)",
        "oppCorsi": "46.1% (55.8) // 47.0% (60.1) // 50.8% (66.1) // 48.5% (61.1)",
        "oppFenwick": "46.0% (41.6) // 47.1% (45.7) // 50.3% (49.1) // 47.1% (44.0)",
        "oppShots": "45.9% (29.6) // 48.0% (33.7) // 51.6% (38.3) // 49.4% (37.2)",
        "oppScoring": "45.3% (27.2) // 45.6% (31.3) // 48.6% (35.2) // 48.9% (32.3)",
        "oppCorsiAgainst": "53.9% (65.2) // 53.0% (67.9) // 49.2% (64.1) // 51.5% (65.0)",
        "oppFenwickAgainst": "54.0% (48.7) // 52.9% (51.2) // 49.7% (48.5) // 52.9% (49.4)",
        "oppShotsAgainst": "54.1% (34.9) // 52.0% (36.4) // 48.4% (36.0) // 50.6% (38.1)",
        "oppScoringAgainst": "54.7% (32.9) // 54.4% (37.4) // 51.4% (37.1) // 51.1% (33.7)",
        "savesPerGame": 28.7,
        "savesPerGameLast1": 25.0,
        "savesPerGameLast3": 24.7,
        "savesPerGameLast5": 25.6,
        "savesPer60": 28.7,
        "savesPer60Last1": 24.9,
        "savesPer60Last3": 24.6,
        "savesPer60Last5": 25.4,
        "shotsPerGame": 30.5,
        "shotsPerGameLast5": 28.2,
        "shotsAgainstPerGame": 31.3,
        "shotsAgainstPerGameLast5": 28.8,
        "oppSavesAgainstPer60": 27.2,
        "oppSavesAgainstPer60Last1": 31.9,
        "oppSavesAgainstPer60Last3": 35.4,
        "oppSavesAgainstPer60Last5": 35.3,
        "oppShotsAgainstPerGame": 35.2,
        "oppShotsAgainstPerGameLast5": 36.8,
        "savesProj": 24.9,
        "savesProjLast5": 28.6,
        "savesProjLast3": 27.5,
        "oppSavesAgainstProj": 27.5,
        "oppSavesAgainstProjLast5": 32.4,
        "oppSavesAgainstProjLast3": 32.2,
        "totalOver": 51,
        "totalOverLast5": 40,
        "totalOverLast15": 53,
        "lastTotalOver": 33,
        "last5": "5,3,1,2,0,3,3,6,6,0",
        "overOdds": "-125",
        "underOdds": "-105",
        "overUnder": "-125 / -105"
    },
    {
        "player": "Bo Horvat",
        "team": "NYI",
        "opponent": "CBJ",
        "propType": "sog",
        "line": 2.5,
        "ppLine": "PP1",
        "avg": 2.95,
        "hit": false,
        "diffAvg": 0.18,
        "diffAbs": 1.0,
        "lastAvg": 0,
        "diff": 0,
        "avgMin": 21,
        "proj": 0.0,
        "lastAvgMin": 0,
        "oppOver": 0,
        "teamOver": 0,
        "gameLine": "-240",
        "+/-": -1,
        "L5_+/-": -4.0,
        "prevMatchup": "",
        "winLossSplits": "2.8 - 2.98",
        "awayHome": "A",
        "playedYesterday": "N",
        "awayHomeSplits": "3.5 - 2.4",
        "savesAboveExp": "-",
        "gsaa": "-",
        "corsi": "49.0% (57.7) // 50.8% (57.0) // 49.5% (55.5) // 47.3% (52.5)",
        "fenwick": "48.9% (42.1) // 52.3% (42.4) // 49.2% (40.0) // 50.9% (41.0)",
        "shots": "49.3% (30.2) // 52.4% (30.5) // 51.2% (30.7) // 52.1% (31.0)",
        "scoring": "49.6% (30.2) // 51.6% (28.8) // 49.6% (28.2) // 45.0% (24.5)",
        "corsiAgainst": "51.0% (60.1) // 49.2% (55.2) // 50.5% (56.5) // 52.7% (58.5)",
        "fenwickAgainst": "51.1% (44.0) // 47.7% (38.6) // 50.8% (41.2) // 49.1% (39.5)",
        "shotsAgainst": "50.7% (31.0) // 47.6% (27.8) // 48.8% (29.2) // 47.9% (28.5)",
        "scoringAgainst": "50.4% (30.7) // 48.4% (27.0) // 50.4% (28.8) // 55.0% (30.0)",
        "oppCorsi": "46.1% (55.8) // 47.0% (60.1) // 50.8% (66.1) // 48.5% (61.1)",
        "oppFenwick": "46.0% (41.6) // 47.1% (45.7) // 50.3% (49.1) // 47.1% (44.0)",
        "oppShots": "45.9% (29.6) // 48.0% (33.7) // 51.6% (38.3) // 49.4% (37.2)",
        "oppScoring": "45.3% (27.2) // 45.6% (31.3) // 48.6% (35.2) // 48.9% (32.3)",
        "oppCorsiAgainst": "53.9% (65.2) // 53.0% (67.9) // 49.2% (64.1) // 51.5% (65.0)",
        "oppFenwickAgainst": "54.0% (48.7) // 52.9% (51.2) // 49.7% (48.5) // 52.9% (49.4)",
        "oppShotsAgainst": "54.1% (34.9) // 52.0% (36.4) // 48.4% (36.0) // 50.6% (38.1)",
        "oppScoringAgainst": "54.7% (32.9) // 54.4% (37.4) // 51.4% (37.1) // 51.1% (33.7)",
        "savesPerGame": 28.7,
        "savesPerGameLast1": 25.0,
        "savesPerGameLast3": 24.7,
        "savesPerGameLast5": 25.6,
        "savesPer60": 28.7,
        "savesPer60Last1": 24.9,
        "savesPer60Last3": 24.6,
        "savesPer60Last5": 25.4,
        "shotsPerGame": 30.5,
        "shotsPerGameLast5": 28.2,
        "shotsAgainstPerGame": 31.3,
        "shotsAgainstPerGameLast5": 28.8,
        "oppSavesAgainstPer60": 27.2,
        "oppSavesAgainstPer60Last1": 31.9,
        "oppSavesAgainstPer60Last3": 35.4,
        "oppSavesAgainstPer60Last5": 35.3,
        "oppShotsAgainstPerGame": 35.2,
        "oppShotsAgainstPerGameLast5": 36.8,
        "savesProj": 24.9,
        "savesProjLast5": 28.6,
        "savesProjLast3": 27.5,
        "oppSavesAgainstProj": 27.5,
        "oppSavesAgainstProjLast5": 32.4,
        "oppSavesAgainstProjLast3": 32.2,
        "totalOver": 60,
        "totalOverLast5": 80,
        "totalOverLast15": 53,
        "lastTotalOver": 0,
        "last5": "3,5,3,2,3,3,2,3,7,3",
        "overOdds": "-145",
        "underOdds": "+115",
        "overUnder": "-145 / +115"
    },
    {
        "player": "Boone Jenner",
        "team": "CBJ",
        "opponent": "NYI",
        "propType": "sog",
        "line": 3.5,
        "ppLine": "PP1",
        "avg": 3.34,
        "hit": false,
        "diffAvg": -0.05,
        "diffAbs": 0.23,
        "lastAvg": 2.71,
        "diff": -0.23,
        "avgMin": 20,
        "proj": 2.7,
        "lastAvgMin": 20.45,
        "oppOver": 0,
        "teamOver": 0,
        "gameLine": "+200",
        "+/-": -23,
        "L5_+/-": -12.0,
        "prevMatchup": "2022-11-25 3.0 sog, 2022-11-12 4.0 sog",
        "winLossSplits": "3.4 - 3.21",
        "awayHome": "H",
        "playedYesterday": "N",
        "awayHomeSplits": "3.24 - 3.43",
        "savesAboveExp": 0.704,
        "gsaa": 32.07,
        "corsi": "46.1% (55.8) // 47.0% (60.1) // 50.8% (66.1) // 48.5% (61.1)",
        "fenwick": "46.0% (41.6) // 47.1% (45.7) // 50.3% (49.1) // 47.1% (44.0)",
        "shots": "45.9% (29.6) // 48.0% (33.7) // 51.6% (38.3) // 49.4% (37.2)",
        "scoring": "45.3% (27.2) // 45.6% (31.3) // 48.6% (35.2) // 48.9% (32.3)",
        "corsiAgainst": "53.9% (65.2) // 53.0% (67.9) // 49.2% (64.1) // 51.5% (65.0)",
        "fenwickAgainst": "54.0% (48.7) // 52.9% (51.2) // 49.7% (48.5) // 52.9% (49.4)",
        "shotsAgainst": "54.1% (34.9) // 52.0% (36.4) // 48.4% (36.0) // 50.6% (38.1)",
        "scoringAgainst": "54.7% (32.9) // 54.4% (37.4) // 51.4% (37.1) // 51.1% (33.7)",
        "oppCorsi": "49.0% (57.7) // 50.8% (57.0) // 49.5% (55.5) // 47.3% (52.5)",
        "oppFenwick": "48.9% (42.1) // 52.3% (42.4) // 49.2% (40.0) // 50.9% (41.0)",
        "oppShots": "49.3% (30.2) // 52.4% (30.5) // 51.2% (30.7) // 52.1% (31.0)",
        "oppScoring": "49.6% (30.2) // 51.6% (28.8) // 49.6% (28.2) // 45.0% (24.5)",
        "oppCorsiAgainst": "51.0% (60.1) // 49.2% (55.2) // 50.5% (56.5) // 52.7% (58.5)",
        "oppFenwickAgainst": "51.1% (44.0) // 47.7% (38.6) // 50.8% (41.2) // 49.1% (39.5)",
        "oppShotsAgainst": "50.7% (31.0) // 47.6% (27.8) // 48.8% (29.2) // 47.9% (28.5)",
        "oppScoringAgainst": "50.4% (30.7) // 48.4% (27.0) // 50.4% (28.8) // 55.0% (30.0)",
        "savesPerGame": 31.4,
        "savesPerGameLast1": 31.0,
        "savesPerGameLast3": 32.0,
        "savesPerGameLast5": 31.0,
        "savesPer60": 31.3,
        "savesPer60Last1": 32.1,
        "savesPer60Last3": 32.0,
        "savesPer60Last5": 31.4,
        "shotsPerGame": 29.9,
        "shotsPerGameLast5": 39.2,
        "shotsAgainstPerGame": 35.2,
        "shotsAgainstPerGameLast5": 36.8,
        "oppSavesAgainstPer60": 27.5,
        "oppSavesAgainstPer60Last1": 22.0,
        "oppSavesAgainstPer60Last3": 26.0,
        "oppSavesAgainstPer60Last5": 24.2,
        "oppShotsAgainstPerGame": 31.3,
        "oppShotsAgainstPerGameLast5": 28.8,
        "savesProj": 30.0,
        "savesProjLast5": 26.7,
        "savesProjLast3": 29.0,
        "oppSavesAgainstProj": 30.5,
        "oppSavesAgainstProjLast5": 26.9,
        "oppSavesAgainstProjLast3": 30.0,
        "totalOver": 44,
        "totalOverLast5": 60,
        "totalOverLast15": 53,
        "lastTotalOver": 29,
        "last5": "3,1,6,4,6,6,2,2,4,3",
        "overOdds": "+130",
        "underOdds": "-160",
        "overUnder": "+130 / -160"
    },
    {
        "player": "Johnny Gaudreau",
        "team": "CBJ",
        "opponent": "NYI",
        "propType": "sog",
        "line": 2.5,
        "ppLine": "PP1",
        "avg": 2.65,
        "hit": false,
        "diffAvg": 0.06,
        "diffAbs": 0.12,
        "lastAvg": 2.76,
        "diff": 0.1,
        "avgMin": 19,
        "proj": 2.8,
        "lastAvgMin": 18.57,
        "oppOver": 0,
        "teamOver": 0,
        "gameLine": "+200",
        "+/-": -26,
        "L5_+/-": -7.0,
        "prevMatchup": "2022-12-29 0.0 sog, 2022-11-25 4.0 sog, 2022-11-12 1.0 sog",
        "winLossSplits": "2.68 - 2.54",
        "awayHome": "H",
        "playedYesterday": "N",
        "awayHomeSplits": "2.39 - 2.89",
        "savesAboveExp": 0.704,
        "gsaa": 32.07,
        "corsi": "46.1% (55.8) // 47.0% (60.1) // 50.8% (66.1) // 48.5% (61.1)",
        "fenwick": "46.0% (41.6) // 47.1% (45.7) // 50.3% (49.1) // 47.1% (44.0)",
        "shots": "45.9% (29.6) // 48.0% (33.7) // 51.6% (38.3) // 49.4% (37.2)",
        "scoring": "45.3% (27.2) // 45.6% (31.3) // 48.6% (35.2) // 48.9% (32.3)",
        "corsiAgainst": "53.9% (65.2) // 53.0% (67.9) // 49.2% (64.1) // 51.5% (65.0)",
        "fenwickAgainst": "54.0% (48.7) // 52.9% (51.2) // 49.7% (48.5) // 52.9% (49.4)",
        "shotsAgainst": "54.1% (34.9) // 52.0% (36.4) // 48.4% (36.0) // 50.6% (38.1)",
        "scoringAgainst": "54.7% (32.9) // 54.4% (37.4) // 51.4% (37.1) // 51.1% (33.7)",
        "oppCorsi": "49.0% (57.7) // 50.8% (57.0) // 49.5% (55.5) // 47.3% (52.5)",
        "oppFenwick": "48.9% (42.1) // 52.3% (42.4) // 49.2% (40.0) // 50.9% (41.0)",
        "oppShots": "49.3% (30.2) // 52.4% (30.5) // 51.2% (30.7) // 52.1% (31.0)",
        "oppScoring": "49.6% (30.2) // 51.6% (28.8) // 49.6% (28.2) // 45.0% (24.5)",
        "oppCorsiAgainst": "51.0% (60.1) // 49.2% (55.2) // 50.5% (56.5) // 52.7% (58.5)",
        "oppFenwickAgainst": "51.1% (44.0) // 47.7% (38.6) // 50.8% (41.2) // 49.1% (39.5)",
        "oppShotsAgainst": "50.7% (31.0) // 47.6% (27.8) // 48.8% (29.2) // 47.9% (28.5)",
        "oppScoringAgainst": "50.4% (30.7) // 48.4% (27.0) // 50.4% (28.8) // 55.0% (30.0)",
        "savesPerGame": 31.4,
        "savesPerGameLast1": 31.0,
        "savesPerGameLast3": 32.0,
        "savesPerGameLast5": 31.0,
        "savesPer60": 31.3,
        "savesPer60Last1": 32.1,
        "savesPer60Last3": 32.0,
        "savesPer60Last5": 31.4,
        "shotsPerGame": 29.9,
        "shotsPerGameLast5": 39.2,
        "shotsAgainstPerGame": 35.2,
        "shotsAgainstPerGameLast5": 36.8,
        "oppSavesAgainstPer60": 27.5,
        "oppSavesAgainstPer60Last1": 22.0,
        "oppSavesAgainstPer60Last3": 26.0,
        "oppSavesAgainstPer60Last5": 24.2,
        "oppShotsAgainstPerGame": 31.3,
        "oppShotsAgainstPerGameLast5": 28.8,
        "savesProj": 30.0,
        "savesProjLast5": 26.7,
        "savesProjLast3": 29.0,
        "oppSavesAgainstProj": 30.5,
        "oppSavesAgainstProjLast5": 26.9,
        "oppSavesAgainstProjLast3": 30.0,
        "totalOver": 49,
        "totalOverLast5": 100,
        "totalOverLast15": 47,
        "lastTotalOver": 67,
        "last5": "3,4,4,4,6,1,2,2,4,1",
        "overOdds": "-160",
        "underOdds": "+130",
        "overUnder": "-160 / +130"
    },
    {
        "player": "Kirill Marchenko",
        "team": "CBJ",
        "opponent": "NYI",
        "propType": "sog",
        "line": 2.5,
        "ppLine": "PP1",
        "avg": 2.06,
        "hit": false,
        "diffAvg": -0.18,
        "diffAbs": 1.0,
        "lastAvg": 0,
        "diff": 0,
        "avgMin": 15,
        "proj": 0.0,
        "lastAvgMin": 0,
        "oppOver": 0,
        "teamOver": 0,
        "gameLine": "+200",
        "+/-": -12,
        "L5_+/-": -7.0,
        "prevMatchup": "2022-12-29 1.0 sog",
        "winLossSplits": "2.23 - 1.82",
        "awayHome": "H",
        "playedYesterday": "N",
        "awayHomeSplits": "2.11 - 2.0",
        "savesAboveExp": 0.704,
        "gsaa": 32.07,
        "corsi": "46.1% (55.8) // 47.0% (60.1) // 50.8% (66.1) // 48.5% (61.1)",
        "fenwick": "46.0% (41.6) // 47.1% (45.7) // 50.3% (49.1) // 47.1% (44.0)",
        "shots": "45.9% (29.6) // 48.0% (33.7) // 51.6% (38.3) // 49.4% (37.2)",
        "scoring": "45.3% (27.2) // 45.6% (31.3) // 48.6% (35.2) // 48.9% (32.3)",
        "corsiAgainst": "53.9% (65.2) // 53.0% (67.9) // 49.2% (64.1) // 51.5% (65.0)",
        "fenwickAgainst": "54.0% (48.7) // 52.9% (51.2) // 49.7% (48.5) // 52.9% (49.4)",
        "shotsAgainst": "54.1% (34.9) // 52.0% (36.4) // 48.4% (36.0) // 50.6% (38.1)",
        "scoringAgainst": "54.7% (32.9) // 54.4% (37.4) // 51.4% (37.1) // 51.1% (33.7)",
        "oppCorsi": "49.0% (57.7) // 50.8% (57.0) // 49.5% (55.5) // 47.3% (52.5)",
        "oppFenwick": "48.9% (42.1) // 52.3% (42.4) // 49.2% (40.0) // 50.9% (41.0)",
        "oppShots": "49.3% (30.2) // 52.4% (30.5) // 51.2% (30.7) // 52.1% (31.0)",
        "oppScoring": "49.6% (30.2) // 51.6% (28.8) // 49.6% (28.2) // 45.0% (24.5)",
        "oppCorsiAgainst": "51.0% (60.1) // 49.2% (55.2) // 50.5% (56.5) // 52.7% (58.5)",
        "oppFenwickAgainst": "51.1% (44.0) // 47.7% (38.6) // 50.8% (41.2) // 49.1% (39.5)",
        "oppShotsAgainst": "50.7% (31.0) // 47.6% (27.8) // 48.8% (29.2) // 47.9% (28.5)",
        "oppScoringAgainst": "50.4% (30.7) // 48.4% (27.0) // 50.4% (28.8) // 55.0% (30.0)",
        "savesPerGame": 31.4,
        "savesPerGameLast1": 31.0,
        "savesPerGameLast3": 32.0,
        "savesPerGameLast5": 31.0,
        "savesPer60": 31.3,
        "savesPer60Last1": 32.1,
        "savesPer60Last3": 32.0,
        "savesPer60Last5": 31.4,
        "shotsPerGame": 29.9,
        "shotsPerGameLast5": 39.2,
        "shotsAgainstPerGame": 35.2,
        "shotsAgainstPerGameLast5": 36.8,
        "oppSavesAgainstPer60": 27.5,
        "oppSavesAgainstPer60Last1": 22.0,
        "oppSavesAgainstPer60Last3": 26.0,
        "oppSavesAgainstPer60Last5": 24.2,
        "oppShotsAgainstPerGame": 31.3,
        "oppShotsAgainstPerGameLast5": 28.8,
        "savesProj": 30.0,
        "savesProjLast5": 26.7,
        "savesProjLast3": 29.0,
        "oppSavesAgainstProj": 30.5,
        "oppSavesAgainstProjLast5": 26.9,
        "oppSavesAgainstProjLast3": 30.0,
        "totalOver": 32,
        "totalOverLast5": 60,
        "totalOverLast15": 40,
        "lastTotalOver": 0,
        "last5": "1,4,2,4,4,5,1,0,0,1",
        "overOdds": "+105",
        "underOdds": "-135",
        "overUnder": "+105 / -135"
    },
    {
        "player": "Kyle Palmieri",
        "team": "NYI",
        "opponent": "CBJ",
        "propType": "sog",
        "line": 2.5,
        "ppLine": "PP1",
        "avg": 2.07,
        "hit": false,
        "diffAvg": -0.17,
        "diffAbs": 0.0,
        "lastAvg": 2.26,
        "diff": -0.1,
        "avgMin": 17,
        "proj": 2.5,
        "lastAvgMin": 15.62,
        "oppOver": 0,
        "teamOver": 0,
        "gameLine": "-240",
        "+/-": "+8",
        "L5_+/-": "+1.0",
        "prevMatchup": "2022-11-12 0.0 sog",
        "winLossSplits": "2.29 - 1.73",
        "awayHome": "A",
        "playedYesterday": "N",
        "awayHomeSplits": "2.08 - 2.05",
        "savesAboveExp": "-",
        "gsaa": "-",
        "corsi": "49.0% (57.7) // 50.8% (57.0) // 49.5% (55.5) // 47.3% (52.5)",
        "fenwick": "48.9% (42.1) // 52.3% (42.4) // 49.2% (40.0) // 50.9% (41.0)",
        "shots": "49.3% (30.2) // 52.4% (30.5) // 51.2% (30.7) // 52.1% (31.0)",
        "scoring": "49.6% (30.2) // 51.6% (28.8) // 49.6% (28.2) // 45.0% (24.5)",
        "corsiAgainst": "51.0% (60.1) // 49.2% (55.2) // 50.5% (56.5) // 52.7% (58.5)",
        "fenwickAgainst": "51.1% (44.0) // 47.7% (38.6) // 50.8% (41.2) // 49.1% (39.5)",
        "shotsAgainst": "50.7% (31.0) // 47.6% (27.8) // 48.8% (29.2) // 47.9% (28.5)",
        "scoringAgainst": "50.4% (30.7) // 48.4% (27.0) // 50.4% (28.8) // 55.0% (30.0)",
        "oppCorsi": "46.1% (55.8) // 47.0% (60.1) // 50.8% (66.1) // 48.5% (61.1)",
        "oppFenwick": "46.0% (41.6) // 47.1% (45.7) // 50.3% (49.1) // 47.1% (44.0)",
        "oppShots": "45.9% (29.6) // 48.0% (33.7) // 51.6% (38.3) // 49.4% (37.2)",
        "oppScoring": "45.3% (27.2) // 45.6% (31.3) // 48.6% (35.2) // 48.9% (32.3)",
        "oppCorsiAgainst": "53.9% (65.2) // 53.0% (67.9) // 49.2% (64.1) // 51.5% (65.0)",
        "oppFenwickAgainst": "54.0% (48.7) // 52.9% (51.2) // 49.7% (48.5) // 52.9% (49.4)",
        "oppShotsAgainst": "54.1% (34.9) // 52.0% (36.4) // 48.4% (36.0) // 50.6% (38.1)",
        "oppScoringAgainst": "54.7% (32.9) // 54.4% (37.4) // 51.4% (37.1) // 51.1% (33.7)",
        "savesPerGame": 28.7,
        "savesPerGameLast1": 25.0,
        "savesPerGameLast3": 24.7,
        "savesPerGameLast5": 25.6,
        "savesPer60": 28.7,
        "savesPer60Last1": 24.9,
        "savesPer60Last3": 24.6,
        "savesPer60Last5": 25.4,
        "shotsPerGame": 30.5,
        "shotsPerGameLast5": 28.2,
        "shotsAgainstPerGame": 31.3,
        "shotsAgainstPerGameLast5": 28.8,
        "oppSavesAgainstPer60": 27.2,
        "oppSavesAgainstPer60Last1": 31.9,
        "oppSavesAgainstPer60Last3": 35.4,
        "oppSavesAgainstPer60Last5": 35.3,
        "oppShotsAgainstPerGame": 35.2,
        "oppShotsAgainstPerGameLast5": 36.8,
        "savesProj": 24.9,
        "savesProjLast5": 28.6,
        "savesProjLast3": 27.5,
        "oppSavesAgainstProj": 27.5,
        "oppSavesAgainstProjLast5": 32.4,
        "oppSavesAgainstProjLast3": 32.2,
        "totalOver": 36,
        "totalOverLast5": 0,
        "totalOverLast15": 33,
        "lastTotalOver": 51,
        "last5": "0,1,2,1,0,5,3,4,1,2",
        "overOdds": "+135",
        "underOdds": "-165",
        "overUnder": "+135 / -165"
    },
    {
        "player": "Noah Dobson",
        "team": "NYI",
        "opponent": "CBJ",
        "propType": "sog",
        "line": 2.5,
        "ppLine": "PP1",
        "avg": 2.75,
        "hit": false,
        "diffAvg": 0.1,
        "diffAbs": 0.12,
        "lastAvg": 2.38,
        "diff": -0.05,
        "avgMin": 20,
        "proj": 2.2,
        "lastAvgMin": 21.45,
        "oppOver": 0,
        "teamOver": 0,
        "gameLine": "-240",
        "+/-": "+2",
        "L5_+/-": "+3.0",
        "prevMatchup": "2022-12-29 2.0 sog, 2022-11-25 3.0 sog, 2022-11-12 6.0 sog",
        "winLossSplits": "2.69 - 2.63",
        "awayHome": "A",
        "playedYesterday": "N",
        "awayHomeSplits": "2.21 - 3.29",
        "savesAboveExp": "-",
        "gsaa": "-",
        "corsi": "49.0% (57.7) // 50.8% (57.0) // 49.5% (55.5) // 47.3% (52.5)",
        "fenwick": "48.9% (42.1) // 52.3% (42.4) // 49.2% (40.0) // 50.9% (41.0)",
        "shots": "49.3% (30.2) // 52.4% (30.5) // 51.2% (30.7) // 52.1% (31.0)",
        "scoring": "49.6% (30.2) // 51.6% (28.8) // 49.6% (28.2) // 45.0% (24.5)",
        "corsiAgainst": "51.0% (60.1) // 49.2% (55.2) // 50.5% (56.5) // 52.7% (58.5)",
        "fenwickAgainst": "51.1% (44.0) // 47.7% (38.6) // 50.8% (41.2) // 49.1% (39.5)",
        "shotsAgainst": "50.7% (31.0) // 47.6% (27.8) // 48.8% (29.2) // 47.9% (28.5)",
        "scoringAgainst": "50.4% (30.7) // 48.4% (27.0) // 50.4% (28.8) // 55.0% (30.0)",
        "oppCorsi": "46.1% (55.8) // 47.0% (60.1) // 50.8% (66.1) // 48.5% (61.1)",
        "oppFenwick": "46.0% (41.6) // 47.1% (45.7) // 50.3% (49.1) // 47.1% (44.0)",
        "oppShots": "45.9% (29.6) // 48.0% (33.7) // 51.6% (38.3) // 49.4% (37.2)",
        "oppScoring": "45.3% (27.2) // 45.6% (31.3) // 48.6% (35.2) // 48.9% (32.3)",
        "oppCorsiAgainst": "53.9% (65.2) // 53.0% (67.9) // 49.2% (64.1) // 51.5% (65.0)",
        "oppFenwickAgainst": "54.0% (48.7) // 52.9% (51.2) // 49.7% (48.5) // 52.9% (49.4)",
        "oppShotsAgainst": "54.1% (34.9) // 52.0% (36.4) // 48.4% (36.0) // 50.6% (38.1)",
        "oppScoringAgainst": "54.7% (32.9) // 54.4% (37.4) // 51.4% (37.1) // 51.1% (33.7)",
        "savesPerGame": 28.7,
        "savesPerGameLast1": 25.0,
        "savesPerGameLast3": 24.7,
        "savesPerGameLast5": 25.6,
        "savesPer60": 28.7,
        "savesPer60Last1": 24.9,
        "savesPer60Last3": 24.6,
        "savesPer60Last5": 25.4,
        "shotsPerGame": 30.5,
        "shotsPerGameLast5": 28.2,
        "shotsAgainstPerGame": 31.3,
        "shotsAgainstPerGameLast5": 28.8,
        "oppSavesAgainstPer60": 27.2,
        "oppSavesAgainstPer60Last1": 31.9,
        "oppSavesAgainstPer60Last3": 35.4,
        "oppSavesAgainstPer60Last5": 35.3,
        "oppShotsAgainstPerGame": 35.2,
        "oppShotsAgainstPerGameLast5": 36.8,
        "savesProj": 24.9,
        "savesProjLast5": 28.6,
        "savesProjLast3": 27.5,
        "oppSavesAgainstProj": 27.5,
        "oppSavesAgainstProjLast5": 32.4,
        "oppSavesAgainstProjLast3": 32.2,
        "totalOver": 49,
        "totalOverLast5": 60,
        "totalOverLast15": 40,
        "lastTotalOver": 37,
        "last5": "5,1,2,3,3,2,4,0,4,2",
        "overOdds": "-120",
        "underOdds": "-110",
        "overUnder": "-120 / -110"
    },
    {
        "player": "Patrik Laine",
        "team": "CBJ",
        "opponent": "NYI",
        "propType": "sog",
        "line": 3.5,
        "ppLine": "",
        "avg": 3.35,
        "hit": false,
        "diffAvg": -0.04,
        "diffAbs": 0.14,
        "lastAvg": 2.98,
        "diff": -0.15,
        "avgMin": 19,
        "proj": 3.0,
        "lastAvgMin": 18.82,
        "oppOver": 0,
        "teamOver": 0,
        "gameLine": "+200",
        "+/-": -12,
        "L5_+/-": 0.0,
        "prevMatchup": "2022-11-12 2.0 sog",
        "winLossSplits": "3.19 - 3.3",
        "awayHome": "H",
        "playedYesterday": "N",
        "awayHomeSplits": "3.69 - 2.87",
        "savesAboveExp": 0.704,
        "gsaa": 32.07,
        "corsi": "46.1% (55.8) // 47.0% (60.1) // 50.8% (66.1) // 48.5% (61.1)",
        "fenwick": "46.0% (41.6) // 47.1% (45.7) // 50.3% (49.1) // 47.1% (44.0)",
        "shots": "45.9% (29.6) // 48.0% (33.7) // 51.6% (38.3) // 49.4% (37.2)",
        "scoring": "45.3% (27.2) // 45.6% (31.3) // 48.6% (35.2) // 48.9% (32.3)",
        "corsiAgainst": "53.9% (65.2) // 53.0% (67.9) // 49.2% (64.1) // 51.5% (65.0)",
        "fenwickAgainst": "54.0% (48.7) // 52.9% (51.2) // 49.7% (48.5) // 52.9% (49.4)",
        "shotsAgainst": "54.1% (34.9) // 52.0% (36.4) // 48.4% (36.0) // 50.6% (38.1)",
        "scoringAgainst": "54.7% (32.9) // 54.4% (37.4) // 51.4% (37.1) // 51.1% (33.7)",
        "oppCorsi": "49.0% (57.7) // 50.8% (57.0) // 49.5% (55.5) // 47.3% (52.5)",
        "oppFenwick": "48.9% (42.1) // 52.3% (42.4) // 49.2% (40.0) // 50.9% (41.0)",
        "oppShots": "49.3% (30.2) // 52.4% (30.5) // 51.2% (30.7) // 52.1% (31.0)",
        "oppScoring": "49.6% (30.2) // 51.6% (28.8) // 49.6% (28.2) // 45.0% (24.5)",
        "oppCorsiAgainst": "51.0% (60.1) // 49.2% (55.2) // 50.5% (56.5) // 52.7% (58.5)",
        "oppFenwickAgainst": "51.1% (44.0) // 47.7% (38.6) // 50.8% (41.2) // 49.1% (39.5)",
        "oppShotsAgainst": "50.7% (31.0) // 47.6% (27.8) // 48.8% (29.2) // 47.9% (28.5)",
        "oppScoringAgainst": "50.4% (30.7) // 48.4% (27.0) // 50.4% (28.8) // 55.0% (30.0)",
        "savesPerGame": 31.4,
        "savesPerGameLast1": 31.0,
        "savesPerGameLast3": 32.0,
        "savesPerGameLast5": 31.0,
        "savesPer60": 31.3,
        "savesPer60Last1": 32.1,
        "savesPer60Last3": 32.0,
        "savesPer60Last5": 31.4,
        "shotsPerGame": 29.9,
        "shotsPerGameLast5": 39.2,
        "shotsAgainstPerGame": 35.2,
        "shotsAgainstPerGameLast5": 36.8,
        "oppSavesAgainstPer60": 27.5,
        "oppSavesAgainstPer60Last1": 22.0,
        "oppSavesAgainstPer60Last3": 26.0,
        "oppSavesAgainstPer60Last5": 24.2,
        "oppShotsAgainstPerGame": 31.3,
        "oppShotsAgainstPerGameLast5": 28.8,
        "savesProj": 30.0,
        "savesProjLast5": 26.7,
        "savesProjLast3": 29.0,
        "oppSavesAgainstProj": 30.5,
        "oppSavesAgainstProjLast5": 26.9,
        "oppSavesAgainstProjLast3": 30.0,
        "totalOver": 42,
        "totalOverLast5": 40,
        "totalOverLast15": 40,
        "lastTotalOver": 41,
        "last5": "2,3,8,3,6,4,4,4,2,0",
        "overOdds": "+115",
        "underOdds": "-145",
        "overUnder": "+115 / -145"
    },
    {
        "player": "Emil Bemstrom",
        "team": "CBJ",
        "opponent": "NYI",
        "propType": "sog",
        "line": 1.5,
        "ppLine": "PP2",
        "avg": 1.81,
        "hit": false,
        "diffAvg": 0.21,
        "diffAbs": 0.13,
        "lastAvg": 1.51,
        "diff": 0.01,
        "avgMin": 12,
        "proj": 1.7,
        "lastAvgMin": 10.52,
        "oppOver": 0,
        "teamOver": 0,
        "gameLine": "+200",
        "+/-": -7,
        "L5_+/-": -2.0,
        "prevMatchup": "2022-12-29 3.0 sog, 2022-11-12 3.0 sog",
        "winLossSplits": "1.73 - 1.73",
        "awayHome": "H",
        "playedYesterday": "N",
        "awayHomeSplits": "2.18 - 1.43",
        "savesAboveExp": 0.704,
        "gsaa": 32.07,
        "corsi": "46.1% (55.8) // 47.0% (60.1) // 50.8% (66.1) // 48.5% (61.1)",
        "fenwick": "46.0% (41.6) // 47.1% (45.7) // 50.3% (49.1) // 47.1% (44.0)",
        "shots": "45.9% (29.6) // 48.0% (33.7) // 51.6% (38.3) // 49.4% (37.2)",
        "scoring": "45.3% (27.2) // 45.6% (31.3) // 48.6% (35.2) // 48.9% (32.3)",
        "corsiAgainst": "53.9% (65.2) // 53.0% (67.9) // 49.2% (64.1) // 51.5% (65.0)",
        "fenwickAgainst": "54.0% (48.7) // 52.9% (51.2) // 49.7% (48.5) // 52.9% (49.4)",
        "shotsAgainst": "54.1% (34.9) // 52.0% (36.4) // 48.4% (36.0) // 50.6% (38.1)",
        "scoringAgainst": "54.7% (32.9) // 54.4% (37.4) // 51.4% (37.1) // 51.1% (33.7)",
        "oppCorsi": "49.0% (57.7) // 50.8% (57.0) // 49.5% (55.5) // 47.3% (52.5)",
        "oppFenwick": "48.9% (42.1) // 52.3% (42.4) // 49.2% (40.0) // 50.9% (41.0)",
        "oppShots": "49.3% (30.2) // 52.4% (30.5) // 51.2% (30.7) // 52.1% (31.0)",
        "oppScoring": "49.6% (30.2) // 51.6% (28.8) // 49.6% (28.2) // 45.0% (24.5)",
        "oppCorsiAgainst": "51.0% (60.1) // 49.2% (55.2) // 50.5% (56.5) // 52.7% (58.5)",
        "oppFenwickAgainst": "51.1% (44.0) // 47.7% (38.6) // 50.8% (41.2) // 49.1% (39.5)",
        "oppShotsAgainst": "50.7% (31.0) // 47.6% (27.8) // 48.8% (29.2) // 47.9% (28.5)",
        "oppScoringAgainst": "50.4% (30.7) // 48.4% (27.0) // 50.4% (28.8) // 55.0% (30.0)",
        "savesPerGame": 31.4,
        "savesPerGameLast1": 31.0,
        "savesPerGameLast3": 32.0,
        "savesPerGameLast5": 31.0,
        "savesPer60": 31.3,
        "savesPer60Last1": 32.1,
        "savesPer60Last3": 32.0,
        "savesPer60Last5": 31.4,
        "shotsPerGame": 29.9,
        "shotsPerGameLast5": 39.2,
        "shotsAgainstPerGame": 35.2,
        "shotsAgainstPerGameLast5": 36.8,
        "oppSavesAgainstPer60": 27.5,
        "oppSavesAgainstPer60Last1": 22.0,
        "oppSavesAgainstPer60Last3": 26.0,
        "oppSavesAgainstPer60Last5": 24.2,
        "oppShotsAgainstPerGame": 31.3,
        "oppShotsAgainstPerGameLast5": 28.8,
        "savesProj": 30.0,
        "savesProjLast5": 26.7,
        "savesProjLast3": 29.0,
        "oppSavesAgainstProj": 30.5,
        "oppSavesAgainstProjLast5": 26.9,
        "oppSavesAgainstProjLast3": 30.0,
        "totalOver": 51,
        "totalOverLast5": 80,
        "totalOverLast15": 60,
        "lastTotalOver": 56,
        "last5": "3,4,4,1,2,4,4,2,0,1",
        "overOdds": "-180",
        "underOdds": "+145",
        "overUnder": "-180 / +145"
    },
    {
        "player": "Alex Tuch",
        "team": "BUF",
        "opponent": "NJ",
        "propType": "sog",
        "line": 2.5,
        "ppLine": "PP1",
        "avg": 2.82,
        "hit": false,
        "diffAvg": 0.13,
        "diffAbs": 0.16,
        "lastAvg": 2.78,
        "diff": 0.11,
        "avgMin": 19,
        "proj": 2.9,
        "lastAvgMin": 18.4,
        "oppOver": 0,
        "teamOver": 0,
        "gameLine": "+155",
        "+/-": "+7",
        "L5_+/-": -1.0,
        "prevMatchup": "2022-11-25 2.0 sog",
        "winLossSplits": "3.19 - 2.47",
        "awayHome": "H",
        "playedYesterday": "N",
        "awayHomeSplits": "2.78 - 2.87",
        "savesAboveExp": 0.109,
        "gsaa": 5.73,
        "corsi": "51.2% (57.8) // 51.4% (57.5) // 54.1% (58.0) // 55.8% (55.5)",
        "fenwick": "49.7% (43.5) // 49.8% (43.3) // 54.6% (46.0) // 55.1% (46.0)",
        "shots": "49.3% (31.9) // 48.6% (30.6) // 51.9% (29.9) // 52.3% (28.5)",
        "scoring": "50.0% (30.6) // 47.9% (28.7) // 48.7% (28.2) // 46.6% (27.5)",
        "corsiAgainst": "48.8% (55.0) // 48.6% (54.5) // 45.9% (49.2) // 44.2% (44.0)",
        "fenwickAgainst": "50.3% (44.0) // 50.2% (43.7) // 45.4% (38.2) // 44.9% (37.5)",
        "shotsAgainst": "50.7% (32.8) // 51.4% (32.4) // 48.1% (27.7) // 47.7% (26.0)",
        "scoringAgainst": "50.0% (30.7) // 52.1% (31.2) // 51.3% (29.6) // 53.4% (31.5)",
        "oppCorsi": "53.4% (63.2) // 53.4% (63.2) // 52.4% (64.1) // 51.1% (64.9)",
        "oppFenwick": "53.7% (46.7) // 53.8% (46.3) // 53.2% (48.0) // 52.0% (50.3)",
        "oppShots": "55.0% (34.1) // 55.8% (34.4) // 54.9% (34.8) // 56.5% (39.6)",
        "oppScoring": "55.6% (34.3) // 57.1% (34.6) // 54.9% (33.9) // 52.3% (33.1)",
        "oppCorsiAgainst": "46.6% (55.2) // 46.6% (55.2) // 47.6% (58.3) // 48.9% (62.0)",
        "oppFenwickAgainst": "46.3% (40.2) // 46.2% (39.8) // 46.8% (42.2) // 48.0% (46.4)",
        "oppShotsAgainst": "45.0% (27.9) // 44.2% (27.3) // 45.1% (28.6) // 43.5% (30.5)",
        "oppScoringAgainst": "44.4% (27.4) // 42.9% (26.0) // 45.1% (27.9) // 47.7% (30.2)",
        "savesPerGame": 29.3,
        "savesPerGameLast1": 20.0,
        "savesPerGameLast3": 18.3,
        "savesPerGameLast5": 23.0,
        "savesPer60": 29.4,
        "savesPer60Last1": 19.8,
        "savesPer60Last3": 18.3,
        "savesPer60Last5": 23.3,
        "shotsPerGame": 32.2,
        "shotsPerGameLast5": 30.2,
        "shotsAgainstPerGame": 33.0,
        "shotsAgainstPerGameLast5": 28.2,
        "oppSavesAgainstPer60": 31.2,
        "oppSavesAgainstPer60Last1": 47.0,
        "oppSavesAgainstPer60Last3": 37.7,
        "oppSavesAgainstPer60Last5": 33.2,
        "oppShotsAgainstPerGame": 28.3,
        "oppShotsAgainstPerGameLast5": 29.6,
        "savesProj": 35.5,
        "savesProjLast5": 30.3,
        "savesProjLast3": 27.0,
        "oppSavesAgainstProj": 32.3,
        "oppSavesAgainstProjLast5": 27.3,
        "oppSavesAgainstProjLast3": 25.0,
        "totalOver": 63,
        "totalOverLast5": 40,
        "totalOverLast15": 47,
        "lastTotalOver": 58,
        "last5": "2,0,1,3,5,5,0,2,3,2",
        "overOdds": "-120",
        "underOdds": "-110",
        "overUnder": "-120 / -110"
    },
    {
        "player": "Dawson Mercer",
        "team": "NJ",
        "opponent": "BUF",
        "propType": "sog",
        "line": 1.5,
        "ppLine": "PP1",
        "avg": 1.99,
        "hit": false,
        "diffAvg": 0.33,
        "diffAbs": 0.2,
        "lastAvg": 1.88,
        "diff": 0.25,
        "avgMin": 16,
        "proj": 1.8,
        "lastAvgMin": 16.53,
        "oppOver": 0,
        "teamOver": 0,
        "gameLine": "-180",
        "+/-": "+19",
        "L5_+/-": 0.0,
        "prevMatchup": "2022-11-25 4.0 sog",
        "winLossSplits": "1.74 - 2.23",
        "awayHome": "A",
        "playedYesterday": "N",
        "awayHomeSplits": "2.31 - 1.67",
        "savesAboveExp": "-",
        "gsaa": "-",
        "corsi": "53.4% (63.2) // 53.4% (63.2) // 52.4% (64.1) // 51.1% (64.9)",
        "fenwick": "53.7% (46.7) // 53.8% (46.3) // 53.2% (48.0) // 52.0% (50.3)",
        "shots": "55.0% (34.1) // 55.8% (34.4) // 54.9% (34.8) // 56.5% (39.6)",
        "scoring": "55.6% (34.3) // 57.1% (34.6) // 54.9% (33.9) // 52.3% (33.1)",
        "corsiAgainst": "46.6% (55.2) // 46.6% (55.2) // 47.6% (58.3) // 48.9% (62.0)",
        "fenwickAgainst": "46.3% (40.2) // 46.2% (39.8) // 46.8% (42.2) // 48.0% (46.4)",
        "shotsAgainst": "45.0% (27.9) // 44.2% (27.3) // 45.1% (28.6) // 43.5% (30.5)",
        "scoringAgainst": "44.4% (27.4) // 42.9% (26.0) // 45.1% (27.9) // 47.7% (30.2)",
        "oppCorsi": "51.2% (57.8) // 51.4% (57.5) // 54.1% (58.0) // 55.8% (55.5)",
        "oppFenwick": "49.7% (43.5) // 49.8% (43.3) // 54.6% (46.0) // 55.1% (46.0)",
        "oppShots": "49.3% (31.9) // 48.6% (30.6) // 51.9% (29.9) // 52.3% (28.5)",
        "oppScoring": "50.0% (30.6) // 47.9% (28.7) // 48.7% (28.2) // 46.6% (27.5)",
        "oppCorsiAgainst": "48.8% (55.0) // 48.6% (54.5) // 45.9% (49.2) // 44.2% (44.0)",
        "oppFenwickAgainst": "50.3% (44.0) // 50.2% (43.7) // 45.4% (38.2) // 44.9% (37.5)",
        "oppShotsAgainst": "50.7% (32.8) // 51.4% (32.4) // 48.1% (27.7) // 47.7% (26.0)",
        "oppScoringAgainst": "50.0% (30.7) // 52.1% (31.2) // 51.3% (29.6) // 53.4% (31.5)",
        "savesPerGame": 25.6,
        "savesPerGameLast1": 27.0,
        "savesPerGameLast3": 28.7,
        "savesPerGameLast5": 26.6,
        "savesPer60": 25.8,
        "savesPer60Last1": 29.2,
        "savesPer60Last3": 29.2,
        "savesPer60Last5": 27.3,
        "shotsPerGame": 34.6,
        "shotsPerGameLast5": 36.0,
        "shotsAgainstPerGame": 28.3,
        "shotsAgainstPerGameLast5": 29.6,
        "oppSavesAgainstPer60": 28.6,
        "oppSavesAgainstPer60Last1": 28.0,
        "oppSavesAgainstPer60Last3": 29.8,
        "oppSavesAgainstPer60Last5": 27.5,
        "oppShotsAgainstPerGame": 33.0,
        "oppShotsAgainstPerGameLast5": 28.2,
        "savesProj": 25.1,
        "savesProjLast5": 25.6,
        "savesProjLast3": 29.8,
        "oppSavesAgainstProj": 25.9,
        "oppSavesAgainstProjLast5": 24.5,
        "oppSavesAgainstProjLast3": 27.9,
        "totalOver": 48,
        "totalOverLast5": 60,
        "totalOverLast15": 53,
        "lastTotalOver": 56,
        "last5": "1,1,3,2,2,1,4,3,0,4",
        "overOdds": "-190",
        "underOdds": "+155",
        "overUnder": "-190 / +155"
    },
    {
        "player": "Dougie Hamilton",
        "team": "NJ",
        "opponent": "BUF",
        "propType": "sog",
        "line": 2.5,
        "ppLine": "PP1",
        "avg": 3.44,
        "hit": false,
        "diffAvg": 0.38,
        "diffAbs": 0.32,
        "lastAvg": 3.18,
        "diff": 0.27,
        "avgMin": 22,
        "proj": 3.3,
        "lastAvgMin": 21.22,
        "oppOver": 0,
        "teamOver": 0,
        "gameLine": "-180",
        "+/-": "+22",
        "L5_+/-": 0.0,
        "prevMatchup": "2022-11-25 2.0 sog",
        "winLossSplits": "3.55 - 3.24",
        "awayHome": "A",
        "playedYesterday": "N",
        "awayHomeSplits": "3.2 - 3.67",
        "savesAboveExp": "-",
        "gsaa": "-",
        "corsi": "53.4% (63.2) // 53.4% (63.2) // 52.4% (64.1) // 51.1% (64.9)",
        "fenwick": "53.7% (46.7) // 53.8% (46.3) // 53.2% (48.0) // 52.0% (50.3)",
        "shots": "55.0% (34.1) // 55.8% (34.4) // 54.9% (34.8) // 56.5% (39.6)",
        "scoring": "55.6% (34.3) // 57.1% (34.6) // 54.9% (33.9) // 52.3% (33.1)",
        "corsiAgainst": "46.6% (55.2) // 46.6% (55.2) // 47.6% (58.3) // 48.9% (62.0)",
        "fenwickAgainst": "46.3% (40.2) // 46.2% (39.8) // 46.8% (42.2) // 48.0% (46.4)",
        "shotsAgainst": "45.0% (27.9) // 44.2% (27.3) // 45.1% (28.6) // 43.5% (30.5)",
        "scoringAgainst": "44.4% (27.4) // 42.9% (26.0) // 45.1% (27.9) // 47.7% (30.2)",
        "oppCorsi": "51.2% (57.8) // 51.4% (57.5) // 54.1% (58.0) // 55.8% (55.5)",
        "oppFenwick": "49.7% (43.5) // 49.8% (43.3) // 54.6% (46.0) // 55.1% (46.0)",
        "oppShots": "49.3% (31.9) // 48.6% (30.6) // 51.9% (29.9) // 52.3% (28.5)",
        "oppScoring": "50.0% (30.6) // 47.9% (28.7) // 48.7% (28.2) // 46.6% (27.5)",
        "oppCorsiAgainst": "48.8% (55.0) // 48.6% (54.5) // 45.9% (49.2) // 44.2% (44.0)",
        "oppFenwickAgainst": "50.3% (44.0) // 50.2% (43.7) // 45.4% (38.2) // 44.9% (37.5)",
        "oppShotsAgainst": "50.7% (32.8) // 51.4% (32.4) // 48.1% (27.7) // 47.7% (26.0)",
        "oppScoringAgainst": "50.0% (30.7) // 52.1% (31.2) // 51.3% (29.6) // 53.4% (31.5)",
        "savesPerGame": 25.6,
        "savesPerGameLast1": 27.0,
        "savesPerGameLast3": 28.7,
        "savesPerGameLast5": 26.6,
        "savesPer60": 25.8,
        "savesPer60Last1": 29.2,
        "savesPer60Last3": 29.2,
        "savesPer60Last5": 27.3,
        "shotsPerGame": 34.6,
        "shotsPerGameLast5": 36.0,
        "shotsAgainstPerGame": 28.3,
        "shotsAgainstPerGameLast5": 29.6,
        "oppSavesAgainstPer60": 28.6,
        "oppSavesAgainstPer60Last1": 28.0,
        "oppSavesAgainstPer60Last3": 29.8,
        "oppSavesAgainstPer60Last5": 27.5,
        "oppShotsAgainstPerGame": 33.0,
        "oppShotsAgainstPerGameLast5": 28.2,
        "savesProj": 25.1,
        "savesProjLast5": 25.6,
        "savesProjLast3": 29.8,
        "oppSavesAgainstProj": 25.9,
        "oppSavesAgainstProjLast5": 24.5,
        "oppSavesAgainstProjLast3": 27.9,
        "totalOver": 62,
        "totalOverLast5": 60,
        "totalOverLast15": 33,
        "lastTotalOver": 69,
        "last5": "9,2,5,5,2,0,2,1,2,4",
        "overOdds": "-160",
        "underOdds": "+130",
        "overUnder": "-160 / +130"
    },
    {
        "player": "Dylan Cozens",
        "team": "BUF",
        "opponent": "NJ",
        "propType": "sog",
        "line": 2.5,
        "ppLine": "PP2",
        "avg": 2.58,
        "hit": false,
        "diffAvg": 0.03,
        "diffAbs": 0.2,
        "lastAvg": 2.03,
        "diff": -0.19,
        "avgMin": 16,
        "proj": 2.0,
        "lastAvgMin": 15.88,
        "oppOver": 0,
        "teamOver": 0,
        "gameLine": "+155",
        "+/-": -1,
        "L5_+/-": -6.0,
        "prevMatchup": "2022-11-25 1.0 sog",
        "winLossSplits": "2.93 - 2.15",
        "awayHome": "H",
        "playedYesterday": "N",
        "awayHomeSplits": "2.45 - 2.69",
        "savesAboveExp": 0.109,
        "gsaa": 5.73,
        "corsi": "51.2% (57.8) // 51.4% (57.5) // 54.1% (58.0) // 55.8% (55.5)",
        "fenwick": "49.7% (43.5) // 49.8% (43.3) // 54.6% (46.0) // 55.1% (46.0)",
