[
    {
        "player": "Ilya Samsonov",
        "team": "TOR",
        "opponent": "FLA",
        "propType": "sv",
        "line": 28.5,
        "ppLine": "",
        "avg": 25.58,
        "hit": false,
        "diffAvg": -0.1,
        "diffAbs": 0.19,
        "lastAvg": 20.94,
        "diff": -0.27,
        "avgMin": 59,
        "proj": 23.0,
        "lastAvgMin": 53.65,
        "oppOver": 78,
        "teamOver": 36,
        "gameLine": "-145",
        "+/-": 0,
        "L5_+/-": 0,
        "prevMatchup": "2023-01-17 fla @ tor 15.0 sv 2023-03-23 tor @ fla 33.0 sv",
        "winLossSplits": "26.14 - 25.27",
        "awayHome": "H",
        "playedYesterday": "N",
        "awayHomeSplits": "26.57 - 24.95",
        "savesAboveExp": 0.388,
        "gsaa": 9.72,
        "corsi": "50.9% (57.4) // 47.8% (53.8) // 57.7% (65.2) // 57.6% (66.7)",
        "fenwick": "51.7% (43.7) // 47.7% (40.5) // 56.4% (48.2) // 57.0% (50.3)",
        "shots": "52.1% (31.6) // 47.9% (28.9) // 53.0% (33.0) // 54.4% (35.0)",
        "scoring": "54.0% (33.4) // 51.8% (30.4) // 63.3% (38.8) // 64.7% (41.0)",
        "corsiAgainst": "49.1% (55.4) // 52.2% (58.7) // 42.3% (47.8) // 42.4% (49.0)",
        "fenwickAgainst": "48.3% (40.8) // 52.3% (44.4) // 43.6% (37.2) // 43.0% (38.0)",
        "shotsAgainst": "47.9% (29.0) // 52.1% (31.5) // 47.0% (29.2) // 45.6% (29.3)",
        "scoringAgainst": "46.0% (28.5) // 48.2% (28.3) // 36.7% (22.5) // 35.3% (22.3)",
        "oppCorsi": "54.5% (66.4) // 59.4% (68.7) // 57.8% (66.2) // 55.0% (64.7)",
        "oppFenwick": "53.9% (50.0) // 57.3% (50.5) // 56.4% (49.2) // 53.8% (47.3)",
        "oppShots": "53.9% (36.6) // 57.5% (37.5) // 54.8% (34.4) // 51.8% (34.3)",
        "oppScoring": "54.9% (34.8) // 59.6% (34.4) // 56.3% (32.2) // 53.0% (29.7)",
        "oppCorsiAgainst": "45.5% (55.4) // 40.6% (47.0) // 42.2% (48.4) // 45.0% (53.0)",
        "oppFenwickAgainst": "46.1% (42.8) // 42.7% (37.6) // 43.6% (38.0) // 46.2% (40.7)",
        "oppShotsAgainst": "46.1% (31.4) // 42.5% (27.8) // 45.2% (28.4) // 48.2% (32.0)",
        "oppScoringAgainst": "45.1% (28.6) // 40.4% (23.3) // 43.7% (25.0) // 47.0% (26.3)",
        "savesPerGame": 26.5,
        "savesPerGameLast1": 23.0,
        "savesPerGameLast3": 26.3,
        "savesPerGameLast5": 29.8,
        "savesPer60": 26.5,
        "savesPer60Last1": 23.0,
        "savesPer60Last3": 26.1,
        "savesPer60Last5": 30.1,
        "shotsPerGame": 31.8,
        "shotsPerGameLast5": 32.2,
        "shotsAgainstPerGame": 29.3,
        "shotsAgainstPerGameLast5": 33.8,
        "oppSavesAgainstPer60": 33.3,
        "oppSavesAgainstPer60Last1": 32.9,
        "oppSavesAgainstPer60Last3": 31.8,
        "oppSavesAgainstPer60Last5": 31.3,
        "oppShotsAgainstPerGame": 31.6,
        "oppShotsAgainstPerGameLast5": 28.4,
        "savesProj": 31.7,
        "savesProjLast5": 33.7,
        "savesProjLast3": 29.8,
        "oppSavesAgainstProj": 31.4,
        "oppSavesAgainstProjLast5": 31.1,
        "oppSavesAgainstProjLast3": 27.2,
        "totalOver": 28,
        "totalOverLast5": 40,
        "totalOverLast15": 27,
        "lastTotalOver": 35,
        "last5": "22,32,28,30,27,26,24,29,23,27",
        "overOdds": "-120",
        "underOdds": "-110",
        "overUnder": "-120 / -110"
    },
    {
        "player": "Darcy Kuemper",
        "team": "WSH",
        "opponent": "NYI",
        "propType": "sv",
        "line": 26.5,
        "ppLine": "",
        "avg": 26.72,
        "hit": false,
        "diffAvg": 0.01,
        "diffAbs": 0.18,
        "lastAvg": 22.14,
        "diff": -0.16,
        "avgMin": 56,
        "proj": 21.7,
        "lastAvgMin": 57.17,
        "oppOver": 51,
        "teamOver": 51,
        "gameLine": "-105",
        "+/-": 0,
        "L5_+/-": 0,
        "prevMatchup": "2023-01-16 wsh @ nyi 27.0 sv 2023-03-11 wsh @ nyi 18.0 sv",
        "winLossSplits": "27.18 - 28.78",
        "awayHome": "H",
        "playedYesterday": "N",
        "awayHomeSplits": "26.57 - 26.91",
        "savesAboveExp": 0.193,
        "gsaa": 9.67,
        "corsi": "50.8% (59.6) // 49.7% (57.2) // 50.6% (61.8) // 50.6% (62.0)",
        "fenwick": "50.6% (43.8) // 48.4% (41.9) // 50.3% (47.5) // 50.5% (47.5)",
        "shots": "50.7% (31.2) // 48.3% (30.4) // 47.9% (33.4) // 47.7% (31.0)",
        "scoring": "51.0% (29.8) // 49.8% (29.2) // 55.1% (33.4) // 58.5% (38.0)",
        "corsiAgainst": "49.2% (57.6) // 50.3% (57.8) // 49.4% (60.3) // 49.4% (60.5)",
        "fenwickAgainst": "49.4% (42.7) // 51.6% (44.8) // 49.7% (47.0) // 49.5% (46.5)",
        "shotsAgainst": "49.3% (30.3) // 51.7% (32.5) // 52.1% (36.3) // 52.3% (34.0)",
        "scoringAgainst": "49.0% (28.7) // 50.2% (29.4) // 44.9% (27.2) // 41.5% (27.0)",
        "oppCorsi": "49.0% (57.9) // 50.8% (59.3) // 48.5% (58.1) // 50.4% (62.8)",
        "oppFenwick": "49.0% (42.3) // 51.3% (43.3) // 50.1% (44.4) // 51.4% (47.5)",
        "oppShots": "49.4% (30.3) // 51.0% (30.8) // 51.8% (32.2) // 51.8% (33.2)",
        "oppScoring": "49.5% (30.3) // 48.7% (29.2) // 46.5% (29.9) // 47.8% (32.2)",
        "oppCorsiAgainst": "51.0% (60.2) // 49.2% (57.5) // 51.5% (61.6) // 49.6% (61.8)",
        "oppFenwickAgainst": "51.0% (44.1) // 48.7% (41.1) // 49.9% (44.1) // 48.6% (44.8)",
        "oppShotsAgainst": "50.6% (31.0) // 49.0% (29.6) // 48.2% (29.9) // 48.2% (30.9)",
        "oppScoringAgainst": "50.5% (30.9) // 51.3% (30.8) // 53.5% (34.4) // 52.2% (35.2)",
        "savesPerGame": 27.5,
        "savesPerGameLast1": 36.0,
        "savesPerGameLast3": 31.7,
        "savesPerGameLast5": 29.4,
        "savesPer60": 27.5,
        "savesPer60Last1": 35.3,
        "savesPer60Last3": 31.9,
        "savesPer60Last5": 29.0,
        "shotsPerGame": 31.5,
        "shotsPerGameLast5": 33.8,
        "shotsAgainstPerGame": 30.6,
        "shotsAgainstPerGameLast5": 33.8,
        "oppSavesAgainstPer60": 27.6,
        "oppSavesAgainstPer60Last1": 31.0,
        "oppSavesAgainstPer60Last3": 30.3,
        "oppSavesAgainstPer60Last5": 28.4,
        "oppShotsAgainstPerGame": 31.3,
        "oppShotsAgainstPerGameLast5": 30.0,
        "savesProj": 26.6,
        "savesProjLast5": 28.8,
        "savesProjLast3": 33.8,
        "oppSavesAgainstProj": 26.9,
        "oppSavesAgainstProjLast5": 30.3,
        "oppSavesAgainstProjLast3": 34.7,
        "totalOver": 46,
        "totalOverLast5": 60,
        "totalOverLast15": 53,
        "lastTotalOver": 48,
        "last5": "36,27,17,31,18,38,37,38,21,14",
        "overOdds": "-125",
        "underOdds": "-105",
        "overUnder": "-125 / -105"
    },
    {
        "player": "Ilya Sorokin",
        "team": "NYI",
        "opponent": "WSH",
        "propType": "sv",
        "line": 28.5,
        "ppLine": "",
        "avg": 27.82,
        "hit": false,
        "diffAvg": -0.02,
        "diffAbs": 0.01,
        "lastAvg": 29.23,
        "diff": 0.03,
        "avgMin": 58,
        "proj": 28.7,
        "lastAvgMin": 59.07,
        "oppOver": 46,
        "teamOver": 47,
        "gameLine": "-115",
        "+/-": 0,
        "L5_+/-": 0,
        "prevMatchup": "2023-01-16 wsh @ nyi 31.0 sv 2023-03-11 wsh @ nyi 22.0 sv",
        "winLossSplits": "27.85 - 28.27",
        "awayHome": "A",
        "playedYesterday": "N",
        "awayHomeSplits": "27.72 - 27.9",
        "savesAboveExp": 0.704,
        "gsaa": 31.9,
        "corsi": "49.0% (57.9) // 50.8% (59.3) // 48.5% (58.1) // 50.4% (62.8)",
        "fenwick": "49.0% (42.3) // 51.3% (43.3) // 50.1% (44.4) // 51.4% (47.5)",
        "shots": "49.4% (30.3) // 51.0% (30.8) // 51.8% (32.2) // 51.8% (33.2)",
        "scoring": "49.5% (30.3) // 48.7% (29.2) // 46.5% (29.9) // 47.8% (32.2)",
        "corsiAgainst": "51.0% (60.2) // 49.2% (57.5) // 51.5% (61.6) // 49.6% (61.8)",
        "fenwickAgainst": "51.0% (44.1) // 48.7% (41.1) // 49.9% (44.1) // 48.6% (44.8)",
        "shotsAgainst": "50.6% (31.0) // 49.0% (29.6) // 48.2% (29.9) // 48.2% (30.9)",
        "scoringAgainst": "50.5% (30.9) // 51.3% (30.8) // 53.5% (34.4) // 52.2% (35.2)",
        "oppCorsi": "50.8% (59.6) // 49.7% (57.2) // 50.6% (61.8) // 50.6% (62.0)",
        "oppFenwick": "50.6% (43.8) // 48.4% (41.9) // 50.3% (47.5) // 50.5% (47.5)",
        "oppShots": "50.7% (31.2) // 48.3% (30.4) // 47.9% (33.4) // 47.7% (31.0)",
        "oppScoring": "51.0% (29.8) // 49.8% (29.2) // 55.1% (33.4) // 58.5% (38.0)",
        "oppCorsiAgainst": "49.2% (57.6) // 50.3% (57.8) // 49.4% (60.3) // 49.4% (60.5)",
        "oppFenwickAgainst": "49.4% (42.7) // 51.6% (44.8) // 49.7% (47.0) // 49.5% (46.5)",
        "oppShotsAgainst": "49.3% (30.3) // 51.7% (32.5) // 52.1% (36.3) // 52.3% (34.0)",
        "oppScoringAgainst": "49.0% (28.7) // 50.2% (29.4) // 44.9% (27.2) // 41.5% (27.0)",
        "savesPerGame": 28.6,
        "savesPerGameLast1": 30.0,
        "savesPerGameLast3": 28.3,
        "savesPerGameLast5": 27.8,
        "savesPer60": 28.6,
        "savesPer60Last1": 30.0,
        "savesPer60Last3": 28.2,
        "savesPer60Last5": 27.7,
        "shotsPerGame": 30.6,
        "shotsPerGameLast5": 32.4,
        "shotsAgainstPerGame": 31.3,
        "shotsAgainstPerGameLast5": 30.0,
        "oppSavesAgainstPer60": 28.5,
        "oppSavesAgainstPer60Last1": 31.6,
        "oppSavesAgainstPer60Last3": 28.1,
        "oppSavesAgainstPer60Last5": 29.7,
        "oppShotsAgainstPerGame": 30.6,
        "oppShotsAgainstPerGameLast5": 33.8,
        "savesProj": 29.5,
        "savesProjLast5": 30.0,
        "savesProjLast3": 28.7,
        "oppSavesAgainstProj": 28.8,
        "oppSavesAgainstProjLast5": 29.0,
        "oppSavesAgainstProjLast3": 27.5,
        "totalOver": 45,
        "totalOverLast5": 40,
        "totalOverLast15": 47,
        "lastTotalOver": 54,
        "last5": "30,22,25,29,20,32,33,22,22,30",
        "overOdds": "-105",
        "underOdds": "-125",
        "overUnder": "-105 / -125"
    },
    {
        "player": "Alexandar Georgiev",
        "team": "COL",
        "opponent": "MIN",
        "propType": "sv",
        "line": 25.5,
        "ppLine": "",
        "avg": 28.46,
        "hit": false,
        "diffAvg": 0.12,
        "diffAbs": 0.07,
        "lastAvg": 21.34,
        "diff": -0.16,
        "avgMin": 59,
        "proj": 23.8,
        "lastAvgMin": 52.9,
        "oppOver": 62,
        "teamOver": 68,
        "gameLine": "-155",
        "+/-": 0,
        "L5_+/-": 0,
        "prevMatchup": "2022-10-17 col @ min 36.0 sv 2023-02-15 col @ min 41.0 sv",
        "winLossSplits": "28.24 - 29.57",
        "awayHome": "H",
        "playedYesterday": "N",
        "awayHomeSplits": "29.72 - 27.38",
        "savesAboveExp": 0.16,
        "gsaa": 24.43,
        "corsi": "52.3% (59.9) // 56.1% (63.1) // 54.4% (63.3) // 58.6% (65.2)",
        "fenwick": "51.5% (44.0) // 55.0% (45.6) // 53.2% (46.0) // 57.5% (47.4)",
        "shots": "51.5% (32.7) // 54.1% (32.1) // 52.8% (33.0) // 57.6% (34.4)",
        "scoring": "53.4% (30.1) // 58.4% (33.2) // 58.8% (33.6) // 61.2% (33.7)",
        "corsiAgainst": "47.7% (54.7) // 43.9% (49.4) // 45.6% (53.1) // 41.4% (46.1)",
        "fenwickAgainst": "48.5% (41.4) // 45.0% (37.3) // 46.8% (40.5) // 42.5% (35.0)",
        "shotsAgainst": "48.5% (30.8) // 45.9% (27.2) // 47.2% (29.5) // 42.4% (25.3)",
        "scoringAgainst": "46.6% (26.3) // 41.6% (23.6) // 41.2% (23.6) // 38.8% (21.4)",
        "oppCorsi": "50.2% (57.4) // 46.5% (52.4) // 46.4% (51.9) // 44.8% (46.1)",
        "oppFenwick": "51.1% (43.4) // 47.1% (40.9) // 47.3% (41.0) // 45.3% (36.0)",
        "oppShots": "50.3% (30.5) // 44.7% (28.3) // 43.8% (26.7) // 42.6% (22.4)",
        "oppScoring": "50.8% (28.2) // 45.6% (24.6) // 44.9% (23.0) // 41.4% (19.5)",
        "oppCorsiAgainst": "49.8% (57.0) // 53.5% (60.4) // 53.6% (60.0) // 55.2% (56.8)",
        "oppFenwickAgainst": "48.9% (41.5) // 52.9% (46.0) // 52.7% (45.7) // 54.7% (43.5)",
        "oppShotsAgainst": "49.7% (30.1) // 55.3% (35.1) // 56.2% (34.3) // 57.4% (30.2)",
        "oppScoringAgainst": "49.2% (27.3) // 54.4% (29.3) // 55.1% (28.3) // 58.6% (27.6)",
        "savesPerGame": 28.6,
        "savesPerGameLast1": 29.0,
        "savesPerGameLast3": 24.3,
        "savesPerGameLast5": 28.0,
        "savesPer60": 28.6,
        "savesPer60Last1": 28.9,
        "savesPer60Last3": 24.9,
        "savesPer60Last5": 28.0,
        "shotsPerGame": 33.2,
        "shotsPerGameLast5": 33.6,
        "shotsAgainstPerGame": 31.3,
        "shotsAgainstPerGameLast5": 30.0,
        "oppSavesAgainstPer60": 28.5,
        "oppSavesAgainstPer60Last1": 14.9,
        "oppSavesAgainstPer60Last3": 19.4,
        "oppSavesAgainstPer60Last5": 24.4,
        "oppShotsAgainstPerGame": 30.7,
        "oppShotsAgainstPerGameLast5": 35.4,
        "savesProj": 28.4,
        "savesProjLast5": 23.5,
        "savesProjLast3": 16.7,
        "oppSavesAgainstProj": 29.1,
        "oppSavesAgainstProjLast5": 26.4,
        "oppSavesAgainstProjLast3": 19.5,
        "totalOver": 69,
        "totalOverLast5": 80,
        "totalOverLast15": 53,
        "lastTotalOver": 44,
        "last5": "27,17,40,27,33,17,15,18,26,13",
        "overOdds": "-115",
        "underOdds": "-115",
        "overUnder": "-115 / -115"
    },
    {
        "player": "Filip Gustavsson",
        "team": "MIN",
        "opponent": "COL",
        "propType": "sv",
        "line": 30.5,
        "ppLine": "",
        "avg": 27.15,
        "hit": false,
        "diffAvg": -0.11,
        "diffAbs": 0.07,
        "lastAvg": 28.44,
        "diff": -0.07,
        "avgMin": 58,
        "proj": 28.4,
        "lastAvgMin": 58.18,
        "oppOver": 37,
        "teamOver": 36,
        "gameLine": "+135",
        "+/-": 0,
        "L5_+/-": 0,
        "prevMatchup": "2022-10-17 col @ min 32.0 sv 2023-02-15 col @ min 16.0 sv",
        "winLossSplits": "28.55 - 26.27",
        "awayHome": "A",
        "playedYesterday": "N",
        "awayHomeSplits": "28.15 - 26.52",
        "savesAboveExp": 0.594,
        "gsaa": 27.99,
        "corsi": "50.2% (57.4) // 46.5% (52.4) // 46.4% (51.9) // 44.8% (46.1)",
        "fenwick": "51.1% (43.4) // 47.1% (40.9) // 47.3% (41.0) // 45.3% (36.0)",
        "shots": "50.3% (30.5) // 44.7% (28.3) // 43.8% (26.7) // 42.6% (22.4)",
        "scoring": "50.8% (28.2) // 45.6% (24.6) // 44.9% (23.0) // 41.4% (19.5)",
        "corsiAgainst": "49.8% (57.0) // 53.5% (60.4) // 53.6% (60.0) // 55.2% (56.8)",
        "fenwickAgainst": "48.9% (41.5) // 52.9% (46.0) // 52.7% (45.7) // 54.7% (43.5)",
        "shotsAgainst": "49.7% (30.1) // 55.3% (35.1) // 56.2% (34.3) // 57.4% (30.2)",
        "scoringAgainst": "49.2% (27.3) // 54.4% (29.3) // 55.1% (28.3) // 58.6% (27.6)",
        "oppCorsi": "52.3% (59.9) // 56.1% (63.1) // 54.4% (63.3) // 58.6% (65.2)",
        "oppFenwick": "51.5% (44.0) // 55.0% (45.6) // 53.2% (46.0) // 57.5% (47.4)",
        "oppShots": "51.5% (32.7) // 54.1% (32.1) // 52.8% (33.0) // 57.6% (34.4)",
        "oppScoring": "53.4% (30.1) // 58.4% (33.2) // 58.8% (33.6) // 61.2% (33.7)",
        "oppCorsiAgainst": "47.7% (54.7) // 43.9% (49.4) // 45.6% (53.1) // 41.4% (46.1)",
        "oppFenwickAgainst": "48.5% (41.4) // 45.0% (37.3) // 46.8% (40.5) // 42.5% (35.0)",
        "oppShotsAgainst": "48.5% (30.8) // 45.9% (27.2) // 47.2% (29.5) // 42.4% (25.3)",
        "oppScoringAgainst": "46.6% (26.3) // 41.6% (23.6) // 41.2% (23.6) // 38.8% (21.4)",
        "savesPerGame": 28.1,
        "savesPerGameLast1": 35.0,
        "savesPerGameLast3": 29.0,
        "savesPerGameLast5": 33.4,
        "savesPer60": 28.4,
        "savesPer60Last1": 35.0,
        "savesPer60Last3": 29.7,
        "savesPer60Last5": 34.4,
        "shotsPerGame": 31.1,
        "shotsPerGameLast5": 27.6,
        "shotsAgainstPerGame": 30.7,
        "shotsAgainstPerGameLast5": 35.4,
        "oppSavesAgainstPer60": 30.1,
        "oppSavesAgainstPer60Last1": 39.0,
        "oppSavesAgainstPer60Last3": 32.5,
        "oppSavesAgainstPer60Last5": 30.6,
        "oppShotsAgainstPerGame": 31.3,
        "oppShotsAgainstPerGameLast5": 30.0,
        "savesProj": 29.7,
        "savesProjLast5": 36.1,
        "savesProjLast3": 32.9,
        "oppSavesAgainstProj": 30.5,
        "oppSavesAgainstProjLast5": 36.9,
        "oppSavesAgainstProjLast3": 36.5,
        "totalOver": 41,
        "totalOverLast5": 40,
        "totalOverLast15": 40,
        "lastTotalOver": 44,
        "last5": "22,47,33,18,26,31,39,22,33,23",
        "overOdds": "-110",
        "underOdds": "-120",
        "overUnder": "-110 / -120"
    }
]