[
    {
        "player": "Joel Eriksson Ek",
        "team": "MIN",
        "opponent": "PHI",
        "propType": "sog",
        "line": 2.5,
        "ppLine": "PP1",
        "avg": 3.18,
        "hit": false,
        "diffAvg": 0.27,
        "diffAbs": 0.08,
        "lastAvg": 2.69,
        "diff": 0.08,
        "avgMin": 19,
        "proj": 2.7,
        "lastAvgMin": 18.57,
        "oppOver": 0,
        "teamOver": 0,
        "gameLine": "-155",
        "+/-": -2,
        "L5_+/-": "+5.0",
        "prevMatchup": "2023-01-26 2.0 sog",
        "winLossSplits": "3.03 - 3.39",
        "awayHome": "A",
        "playedYesterday": "N",
        "awayHomeSplits": "3.11 - 3.25",
        "savesAboveExp": 0.493,
        "gsaa": 5.7,
        "corsi": "50.4% (57.9) // 49.0% (57.5) // 48.5% (57.6) // 48.5% (59.4)",
        "fenwick": "51.4% (43.7) // 50.9% (45.2) // 49.0% (46.5) // 49.0% (47.4)",
        "shots": "50.6% (30.9) // 48.9% (32.2) // 46.1% (33.1) // 45.0% (32.4)",
        "scoring": "51.1% (28.6) // 50.8% (29.4) // 49.6% (27.9) // 50.0% (28.9)",
        "corsiAgainst": "49.6% (57.0) // 51.0% (60.0) // 51.5% (61.2) // 51.5% (62.9)",
        "fenwickAgainst": "48.6% (41.4) // 49.1% (43.7) // 51.0% (48.5) // 51.0% (49.3)",
        "shotsAgainst": "49.4% (30.1) // 51.1% (33.7) // 53.9% (38.7) // 55.0% (39.6)",
        "scoringAgainst": "48.9% (27.3) // 49.2% (28.4) // 50.4% (28.4) // 50.0% (28.9)",
        "oppCorsi": "46.4% (53.6) // 45.0% (51.6) // 41.9% (48.9) // 36.4% (42.6)",
        "oppFenwick": "47.4% (40.0) // 46.4% (39.9) // 43.0% (38.4) // 38.8% (34.6)",
        "oppShots": "48.1% (29.0) // 45.7% (28.2) // 42.2% (27.2) // 40.5% (26.3)",
        "oppScoring": "44.6% (25.5) // 44.9% (26.1) // 44.6% (27.7) // 41.5% (25.3)",
        "oppCorsiAgainst": "53.6% (61.9) // 55.0% (63.0) // 58.1% (67.9) // 63.6% (74.5)",
        "oppFenwickAgainst": "52.6% (44.4) // 53.6% (46.1) // 57.0% (50.9) // 61.2% (54.5)",
        "oppShotsAgainst": "51.9% (31.3) // 54.3% (33.4) // 57.8% (37.2) // 59.5% (38.6)",
        "oppScoringAgainst": "55.4% (31.7) // 55.1% (31.9) // 55.4% (34.4) // 58.5% (35.6)",
        "savesPerGame": 28.1,
        "savesPerGameLast1": 47.0,
        "savesPerGameLast3": 37.7,
        "savesPerGameLast5": 32.4,
        "savesPer60": 28.3,
        "savesPer60Last1": 50.9,
        "savesPer60Last3": 38.2,
        "savesPer60Last5": 33.1,
        "shotsPerGame": 31.5,
        "shotsPerGameLast5": 33.8,
        "shotsAgainstPerGame": 30.7,
        "shotsAgainstPerGameLast5": 36.2,
        "oppSavesAgainstPer60": 26.6,
        "oppSavesAgainstPer60Last1": 17.9,
        "oppSavesAgainstPer60Last3": 21.3,
        "oppSavesAgainstPer60Last5": 24.8,
        "oppShotsAgainstPerGame": 31.6,
        "oppShotsAgainstPerGameLast5": 36.2,
        "savesProj": 26.9,
        "savesProjLast5": 28.8,
        "savesProjLast3": 29.1,
        "oppSavesAgainstProj": 26.8,
        "oppSavesAgainstProjLast5": 28.7,
        "oppSavesAgainstProjLast3": 27.0,
        "totalOver": 58,
        "totalOverLast5": 40,
        "lastTotalOver": 64,
        "last5": "2,2,6,6,0,6,3,1,7,2",
        "overOdds": "-155",
        "underOdds": "+125",
        "overUnder": "-155 / +125"
    },
    {
        "player": "Kevin Hayes",
        "team": "PHI",
        "opponent": "MIN",
        "propType": "sog",
        "line": 2.5,
        "ppLine": "PP2",
        "avg": 2.68,
        "hit": false,
        "diffAvg": 0.07,
        "diffAbs": 0.0,
        "lastAvg": 2.62,
        "diff": 0.05,
        "avgMin": 17,
        "proj": 2.5,
        "lastAvgMin": 17.92,
        "oppOver": 0,
        "teamOver": 0,
        "gameLine": "+135",
        "+/-": -16,
        "L5_+/-": 0.0,
        "prevMatchup": "2023-01-26 3.0 sog",
        "winLossSplits": "2.85 - 2.35",
        "awayHome": "H",
        "playedYesterday": "N",
        "awayHomeSplits": "2.29 - 3.09",
        "savesAboveExp": 0.594,
        "gsaa": 26.53,
        "corsi": "46.4% (53.6) // 45.0% (51.6) // 41.9% (48.9) // 36.4% (42.6)",
        "fenwick": "47.4% (40.0) // 46.4% (39.9) // 43.0% (38.4) // 38.8% (34.6)",
        "shots": "48.1% (29.0) // 45.7% (28.2) // 42.2% (27.2) // 40.5% (26.3)",
        "scoring": "44.6% (25.5) // 44.9% (26.1) // 44.6% (27.7) // 41.5% (25.3)",
        "corsiAgainst": "53.6% (61.9) // 55.0% (63.0) // 58.1% (67.9) // 63.6% (74.5)",
        "fenwickAgainst": "52.6% (44.4) // 53.6% (46.1) // 57.0% (50.9) // 61.2% (54.5)",
        "shotsAgainst": "51.9% (31.3) // 54.3% (33.4) // 57.8% (37.2) // 59.5% (38.6)",
        "scoringAgainst": "55.4% (31.7) // 55.1% (31.9) // 55.4% (34.4) // 58.5% (35.6)",
        "oppCorsi": "50.4% (57.9) // 49.0% (57.5) // 48.5% (57.6) // 48.5% (59.4)",
        "oppFenwick": "51.4% (43.7) // 50.9% (45.2) // 49.0% (46.5) // 49.0% (47.4)",
        "oppShots": "50.6% (30.9) // 48.9% (32.2) // 46.1% (33.1) // 45.0% (32.4)",
        "oppScoring": "51.1% (28.6) // 50.8% (29.4) // 49.6% (27.9) // 50.0% (28.9)",
        "oppCorsiAgainst": "49.6% (57.0) // 51.0% (60.0) // 51.5% (61.2) // 51.5% (62.9)",
        "oppFenwickAgainst": "48.6% (41.4) // 49.1% (43.7) // 51.0% (48.5) // 51.0% (49.3)",
        "oppShotsAgainst": "49.4% (30.1) // 51.1% (33.7) // 53.9% (38.7) // 55.0% (39.6)",
        "oppScoringAgainst": "48.9% (27.3) // 49.2% (28.4) // 50.4% (28.4) // 50.0% (28.9)",
        "savesPerGame": 28.3,
        "savesPerGameLast1": 41.0,
        "savesPerGameLast3": 35.3,
        "savesPerGameLast5": 32.2,
        "savesPer60": 28.0,
        "savesPer60Last1": 41.0,
        "savesPer60Last3": 35.4,
        "savesPer60Last5": 31.9,
        "shotsPerGame": 29.3,
        "shotsPerGameLast5": 28.2,
        "shotsAgainstPerGame": 31.6,
        "shotsAgainstPerGameLast5": 36.2,
        "oppSavesAgainstPer60": 28.9,
        "oppSavesAgainstPer60Last1": 26.8,
        "oppSavesAgainstPer60Last3": 31.0,
        "oppSavesAgainstPer60Last5": 30.4,
        "oppShotsAgainstPerGame": 30.7,
        "oppShotsAgainstPerGameLast5": 36.2,
        "savesProj": 28.3,
        "savesProjLast5": 33.4,
        "savesProjLast3": 37.9,
        "oppSavesAgainstProj": 28.4,
        "oppSavesAgainstProjLast5": 31.9,
        "oppSavesAgainstProjLast3": 35.1,
        "totalOver": 48,
        "totalOverLast5": 60,
        "lastTotalOver": 51,
        "last5": "1,3,2,5,3,0,2,4,1,0",
        "overOdds": "+100",
        "underOdds": "-130",
        "overUnder": "+100 / -130"
    },
    {
        "player": "Mats Zuccarello",
        "team": "MIN",
        "opponent": "PHI",
        "propType": "sog",
        "line": 2.5,
        "ppLine": "PP1",
        "avg": 2.61,
        "hit": false,
        "diffAvg": 0.04,
        "diffAbs": 0.08,
        "lastAvg": 2.09,
        "diff": -0.16,
        "avgMin": 20,
        "proj": 2.3,
        "lastAvgMin": 18.58,
        "oppOver": 0,
        "teamOver": 0,
        "gameLine": "-155",
        "+/-": "+2",
        "L5_+/-": "+2.0",
        "prevMatchup": "2023-01-26 1.0 sog",
        "winLossSplits": "2.64 - 2.51",
        "awayHome": "A",
        "playedYesterday": "N",
        "awayHomeSplits": "2.71 - 2.51",
        "savesAboveExp": 0.493,
        "gsaa": 5.7,
        "corsi": "50.4% (57.9) // 49.0% (57.5) // 48.5% (57.6) // 48.5% (59.4)",
        "fenwick": "51.4% (43.7) // 50.9% (45.2) // 49.0% (46.5) // 49.0% (47.4)",
        "shots": "50.6% (30.9) // 48.9% (32.2) // 46.1% (33.1) // 45.0% (32.4)",
        "scoring": "51.1% (28.6) // 50.8% (29.4) // 49.6% (27.9) // 50.0% (28.9)",
        "corsiAgainst": "49.6% (57.0) // 51.0% (60.0) // 51.5% (61.2) // 51.5% (62.9)",
        "fenwickAgainst": "48.6% (41.4) // 49.1% (43.7) // 51.0% (48.5) // 51.0% (49.3)",
        "shotsAgainst": "49.4% (30.1) // 51.1% (33.7) // 53.9% (38.7) // 55.0% (39.6)",
        "scoringAgainst": "48.9% (27.3) // 49.2% (28.4) // 50.4% (28.4) // 50.0% (28.9)",
        "oppCorsi": "46.4% (53.6) // 45.0% (51.6) // 41.9% (48.9) // 36.4% (42.6)",
        "oppFenwick": "47.4% (40.0) // 46.4% (39.9) // 43.0% (38.4) // 38.8% (34.6)",
        "oppShots": "48.1% (29.0) // 45.7% (28.2) // 42.2% (27.2) // 40.5% (26.3)",
        "oppScoring": "44.6% (25.5) // 44.9% (26.1) // 44.6% (27.7) // 41.5% (25.3)",
        "oppCorsiAgainst": "53.6% (61.9) // 55.0% (63.0) // 58.1% (67.9) // 63.6% (74.5)",
        "oppFenwickAgainst": "52.6% (44.4) // 53.6% (46.1) // 57.0% (50.9) // 61.2% (54.5)",
        "oppShotsAgainst": "51.9% (31.3) // 54.3% (33.4) // 57.8% (37.2) // 59.5% (38.6)",
        "oppScoringAgainst": "55.4% (31.7) // 55.1% (31.9) // 55.4% (34.4) // 58.5% (35.6)",
        "savesPerGame": 28.1,
        "savesPerGameLast1": 47.0,
        "savesPerGameLast3": 37.7,
        "savesPerGameLast5": 32.4,
        "savesPer60": 28.3,
        "savesPer60Last1": 50.9,
        "savesPer60Last3": 38.2,
        "savesPer60Last5": 33.1,
        "shotsPerGame": 31.5,
        "shotsPerGameLast5": 33.8,
        "shotsAgainstPerGame": 30.7,
        "shotsAgainstPerGameLast5": 36.2,
        "oppSavesAgainstPer60": 26.6,
        "oppSavesAgainstPer60Last1": 17.9,
        "oppSavesAgainstPer60Last3": 21.3,
        "oppSavesAgainstPer60Last5": 24.8,
        "oppShotsAgainstPerGame": 31.6,
        "oppShotsAgainstPerGameLast5": 36.2,
        "savesProj": 26.9,
        "savesProjLast5": 28.8,
        "savesProjLast3": 29.1,
        "oppSavesAgainstProj": 26.8,
        "oppSavesAgainstProjLast5": 28.7,
        "oppSavesAgainstProjLast3": 27.0,
        "totalOver": 49,
        "totalOverLast5": 80,
        "lastTotalOver": 43,
        "last5": "4,4,4,1,3,2,4,3,0,5",
        "overOdds": "-110",
        "underOdds": "-120",
        "overUnder": "-110 / -120"
    },
    {
        "player": "Matthew Boldy",
        "team": "MIN",
        "opponent": "PHI",
        "propType": "sog",
        "line": 3.5,
        "ppLine": "PP1",
        "avg": 3.17,
        "hit": false,
        "diffAvg": -0.09,
        "diffAbs": 0.29,
        "lastAvg": 2.13,
        "diff": -0.39,
        "avgMin": 18,
        "proj": 2.5,
        "lastAvgMin": 15.38,
        "oppOver": 0,
        "teamOver": 0,
        "gameLine": "-155",
        "+/-": -1,
        "L5_+/-": "+8.0",
        "prevMatchup": "2023-01-26 4.0 sog",
        "winLossSplits": "3.27 - 2.93",
        "awayHome": "A",
        "playedYesterday": "N",
        "awayHomeSplits": "3.43 - 2.92",
        "savesAboveExp": 0.493,
        "gsaa": 5.7,
        "corsi": "50.4% (57.9) // 49.0% (57.5) // 48.5% (57.6) // 48.5% (59.4)",
        "fenwick": "51.4% (43.7) // 50.9% (45.2) // 49.0% (46.5) // 49.0% (47.4)",
        "shots": "50.6% (30.9) // 48.9% (32.2) // 46.1% (33.1) // 45.0% (32.4)",
        "scoring": "51.1% (28.6) // 50.8% (29.4) // 49.6% (27.9) // 50.0% (28.9)",
        "corsiAgainst": "49.6% (57.0) // 51.0% (60.0) // 51.5% (61.2) // 51.5% (62.9)",
        "fenwickAgainst": "48.6% (41.4) // 49.1% (43.7) // 51.0% (48.5) // 51.0% (49.3)",
        "shotsAgainst": "49.4% (30.1) // 51.1% (33.7) // 53.9% (38.7) // 55.0% (39.6)",
        "scoringAgainst": "48.9% (27.3) // 49.2% (28.4) // 50.4% (28.4) // 50.0% (28.9)",
        "oppCorsi": "46.4% (53.6) // 45.0% (51.6) // 41.9% (48.9) // 36.4% (42.6)",
        "oppFenwick": "47.4% (40.0) // 46.4% (39.9) // 43.0% (38.4) // 38.8% (34.6)",
        "oppShots": "48.1% (29.0) // 45.7% (28.2) // 42.2% (27.2) // 40.5% (26.3)",
        "oppScoring": "44.6% (25.5) // 44.9% (26.1) // 44.6% (27.7) // 41.5% (25.3)",
        "oppCorsiAgainst": "53.6% (61.9) // 55.0% (63.0) // 58.1% (67.9) // 63.6% (74.5)",
        "oppFenwickAgainst": "52.6% (44.4) // 53.6% (46.1) // 57.0% (50.9) // 61.2% (54.5)",
        "oppShotsAgainst": "51.9% (31.3) // 54.3% (33.4) // 57.8% (37.2) // 59.5% (38.6)",
        "oppScoringAgainst": "55.4% (31.7) // 55.1% (31.9) // 55.4% (34.4) // 58.5% (35.6)",
        "savesPerGame": 28.1,
        "savesPerGameLast1": 47.0,
        "savesPerGameLast3": 37.7,
        "savesPerGameLast5": 32.4,
        "savesPer60": 28.3,
        "savesPer60Last1": 50.9,
        "savesPer60Last3": 38.2,
        "savesPer60Last5": 33.1,
        "shotsPerGame": 31.5,
        "shotsPerGameLast5": 33.8,
        "shotsAgainstPerGame": 30.7,
        "shotsAgainstPerGameLast5": 36.2,
        "oppSavesAgainstPer60": 26.6,
        "oppSavesAgainstPer60Last1": 17.9,
        "oppSavesAgainstPer60Last3": 21.3,
        "oppSavesAgainstPer60Last5": 24.8,
        "oppShotsAgainstPerGame": 31.6,
        "oppShotsAgainstPerGameLast5": 36.2,
        "savesProj": 26.9,
        "savesProjLast5": 28.8,
        "savesProjLast3": 29.1,
        "oppSavesAgainstProj": 26.8,
        "oppSavesAgainstProjLast5": 28.7,
        "oppSavesAgainstProjLast3": 27.0,
        "totalOver": 44,
        "totalOverLast5": 40,
        "lastTotalOver": 32,
        "last5": "5,6,2,1,2,6,2,5,2,4",
        "overOdds": "+120",
        "underOdds": "-150",
        "overUnder": "+120 / -150"
    },
    {
        "player": "Morgan Frost",
        "team": "PHI",
        "opponent": "MIN",
        "propType": "sog",
        "line": 1.5,
        "ppLine": "PP2",
        "avg": 1.84,
        "hit": false,
        "diffAvg": 0.23,
        "diffAbs": 0.2,
        "lastAvg": 1.55,
        "diff": 0.03,
        "avgMin": 16,
        "proj": 1.8,
        "lastAvgMin": 13.92,
        "oppOver": 0,
        "teamOver": 0,
        "gameLine": "+135",
        "+/-": -13,
        "L5_+/-": -3.0,
        "prevMatchup": "2023-01-26 2.0 sog",
        "winLossSplits": "1.84 - 1.81",
        "awayHome": "H",
        "playedYesterday": "N",
        "awayHomeSplits": "1.65 - 2.03",
        "savesAboveExp": 0.594,
        "gsaa": 26.53,
        "corsi": "46.4% (53.6) // 45.0% (51.6) // 41.9% (48.9) // 36.4% (42.6)",
        "fenwick": "47.4% (40.0) // 46.4% (39.9) // 43.0% (38.4) // 38.8% (34.6)",
        "shots": "48.1% (29.0) // 45.7% (28.2) // 42.2% (27.2) // 40.5% (26.3)",
        "scoring": "44.6% (25.5) // 44.9% (26.1) // 44.6% (27.7) // 41.5% (25.3)",
        "corsiAgainst": "53.6% (61.9) // 55.0% (63.0) // 58.1% (67.9) // 63.6% (74.5)",
        "fenwickAgainst": "52.6% (44.4) // 53.6% (46.1) // 57.0% (50.9) // 61.2% (54.5)",
        "shotsAgainst": "51.9% (31.3) // 54.3% (33.4) // 57.8% (37.2) // 59.5% (38.6)",
        "scoringAgainst": "55.4% (31.7) // 55.1% (31.9) // 55.4% (34.4) // 58.5% (35.6)",
        "oppCorsi": "50.4% (57.9) // 49.0% (57.5) // 48.5% (57.6) // 48.5% (59.4)",
        "oppFenwick": "51.4% (43.7) // 50.9% (45.2) // 49.0% (46.5) // 49.0% (47.4)",
        "oppShots": "50.6% (30.9) // 48.9% (32.2) // 46.1% (33.1) // 45.0% (32.4)",
        "oppScoring": "51.1% (28.6) // 50.8% (29.4) // 49.6% (27.9) // 50.0% (28.9)",
        "oppCorsiAgainst": "49.6% (57.0) // 51.0% (60.0) // 51.5% (61.2) // 51.5% (62.9)",
        "oppFenwickAgainst": "48.6% (41.4) // 49.1% (43.7) // 51.0% (48.5) // 51.0% (49.3)",
        "oppShotsAgainst": "49.4% (30.1) // 51.1% (33.7) // 53.9% (38.7) // 55.0% (39.6)",
        "oppScoringAgainst": "48.9% (27.3) // 49.2% (28.4) // 50.4% (28.4) // 50.0% (28.9)",
        "savesPerGame": 28.3,
        "savesPerGameLast1": 41.0,
        "savesPerGameLast3": 35.3,
        "savesPerGameLast5": 32.2,
        "savesPer60": 28.0,
        "savesPer60Last1": 41.0,
        "savesPer60Last3": 35.4,
        "savesPer60Last5": 31.9,
        "shotsPerGame": 29.3,
        "shotsPerGameLast5": 28.2,
        "shotsAgainstPerGame": 31.6,
        "shotsAgainstPerGameLast5": 36.2,
        "oppSavesAgainstPer60": 28.9,
        "oppSavesAgainstPer60Last1": 26.8,
        "oppSavesAgainstPer60Last3": 31.0,
        "oppSavesAgainstPer60Last5": 30.4,
        "oppShotsAgainstPerGame": 30.7,
        "oppShotsAgainstPerGameLast5": 36.2,
        "savesProj": 28.3,
        "savesProjLast5": 33.4,
        "savesProjLast3": 37.9,
        "oppSavesAgainstProj": 28.4,
        "oppSavesAgainstProjLast5": 31.9,
        "oppSavesAgainstProjLast3": 35.1,
        "totalOver": 57,
        "totalOverLast5": 40,
        "lastTotalOver": 49,
        "last5": "2,4,0,1,0,2,5,3,3,2",
        "overOdds": "-155",
        "underOdds": "+125",
        "overUnder": "-155 / +125"
    },
    {
        "player": "Owen Tippett",
        "team": "PHI",
        "opponent": "MIN",
        "propType": "sog",
        "line": 3.5,
        "ppLine": "PP1",
        "avg": 2.94,
        "hit": false,
        "diffAvg": -0.16,
        "diffAbs": 0.31,
        "lastAvg": 2.0,
        "diff": -0.43,
        "avgMin": 16,
        "proj": 2.4,
        "lastAvgMin": 13.42,
        "oppOver": 0,
        "teamOver": 0,
        "gameLine": "+135",
        "+/-": -12,
        "L5_+/-": 0.0,
        "prevMatchup": "2023-01-26 4.0 sog",
        "winLossSplits": "2.71 - 2.69",
        "awayHome": "H",
        "playedYesterday": "N",
        "awayHomeSplits": "3.0 - 2.88",
        "savesAboveExp": 0.594,
        "gsaa": 26.53,
        "corsi": "46.4% (53.6) // 45.0% (51.6) // 41.9% (48.9) // 36.4% (42.6)",
        "fenwick": "47.4% (40.0) // 46.4% (39.9) // 43.0% (38.4) // 38.8% (34.6)",
        "shots": "48.1% (29.0) // 45.7% (28.2) // 42.2% (27.2) // 40.5% (26.3)",
        "scoring": "44.6% (25.5) // 44.9% (26.1) // 44.6% (27.7) // 41.5% (25.3)",
        "corsiAgainst": "53.6% (61.9) // 55.0% (63.0) // 58.1% (67.9) // 63.6% (74.5)",
        "fenwickAgainst": "52.6% (44.4) // 53.6% (46.1) // 57.0% (50.9) // 61.2% (54.5)",
        "shotsAgainst": "51.9% (31.3) // 54.3% (33.4) // 57.8% (37.2) // 59.5% (38.6)",
        "scoringAgainst": "55.4% (31.7) // 55.1% (31.9) // 55.4% (34.4) // 58.5% (35.6)",
        "oppCorsi": "50.4% (57.9) // 49.0% (57.5) // 48.5% (57.6) // 48.5% (59.4)",
        "oppFenwick": "51.4% (43.7) // 50.9% (45.2) // 49.0% (46.5) // 49.0% (47.4)",
        "oppShots": "50.6% (30.9) // 48.9% (32.2) // 46.1% (33.1) // 45.0% (32.4)",
        "oppScoring": "51.1% (28.6) // 50.8% (29.4) // 49.6% (27.9) // 50.0% (28.9)",
        "oppCorsiAgainst": "49.6% (57.0) // 51.0% (60.0) // 51.5% (61.2) // 51.5% (62.9)",
        "oppFenwickAgainst": "48.6% (41.4) // 49.1% (43.7) // 51.0% (48.5) // 51.0% (49.3)",
        "oppShotsAgainst": "49.4% (30.1) // 51.1% (33.7) // 53.9% (38.7) // 55.0% (39.6)",
        "oppScoringAgainst": "48.9% (27.3) // 49.2% (28.4) // 50.4% (28.4) // 50.0% (28.9)",
        "savesPerGame": 28.3,
        "savesPerGameLast1": 41.0,
        "savesPerGameLast3": 35.3,
        "savesPerGameLast5": 32.2,
        "savesPer60": 28.0,
        "savesPer60Last1": 41.0,
        "savesPer60Last3": 35.4,
        "savesPer60Last5": 31.9,
        "shotsPerGame": 29.3,
        "shotsPerGameLast5": 28.2,
        "shotsAgainstPerGame": 31.6,
        "shotsAgainstPerGameLast5": 36.2,
        "oppSavesAgainstPer60": 28.9,
        "oppSavesAgainstPer60Last1": 26.8,
        "oppSavesAgainstPer60Last3": 31.0,
        "oppSavesAgainstPer60Last5": 30.4,
        "oppShotsAgainstPerGame": 30.7,
        "oppShotsAgainstPerGameLast5": 36.2,
        "savesProj": 28.3,
        "savesProjLast5": 33.4,
        "savesProjLast3": 37.9,
        "oppSavesAgainstProj": 28.4,
        "oppSavesAgainstProjLast5": 31.9,
        "oppSavesAgainstProjLast3": 35.1,
        "totalOver": 28,
        "totalOverLast5": 40,
        "lastTotalOver": 18,
        "last5": "2,3,7,3,8,3,9,3,4,1",
        "overOdds": "+120",
        "underOdds": "-150",
        "overUnder": "+120 / -150"
    },
    {
        "player": "Ryan Hartman",
        "team": "MIN",
        "opponent": "PHI",
        "propType": "sog",
        "line": 2.5,
        "ppLine": "PP1",
        "avg": 2.53,
        "hit": false,
        "diffAvg": 0.01,
        "diffAbs": 0.04,
        "lastAvg": 2.72,
        "diff": 0.09,
        "avgMin": 16,
        "proj": 2.4,
        "lastAvgMin": 18.17,
        "oppOver": 0,
        "teamOver": 0,
        "gameLine": "-155",
        "+/-": "+4",
        "L5_+/-": "+4.0",
        "prevMatchup": "",
        "winLossSplits": "2.68 - 2.48",
        "awayHome": "A",
        "playedYesterday": "N",
        "awayHomeSplits": "2.85 - 2.14",
        "savesAboveExp": 0.493,
        "gsaa": 5.7,
        "corsi": "50.4% (57.9) // 49.0% (57.5) // 48.5% (57.6) // 48.5% (59.4)",
        "fenwick": "51.4% (43.7) // 50.9% (45.2) // 49.0% (46.5) // 49.0% (47.4)",
        "shots": "50.6% (30.9) // 48.9% (32.2) // 46.1% (33.1) // 45.0% (32.4)",
        "scoring": "51.1% (28.6) // 50.8% (29.4) // 49.6% (27.9) // 50.0% (28.9)",
        "corsiAgainst": "49.6% (57.0) // 51.0% (60.0) // 51.5% (61.2) // 51.5% (62.9)",
        "fenwickAgainst": "48.6% (41.4) // 49.1% (43.7) // 51.0% (48.5) // 51.0% (49.3)",
        "shotsAgainst": "49.4% (30.1) // 51.1% (33.7) // 53.9% (38.7) // 55.0% (39.6)",
        "scoringAgainst": "48.9% (27.3) // 49.2% (28.4) // 50.4% (28.4) // 50.0% (28.9)",
        "oppCorsi": "46.4% (53.6) // 45.0% (51.6) // 41.9% (48.9) // 36.4% (42.6)",
        "oppFenwick": "47.4% (40.0) // 46.4% (39.9) // 43.0% (38.4) // 38.8% (34.6)",
        "oppShots": "48.1% (29.0) // 45.7% (28.2) // 42.2% (27.2) // 40.5% (26.3)",
        "oppScoring": "44.6% (25.5) // 44.9% (26.1) // 44.6% (27.7) // 41.5% (25.3)",
        "oppCorsiAgainst": "53.6% (61.9) // 55.0% (63.0) // 58.1% (67.9) // 63.6% (74.5)",
        "oppFenwickAgainst": "52.6% (44.4) // 53.6% (46.1) // 57.0% (50.9) // 61.2% (54.5)",
        "oppShotsAgainst": "51.9% (31.3) // 54.3% (33.4) // 57.8% (37.2) // 59.5% (38.6)",
        "oppScoringAgainst": "55.4% (31.7) // 55.1% (31.9) // 55.4% (34.4) // 58.5% (35.6)",
        "savesPerGame": 28.1,
        "savesPerGameLast1": 47.0,
        "savesPerGameLast3": 37.7,
        "savesPerGameLast5": 32.4,
        "savesPer60": 28.3,
        "savesPer60Last1": 50.9,
        "savesPer60Last3": 38.2,
        "savesPer60Last5": 33.1,
        "shotsPerGame": 31.5,
        "shotsPerGameLast5": 33.8,
        "shotsAgainstPerGame": 30.7,
        "shotsAgainstPerGameLast5": 36.2,
        "oppSavesAgainstPer60": 26.6,
        "oppSavesAgainstPer60Last1": 17.9,
        "oppSavesAgainstPer60Last3": 21.3,
        "oppSavesAgainstPer60Last5": 24.8,
        "oppShotsAgainstPerGame": 31.6,
        "oppShotsAgainstPerGameLast5": 36.2,
        "savesProj": 26.9,
        "savesProjLast5": 28.8,
        "savesProjLast3": 29.1,
        "oppSavesAgainstProj": 26.8,
        "oppSavesAgainstProjLast5": 28.7,
        "oppSavesAgainstProjLast3": 27.0,
        "totalOver": 51,
        "totalOverLast5": 60,
        "lastTotalOver": 51,
        "last5": "0,3,2,5,3,3,4,2,4,2",
        "overOdds": "-130",
        "underOdds": "+100",
        "overUnder": "-130 / +100"
    },
    {
        "player": "Tony Deangelo",
        "team": "PHI",
        "opponent": "MIN",
        "propType": "sog",
        "line": 2.5,
        "ppLine": "PP1",
        "avg": 2.41,
        "hit": false,
        "diffAvg": -0.04,
        "diffAbs": 0.12,
        "lastAvg": 1.94,
        "diff": -0.22,
        "avgMin": 22,
        "proj": 2.2,
        "lastAvgMin": 19.8,
        "oppOver": 0,
        "teamOver": 0,
        "gameLine": "+135",
        "+/-": -23,
        "L5_+/-": -1.0,
        "prevMatchup": "2023-01-26 4.0 sog",
        "winLossSplits": "2.68 - 2.24",
        "awayHome": "H",
        "playedYesterday": "N",
        "awayHomeSplits": "2.41 - 2.41",
        "savesAboveExp": 0.594,
        "gsaa": 26.53,
        "corsi": "46.4% (53.6) // 45.0% (51.6) // 41.9% (48.9) // 36.4% (42.6)",
        "fenwick": "47.4% (40.0) // 46.4% (39.9) // 43.0% (38.4) // 38.8% (34.6)",
        "shots": "48.1% (29.0) // 45.7% (28.2) // 42.2% (27.2) // 40.5% (26.3)",
        "scoring": "44.6% (25.5) // 44.9% (26.1) // 44.6% (27.7) // 41.5% (25.3)",
        "corsiAgainst": "53.6% (61.9) // 55.0% (63.0) // 58.1% (67.9) // 63.6% (74.5)",
        "fenwickAgainst": "52.6% (44.4) // 53.6% (46.1) // 57.0% (50.9) // 61.2% (54.5)",
        "shotsAgainst": "51.9% (31.3) // 54.3% (33.4) // 57.8% (37.2) // 59.5% (38.6)",
        "scoringAgainst": "55.4% (31.7) // 55.1% (31.9) // 55.4% (34.4) // 58.5% (35.6)",
        "oppCorsi": "50.4% (57.9) // 49.0% (57.5) // 48.5% (57.6) // 48.5% (59.4)",
        "oppFenwick": "51.4% (43.7) // 50.9% (45.2) // 49.0% (46.5) // 49.0% (47.4)",
        "oppShots": "50.6% (30.9) // 48.9% (32.2) // 46.1% (33.1) // 45.0% (32.4)",
        "oppScoring": "51.1% (28.6) // 50.8% (29.4) // 49.6% (27.9) // 50.0% (28.9)",
        "oppCorsiAgainst": "49.6% (57.0) // 51.0% (60.0) // 51.5% (61.2) // 51.5% (62.9)",
        "oppFenwickAgainst": "48.6% (41.4) // 49.1% (43.7) // 51.0% (48.5) // 51.0% (49.3)",
        "oppShotsAgainst": "49.4% (30.1) // 51.1% (33.7) // 53.9% (38.7) // 55.0% (39.6)",
        "oppScoringAgainst": "48.9% (27.3) // 49.2% (28.4) // 50.4% (28.4) // 50.0% (28.9)",
        "savesPerGame": 28.3,
        "savesPerGameLast1": 41.0,
        "savesPerGameLast3": 35.3,
        "savesPerGameLast5": 32.2,
        "savesPer60": 28.0,
        "savesPer60Last1": 41.0,
        "savesPer60Last3": 35.4,
        "savesPer60Last5": 31.9,
        "shotsPerGame": 29.3,
        "shotsPerGameLast5": 28.2,
        "shotsAgainstPerGame": 31.6,
        "shotsAgainstPerGameLast5": 36.2,
        "oppSavesAgainstPer60": 28.9,
        "oppSavesAgainstPer60Last1": 26.8,
        "oppSavesAgainstPer60Last3": 31.0,
        "oppSavesAgainstPer60Last5": 30.4,
        "oppShotsAgainstPerGame": 30.7,
        "oppShotsAgainstPerGameLast5": 36.2,
        "savesProj": 28.3,
        "savesProjLast5": 33.4,
        "savesProjLast3": 37.9,
        "oppSavesAgainstProj": 28.4,
        "oppSavesAgainstProjLast5": 31.9,
        "oppSavesAgainstProjLast3": 35.1,
        "totalOver": 43,
        "totalOverLast5": 0,
        "lastTotalOver": 51,
        "last5": "2,2,2,2,2,2,1,2,3,0",
        "overOdds": "+135",
        "underOdds": "-165",
        "overUnder": "+135 / -165"
    },
    {
        "player": "Brad Marchand",
        "team": "BOS",
        "opponent": "MTL",
        "propType": "sog",
        "line": 2.5,
        "ppLine": "PP1",
        "avg": 2.56,
        "hit": false,
        "diffAvg": 0.02,
        "diffAbs": 0.16,
        "lastAvg": 3.14,
        "diff": 0.26,
        "avgMin": 18,
        "proj": 2.9,
        "lastAvgMin": 19.25,
        "oppOver": 0,
        "teamOver": 0,
        "gameLine": "-410",
        "+/-": "+26",
        "L5_+/-": "+1.0",
        "prevMatchup": "2023-01-24 2.0 sog",
        "winLossSplits": "2.18 - 3.38",
        "awayHome": "H",
        "playedYesterday": "N",
        "awayHomeSplits": "2.85 - 2.24",
        "savesAboveExp": 0.116,
        "gsaa": -15.42,
        "corsi": "51.4% (58.0) // 53.2% (59.4) // 49.3% (56.4) // 47.8% (54.7)",
        "fenwick": "51.8% (43.8) // 52.3% (44.7) // 49.9% (44.6) // 48.0% (43.7)",
        "shots": "52.6% (32.6) // 52.7% (32.9) // 50.1% (32.8) // 50.0% (32.7)",
        "scoring": "53.0% (32.2) // 56.1% (35.2) // 52.4% (33.2) // 51.8% (33.0)",
        "corsiAgainst": "48.6% (54.9) // 46.8% (52.3) // 50.7% (58.0) // 52.2% (59.7)",
        "fenwickAgainst": "48.2% (40.8) // 47.7% (40.7) // 50.1% (44.8) // 52.0% (47.3)",
        "shotsAgainst": "47.4% (29.4) // 47.3% (29.5) // 49.9% (32.6) // 50.0% (32.7)",
        "scoringAgainst": "47.0% (28.6) // 43.9% (27.5) // 47.6% (30.2) // 48.2% (30.7)",
        "oppCorsi": "44.4% (50.7) // 39.7% (46.0) // 36.8% (41.6) // 36.1% (39.0)",
        "oppFenwick": "44.4% (36.9) // 40.8% (33.6) // 38.9% (32.6) // 39.4% (31.5)",
        "oppShots": "44.5% (27.0) // 40.1% (23.8) // 36.8% (22.4) // 35.6% (20.5)",
        "oppScoring": "42.4% (25.1) // 37.7% (20.9) // 32.3% (18.4) // 33.0% (17.0)",
        "oppCorsiAgainst": "55.6% (63.6) // 60.3% (69.8) // 63.2% (71.4) // 63.9% (69.0)",
        "oppFenwickAgainst": "55.6% (46.3) // 59.2% (48.9) // 61.1% (51.2) // 60.6% (48.5)",
        "oppShotsAgainst": "55.5% (33.7) // 59.9% (35.6) // 63.2% (38.4) // 64.3% (37.0)",
        "oppScoringAgainst": "57.6% (34.1) // 62.3% (34.5) // 67.7% (38.6) // 67.0% (34.5)",
        "savesPerGame": 27.6,
        "savesPerGameLast1": 40.0,
        "savesPerGameLast3": 31.7,
        "savesPerGameLast5": 30.8,
        "savesPer60": 27.8,
        "savesPer60Last1": 40.0,
        "savesPer60Last3": 31.6,
        "savesPer60Last5": 30.7,
        "shotsPerGame": 32.9,
        "shotsPerGameLast5": 32.8,
        "shotsAgainstPerGame": 29.7,
        "shotsAgainstPerGameLast5": 32.6,
        "oppSavesAgainstPer60": 24.7,
        "oppSavesAgainstPer60Last1": 17.0,
        "oppSavesAgainstPer60Last3": 20.0,
        "oppSavesAgainstPer60Last5": 18.2,
        "oppShotsAgainstPerGame": 34.1,
        "oppShotsAgainstPerGameLast5": 38.4,
        "savesProj": 22.5,
        "savesProjLast5": 18.4,
        "savesProjLast3": 20.8,
        "oppSavesAgainstProj": 23.9,
        "oppSavesAgainstProjLast5": 20.0,
        "oppSavesAgainstProjLast3": 21.6,
        "totalOver": 44,
        "totalOverLast5": 20,
        "lastTotalOver": 61,
        "last5": "2,0,1,1,6,4,0,3,2,2",
        "overOdds": "-125",
        "underOdds": "-105",
        "overUnder": "-125 / -105"
    },
    {
        "player": "Brendan Gallagher",
        "team": "MTL",
        "opponent": "BOS",
        "propType": "sog",
        "line": 2.5,
        "ppLine": "PP2",
        "avg": 2.23,
        "hit": false,
        "diffAvg": -0.11,
        "diffAbs": 0.04,
        "lastAvg": 2.54,
        "diff": 0.02,
        "avgMin": 14,
        "proj": 2.4,
        "lastAvgMin": 15.02,
        "oppOver": 0,
        "teamOver": 0,
        "gameLine": "+330",
        "+/-": -6,
        "L5_+/-": -2.0,
        "prevMatchup": "",
        "winLossSplits": "2.36 - 2.23",
        "awayHome": "A",
        "playedYesterday": "N",
        "awayHomeSplits": "2.77 - 1.69",
        "savesAboveExp": 0.892,
        "gsaa": 41.73,
        "corsi": "44.4% (50.7) // 39.7% (46.0) // 36.8% (41.6) // 36.1% (39.0)",
        "fenwick": "44.4% (36.9) // 40.8% (33.6) // 38.9% (32.6) // 39.4% (31.5)",
        "shots": "44.5% (27.0) // 40.1% (23.8) // 36.8% (22.4) // 35.6% (20.5)",
        "scoring": "42.4% (25.1) // 37.7% (20.9) // 32.3% (18.4) // 33.0% (17.0)",
        "corsiAgainst": "55.6% (63.6) // 60.3% (69.8) // 63.2% (71.4) // 63.9% (69.0)",
        "fenwickAgainst": "55.6% (46.3) // 59.2% (48.9) // 61.1% (51.2) // 60.6% (48.5)",
        "shotsAgainst": "55.5% (33.7) // 59.9% (35.6) // 63.2% (38.4) // 64.3% (37.0)",
        "scoringAgainst": "57.6% (34.1) // 62.3% (34.5) // 67.7% (38.6) // 67.0% (34.5)",
        "oppCorsi": "51.4% (58.0) // 53.2% (59.4) // 49.3% (56.4) // 47.8% (54.7)",
        "oppFenwick": "51.8% (43.8) // 52.3% (44.7) // 49.9% (44.6) // 48.0% (43.7)",
        "oppShots": "52.6% (32.6) // 52.7% (32.9) // 50.1% (32.8) // 50.0% (32.7)",
        "oppScoring": "53.0% (32.2) // 56.1% (35.2) // 52.4% (33.2) // 51.8% (33.0)",
        "oppCorsiAgainst": "48.6% (54.9) // 46.8% (52.3) // 50.7% (58.0) // 52.2% (59.7)",
        "oppFenwickAgainst": "48.2% (40.8) // 47.7% (40.7) // 50.1% (44.8) // 52.0% (47.3)",
        "oppShotsAgainst": "47.4% (29.4) // 47.3% (29.5) // 49.9% (32.6) // 50.0% (32.7)",
        "oppScoringAgainst": "47.0% (28.6) // 43.9% (27.5) // 47.6% (30.2) // 48.2% (30.7)",
        "savesPerGame": 30.4,
        "savesPerGameLast1": 31.0,
        "savesPerGameLast3": 33.3,
        "savesPerGameLast5": 32.8,
        "savesPer60": 30.4,
        "savesPer60Last1": 31.0,
        "savesPer60Last3": 33.2,
        "savesPer60Last5": 32.7,
        "shotsPerGame": 27.3,
        "shotsPerGameLast5": 22.4,
        "shotsAgainstPerGame": 34.1,
        "shotsAgainstPerGameLast5": 38.4,
        "oppSavesAgainstPer60": 29.1,
        "oppSavesAgainstPer60Last1": 33.0,
        "oppSavesAgainstPer60Last3": 28.8,
        "oppSavesAgainstPer60Last5": 29.2,
        "oppShotsAgainstPerGame": 29.7,
        "oppShotsAgainstPerGameLast5": 32.6,
        "savesProj": 31.9,
        "savesProjLast5": 33.9,
        "savesProjLast3": 33.4,
        "oppSavesAgainstProj": 31.1,
        "oppSavesAgainstProjLast5": 31.6,
        "oppSavesAgainstProjLast3": 31.9,
        "totalOver": 38,
        "totalOverLast5": 20,
        "lastTotalOver": 50,
        "last5": "1,1,2,3,2,2,1,1,3,2",
        "overOdds": "+145",
        "underOdds": "-180",
        "overUnder": "+145 / -180"
    },
    {
        "player": "David Pastrnak",
        "team": "BOS",
        "opponent": "MTL",
        "propType": "sog",
        "line": 4.5,
        "ppLine": "PP1",
        "avg": 4.76,
        "hit": false,
        "diffAvg": 0.06,
        "diffAbs": 0.11,
        "lastAvg": 3.95,
        "diff": -0.12,
        "avgMin": 19,
        "proj": 4.0,
        "lastAvgMin": 18.6,
        "oppOver": 0,
        "teamOver": 0,
        "gameLine": "-410",
        "+/-": "+30",
        "L5_+/-": "+3.0",
        "prevMatchup": "2023-01-24 7.0 sog",
        "winLossSplits": "4.72 - 4.29",
        "awayHome": "H",
        "playedYesterday": "N",
        "awayHomeSplits": "4.61 - 4.91",
        "savesAboveExp": 0.116,
        "gsaa": -15.42,
        "corsi": "51.4% (58.0) // 53.2% (59.4) // 49.3% (56.4) // 47.8% (54.7)",
        "fenwick": "51.8% (43.8) // 52.3% (44.7) // 49.9% (44.6) // 48.0% (43.7)",
        "shots": "52.6% (32.6) // 52.7% (32.9) // 50.1% (32.8) // 50.0% (32.7)",
        "scoring": "53.0% (32.2) // 56.1% (35.2) // 52.4% (33.2) // 51.8% (33.0)",
        "corsiAgainst": "48.6% (54.9) // 46.8% (52.3) // 50.7% (58.0) // 52.2% (59.7)",
        "fenwickAgainst": "48.2% (40.8) // 47.7% (40.7) // 50.1% (44.8) // 52.0% (47.3)",
        "shotsAgainst": "47.4% (29.4) // 47.3% (29.5) // 49.9% (32.6) // 50.0% (32.7)",
        "scoringAgainst": "47.0% (28.6) // 43.9% (27.5) // 47.6% (30.2) // 48.2% (30.7)",
        "oppCorsi": "44.4% (50.7) // 39.7% (46.0) // 36.8% (41.6) // 36.1% (39.0)",
        "oppFenwick": "44.4% (36.9) // 40.8% (33.6) // 38.9% (32.6) // 39.4% (31.5)",
        "oppShots": "44.5% (27.0) // 40.1% (23.8) // 36.8% (22.4) // 35.6% (20.5)",
        "oppScoring": "42.4% (25.1) // 37.7% (20.9) // 32.3% (18.4) // 33.0% (17.0)",
        "oppCorsiAgainst": "55.6% (63.6) // 60.3% (69.8) // 63.2% (71.4) // 63.9% (69.0)",
        "oppFenwickAgainst": "55.6% (46.3) // 59.2% (48.9) // 61.1% (51.2) // 60.6% (48.5)",
        "oppShotsAgainst": "55.5% (33.7) // 59.9% (35.6) // 63.2% (38.4) // 64.3% (37.0)",
        "oppScoringAgainst": "57.6% (34.1) // 62.3% (34.5) // 67.7% (38.6) // 67.0% (34.5)",
        "savesPerGame": 27.6,
        "savesPerGameLast1": 40.0,
        "savesPerGameLast3": 31.7,
        "savesPerGameLast5": 30.8,
        "savesPer60": 27.8,
        "savesPer60Last1": 40.0,
        "savesPer60Last3": 31.6,
        "savesPer60Last5": 30.7,
        "shotsPerGame": 32.9,
        "shotsPerGameLast5": 32.8,
        "shotsAgainstPerGame": 29.7,
        "shotsAgainstPerGameLast5": 32.6,
        "oppSavesAgainstPer60": 24.7,
        "oppSavesAgainstPer60Last1": 17.0,
        "oppSavesAgainstPer60Last3": 20.0,
        "oppSavesAgainstPer60Last5": 18.2,
        "oppShotsAgainstPerGame": 34.1,
        "oppShotsAgainstPerGameLast5": 38.4,
        "savesProj": 22.5,
        "savesProjLast5": 18.4,
        "savesProjLast3": 20.8,
        "oppSavesAgainstProj": 23.9,
        "oppSavesAgainstProjLast5": 20.0,
        "oppSavesAgainstProjLast3": 21.6,
        "totalOver": 57,
        "totalOverLast5": 80,
        "lastTotalOver": 46,
        "last5": "7,5,6,5,3,2,7,6,3,4",
        "overOdds": "-120",
        "underOdds": "-110",
        "overUnder": "-120 / -110"
    },
    {
        "player": "Denis Gurianov",
        "team": "MTL",
        "opponent": "BOS",
        "propType": "sog",
        "line": 1.5,
        "ppLine": "PP2",
        "avg": 2.67,
        "hit": false,
        "diffAvg": 0.78,
        "diffAbs": 1.0,
        "lastAvg": 0,
        "diff": 0,
        "avgMin": 15,
        "proj": 0.0,
        "lastAvgMin": 0,
        "oppOver": 0,
        "teamOver": 0,
        "gameLine": "+330",
        "+/-": -4,
        "L5_+/-": -5.0,
        "prevMatchup": "",
        "winLossSplits": "3.35 - 2.26",
        "awayHome": "A",
        "playedYesterday": "N",
        "awayHomeSplits": "3.0 - 2.2",
        "savesAboveExp": 0.892,
        "gsaa": 41.73,
        "corsi": "44.4% (50.7) // 39.7% (46.0) // 36.8% (41.6) // 36.1% (39.0)",
        "fenwick": "44.4% (36.9) // 40.8% (33.6) // 38.9% (32.6) // 39.4% (31.5)",
        "shots": "44.5% (27.0) // 40.1% (23.8) // 36.8% (22.4) // 35.6% (20.5)",
        "scoring": "42.4% (25.1) // 37.7% (20.9) // 32.3% (18.4) // 33.0% (17.0)",
        "corsiAgainst": "55.6% (63.6) // 60.3% (69.8) // 63.2% (71.4) // 63.9% (69.0)",
        "fenwickAgainst": "55.6% (46.3) // 59.2% (48.9) // 61.1% (51.2) // 60.6% (48.5)",
        "shotsAgainst": "55.5% (33.7) // 59.9% (35.6) // 63.2% (38.4) // 64.3% (37.0)",
        "scoringAgainst": "57.6% (34.1) // 62.3% (34.5) // 67.7% (38.6) // 67.0% (34.5)",
        "oppCorsi": "51.4% (58.0) // 53.2% (59.4) // 49.3% (56.4) // 47.8% (54.7)",
        "oppFenwick": "51.8% (43.8) // 52.3% (44.7) // 49.9% (44.6) // 48.0% (43.7)",
        "oppShots": "52.6% (32.6) // 52.7% (32.9) // 50.1% (32.8) // 50.0% (32.7)",
        "oppScoring": "53.0% (32.2) // 56.1% (35.2) // 52.4% (33.2) // 51.8% (33.0)",
        "oppCorsiAgainst": "48.6% (54.9) // 46.8% (52.3) // 50.7% (58.0) // 52.2% (59.7)",
        "oppFenwickAgainst": "48.2% (40.8) // 47.7% (40.7) // 50.1% (44.8) // 52.0% (47.3)",
        "oppShotsAgainst": "47.4% (29.4) // 47.3% (29.5) // 49.9% (32.6) // 50.0% (32.7)",
        "oppScoringAgainst": "47.0% (28.6) // 43.9% (27.5) // 47.6% (30.2) // 48.2% (30.7)",
        "savesPerGame": 30.4,
        "savesPerGameLast1": 31.0,
        "savesPerGameLast3": 33.3,
        "savesPerGameLast5": 32.8,
        "savesPer60": 30.4,
        "savesPer60Last1": 31.0,
        "savesPer60Last3": 33.2,
        "savesPer60Last5": 32.7,
        "shotsPerGame": 27.3,
        "shotsPerGameLast5": 22.4,
        "shotsAgainstPerGame": 34.1,
        "shotsAgainstPerGameLast5": 38.4,
        "oppSavesAgainstPer60": 29.1,
        "oppSavesAgainstPer60Last1": 33.0,
        "oppSavesAgainstPer60Last3": 28.8,
        "oppSavesAgainstPer60Last5": 29.2,
        "oppShotsAgainstPerGame": 29.7,
        "oppShotsAgainstPerGameLast5": 32.6,
        "savesProj": 31.9,
        "savesProjLast5": 33.9,
        "savesProjLast3": 33.4,
        "oppSavesAgainstProj": 31.1,
        "oppSavesAgainstProjLast5": 31.6,
        "oppSavesAgainstProjLast3": 31.9,
        "totalOver": 83,
        "totalOverLast5": 60,
        "lastTotalOver": 0,
        "last5": "1,2,1,4,2,4,2,2,2,4",
        "overOdds": "-150",
        "underOdds": "+120",
        "overUnder": "-150 / +120"
    },
    {
        "player": "Hampus Lindholm",
        "team": "BOS",
        "opponent": "MTL",
        "propType": "sog",
        "line": 1.5,
        "ppLine": "PP1",
        "avg": 2.04,
        "hit": false,
        "diffAvg": 0.36,
        "diffAbs": 0.27,
        "lastAvg": 1.89,
        "diff": 0.26,
        "avgMin": 23,
        "proj": 1.9,
        "lastAvgMin": 22.5,
        "oppOver": 0,
        "teamOver": 0,
        "gameLine": "-410",
        "+/-": "+45",
        "L5_+/-": "+8.0",
        "prevMatchup": "2023-01-24 1.0 sog",
        "winLossSplits": "1.99 - 2.13",
        "awayHome": "H",
        "playedYesterday": "N",
        "awayHomeSplits": "2.0 - 2.09",
        "savesAboveExp": 0.116,
        "gsaa": -15.42,
        "corsi": "51.4% (58.0) // 53.2% (59.4) // 49.3% (56.4) // 47.8% (54.7)",
        "fenwick": "51.8% (43.8) // 52.3% (44.7) // 49.9% (44.6) // 48.0% (43.7)",
        "shots": "52.6% (32.6) // 52.7% (32.9) // 50.1% (32.8) // 50.0% (32.7)",
        "scoring": "53.0% (32.2) // 56.1% (35.2) // 52.4% (33.2) // 51.8% (33.0)",
        "corsiAgainst": "48.6% (54.9) // 46.8% (52.3) // 50.7% (58.0) // 52.2% (59.7)",
        "fenwickAgainst": "48.2% (40.8) // 47.7% (40.7) // 50.1% (44.8) // 52.0% (47.3)",
        "shotsAgainst": "47.4% (29.4) // 47.3% (29.5) // 49.9% (32.6) // 50.0% (32.7)",
        "scoringAgainst": "47.0% (28.6) // 43.9% (27.5) // 47.6% (30.2) // 48.2% (30.7)",
